#          i      x              y              z              v_x            v_y            v_z            Mvir           Rvir     Rs (Rockstar)       v_max           Mdm           Mgas           Mstars    Avg age of stars     xc             yc             zc      flag DM only  flag outside Rvir  Np bound
# (h^-1 comoving Mpc) (h^-1 comoving Mpc) (h^-1 comoving Mpc) (km/s)         (km/s)         (km/s)         (Msun)         (kpc)         (kpc)           (km/s)         (Msun)         (Msun)         (Msun)         (yrs)          (kpc)          (kpc)          (kpc)
           1    10.0984        10.0020        9.79718       -26.8549       -4.61788        87.6803       0.226336E+12    62.8570        6.28570        140.680       0.209624E+12   0.962938E+10   0.708210E+10   0.372593E+10    0.00000        0.00000        0.00000               0           0     2253625
           2    10.0485        9.97020        9.94900       -13.8574        12.5542       -51.1143       0.684851E+11    35.7657        3.57657        68.6800       0.573227E+11   0.104874E+11   0.674960E+09   0.438690E+09   -23.5115       -14.9923        71.5766               0           1      377627
           4    9.84054        9.75003        9.64037        20.0012        105.042        97.0112       0.445868E+10    17.0352        1.70352        35.8600       0.428727E+10   0.158755E+09   0.126627E+08   0.297564E+08   -121.570       -118.793       -73.9291               0           1       48469
           6    9.51023        9.82130        9.78755       -3.62442        21.8032        76.5481       0.401081E+10    15.8848        1.58848        31.4400       0.350101E+10   0.501715E+09   0.808483E+07   0.130668E+08   -277.297       -85.1922       -4.54013               0           1       43736
           7    9.91944        9.87579        10.5711        7.91006       -4.45973        38.9593       0.360294E+10    15.6316        1.56316        29.0300       0.329059E+10   0.308567E+09   0.378657E+07   0.308275E+07   -84.3719       -59.5026        364.875               0           1       32570
           8    10.2355        9.69162        9.54336        40.2246        87.8275        102.632       0.229863E+10    13.2814        1.32814        28.2700       0.205311E+10   0.238603E+09   0.691357E+07   0.149375E+08    64.6367       -146.331       -119.665               0           1       31761
           9    10.0869        9.97957        9.84249        93.3967        173.805        125.288       0.123923E+11    12.7440        1.27440        28.9500       0.107819E+11   0.146420E+10   0.146124E+09   0.100115E+09   -5.39818       -10.5748        21.3617               0           0       30218
          10    9.44539        9.82120        9.99138       -9.19572        22.2151        29.8035       0.302435E+10    15.2997        1.52997        30.4600       0.289433E+10   0.127365E+09   0.265718E+07   0.417126E+07   -307.866       -85.2394        91.5569               0           1       28344
          11    9.79290        9.86874        9.19834        4.96258        12.7302        126.109       0.295838E+10    14.8957        1.48957        29.0100       0.283629E+10   0.121121E+09    973911.       0.137510E+07   -144.030       -62.8263       -282.327               0           1       26002
          12    9.39687        9.77376        9.77873       -18.8577        104.313        77.2234       0.426315E+10    12.9971        1.29971        24.1800       0.376931E+10   0.492982E+09    860703.       0.226953E+07   -330.741       -107.605       -8.69838               0           1       21804
          13    10.1007        9.94328        10.3008       -41.8224       -10.9362        2.21345       0.194220E+10    12.7807        1.27807        28.0000       0.179197E+10   0.146926E+09   0.330878E+07   0.110793E+08    1.09378       -27.6839        237.454               0           1       21285
          14    10.0933        9.93199        9.98757       -59.7392        17.6656        14.5512       0.251253E+10    11.4724        1.14724        25.3600       0.224343E+10   0.264570E+09   0.452813E+07   0.934455E+07   -2.41857       -33.0067        89.7606               0           1       20345
          15    9.45902        10.5129        9.97065       -12.6774       -13.4044        41.2609       0.166534E+10    12.4370        1.24370        25.3500       0.165296E+10   0.118076E+08    568417.       0.361516E+07   -301.440        240.872        81.7836               0           1       18171
          16    10.1121        10.1145        9.77101       -25.8947        24.8309        53.0579       0.759535E+09    7.61639       0.761639        14.1400       0.755231E+09    913108.       0.339055E+07   0.113392E+08    6.47782        53.0530       -12.3380               0           0       15566
          17    10.2409        10.4081        9.67478       -32.4871       -36.7932        65.7267       0.140959E+10    11.0712        1.10712        24.7700       0.124333E+10   0.164879E+09   0.137790E+07   0.724218E+07    67.1684        191.473       -57.7063               0           1       15401
          18    10.4752        9.86945        9.55703       -58.6214       -17.4513        99.3332       0.133077E+10    11.4017        1.14017        24.1000       0.124724E+10   0.827728E+08    757661.       0.273374E+07    177.664       -62.4916       -113.220               0           1       14488
          19    10.0037        9.84004        9.15285        5.84311        9.81454        122.280       0.143703E+10    11.8934        1.18935        23.5100       0.143347E+10   0.297757E+07    578796.       0.469968E+07   -44.6422       -76.3571       -303.774               0           1       14461
          20    10.0789        9.95628        9.78718        135.999        144.058        55.7331       0.404198E+10    10.3584        1.03584        24.0700       0.384485E+10   0.189394E+09   0.772828E+07   0.954668E+07   -9.17455       -21.5550       -4.71457               0           0       14399
          21    10.1730        9.92224        10.2947       -53.7159        11.7694       -1.39762       0.105314E+10    10.5479        1.05479        23.3900       0.100339E+10   0.473918E+08   0.235386E+07   0.508626E+07    35.1801       -37.6034        234.564               0           1       13706
          22    10.0265        9.96210        9.97058       -85.0008       -4.15599       -87.1586       0.482476E+10    9.67430       0.967430        25.9700       0.425002E+10   0.497879E+09   0.768608E+08   0.253217E+08   -33.9119       -18.8111        81.7506               0           1       13572
          23    10.1279        10.0116        9.93618        3.39369        63.3070       -77.9608       0.133654E+10    10.0882        1.00882        19.2900       0.133421E+10   0.164243E+07    684752.       0.132589E+07    13.9033        4.53541        65.5325               0           1       13392
          24    9.68840        10.2504        10.1623       -19.8768       -48.0033        18.6154       0.111903E+10    10.9496        1.09496        21.7700       0.111846E+10    186174.        384328.       0.245156E+07   -193.297        117.115        172.157               0           1       12772
          25    10.2671        10.5910        9.70350       -61.3837        13.6290        100.194       0.125879E+10    11.1462        1.11462        21.5400       0.122454E+10   0.339889E+08    262821.       0.102829E+07    79.5300        277.697       -44.1661               0           1       12133
          26    10.1492        10.0696        9.77533       -58.1115       -80.8148        122.201       0.203503E+10    8.62154       0.862154        19.9100       0.201231E+10   0.161674E+08   0.654783E+07   0.712002E+07    23.9594        31.8893       -10.3013               0           0       11816
          27    9.60944        10.2660        10.2444       -3.98577       -38.5985        17.0425       0.117684E+10    11.0439        1.10439        20.8100       0.113908E+10   0.376669E+08    97133.3        259345.       -230.523        124.460        210.845               0           1       11785
          29    9.59289        10.0475        10.0467        20.7686       -20.2958        40.4763       0.929951E+09    10.3277        1.03277        23.2300       0.928736E+09    869078.        345285.       0.170895E+07   -238.326        21.4466        117.638               0           1       10788
          30    9.67785        9.72190        9.68131        7.72898        99.5969        86.1479       0.835554E+09    9.86288       0.986288        20.4000       0.827640E+09   0.746907E+07    444569.       0.281837E+07   -198.271       -132.055       -54.6277               0           1       10766
          31    10.0517        9.96908        9.88787        17.7404        32.4490        8.79651       0.416041E+10    9.96943       0.996943        25.7200       0.369513E+10   0.434582E+09   0.306990E+08   0.318739E+08   -21.9982       -15.5204        42.7564               0           0       10682
          32    10.0911        10.0267        9.93011       -60.7930       -15.1811       -37.7848       0.621762E+09    7.87051       0.787051        18.4400       0.617717E+09   0.214379E+07   0.190193E+07   0.522425E+07   -3.46049        11.6497        62.6707               0           1        9886
          33    10.2880        9.66592        9.54142        13.9261        73.8660        94.1967       0.960548E+09    8.69131       0.869131        16.1400       0.755395E+09   0.204043E+09   0.110989E+07   0.184813E+07    89.4023       -158.447       -120.580               0           1        9731
          34    9.38382        9.81885        9.83086       -4.15417        67.7308        79.3128       0.930156E+09    9.32495       0.932495        20.0800       0.886918E+09   0.431003E+08    137654.        485957.       -336.894       -86.3473        15.8787               0           1        9096
          35    10.4481        9.46855        9.41190        1.92444       0.916038        56.0376       0.784814E+09    9.38954       0.938954        18.5800       0.779171E+09   0.555823E+07    85392.0        286882.        164.887       -251.499       -181.643               0           1        8930
          37    9.39996        9.76925        9.81917        17.2292        19.6873        58.7605       0.714661E+09    8.30613       0.830613        17.0100       0.667184E+09   0.472975E+08    179662.       0.175745E+07   -329.284       -109.732        10.3673               0           1        8650
          38    9.87661        9.38623        9.79941        1.06631        112.925        63.9129       0.713846E+09    9.42066       0.942066        18.7500       0.708836E+09   0.487587E+07    134657.        583814.       -104.564       -290.309        1.05135               0           1        8335
          39    9.31531        10.1466        9.40590       -25.6049       -6.02065        107.519       0.782249E+09    9.66770       0.966770        20.5900       0.778589E+09   0.332162E+07    338517.        879318.       -369.193        68.1915       -184.472               0           1        8039
          40    10.0232        9.99409        9.77874        23.3397        29.9699        70.1580       0.586241E+09    6.75221       0.675221        14.1800       0.582633E+09    614070.       0.299351E+07   0.292245E+07   -35.4583       -3.72922       -8.69366               0           0        7671
          41    10.0405        9.94629        9.78013        57.1422        35.9796        121.423       0.251142E+09    5.13417       0.513417        12.0900       0.249581E+09   0.141016E+07    150689.        415277.       -27.2926       -26.2649       -8.03834               0           0        7644
          42    10.2891        9.59585        9.55671        26.0560        81.4168        93.1904       0.377408E+09    7.26468       0.726468        16.0100       0.370963E+09   0.633516E+07    110707.        703458.        89.9304       -191.482       -113.371               0           1        7403
          43    9.57798        9.72460        9.75204      -0.241652        106.240        81.5201       0.525548E+09    8.27926       0.827926        16.4200       0.512464E+09   0.129575E+08    126814.        269329.       -245.356       -130.782       -21.2816               0           1        7138
          44    10.5490        9.57098        9.44155        51.0209        36.8605        79.7486       0.414390E+09    7.48014       0.748014        14.3100       0.403719E+09   0.102115E+08    459107.       0.149181E+07    212.448       -203.207       -167.664               0           1        6616
          45    10.6302        9.99906        9.43120       -49.6586       -32.3064        96.5534       0.580381E+09    8.79173       0.879173        17.1600       0.577561E+09   0.280608E+07    14600.4        25422.7        250.711       -1.38608       -172.544               0           1        6558
          46    10.5207        9.73243        10.3252       -45.6281        33.0900        52.8575       0.512930E+09    8.44615       0.844615        19.3100       0.510053E+09   0.272256E+07    155013.        488941.        199.082       -127.091        248.957               0           1        6490
          47    10.0111        9.84158        9.63556        11.4061        40.5060        171.049       0.523124E+09    8.45275       0.845276        17.0000       0.522856E+09    255896.        12159.2        29369.5       -41.1487       -75.6311       -76.1968               0           1        6357
          48    9.83642        9.88535        9.76368        53.6156        36.6682        88.7245       0.495374E+09    8.14112       0.814112        18.2600       0.468151E+09   0.269575E+08    265555.       0.117622E+07   -123.512       -54.9954       -15.7938               0           1        6288
          49    10.6081        9.40065        9.47145        65.9322        31.3268        92.0991       0.873370E+09    9.76859       0.976859        18.6000       0.869958E+09   0.330396E+07    108438.        164998.        240.287       -283.511       -153.568               0           1        6181
          50    9.55272        9.70604        9.44457        3.11144        78.6781        133.114       0.530944E+09    8.50461       0.850462        16.9100       0.529008E+09   0.189130E+07    44479.8        147279.       -257.265       -139.532       -166.240               0           1        6055
          51    10.3339        9.77637        9.55579       -49.7490        24.7788        83.7470       0.394312E+09    7.46458       0.746458        15.7500       0.393160E+09   0.107313E+07    77975.0        307673.        111.047       -106.375       -113.805               0           1        6031
          52    10.0405        9.95312        10.0046        121.838        26.9254       -26.2500       0.100499E+10    7.23781       0.723781        15.5500       0.976797E+09   0.269178E+08   0.127333E+07    849271.       -27.3068       -23.0448        97.7990               0           1        6023
          53    10.1376        10.6204        9.62779       -75.2244        9.20150        24.3029       0.474320E+09    8.09728       0.809728        15.9000       0.473638E+09    638893.        42715.8        102365.        18.4811        291.554       -79.8601               0           1        5857
          54    10.6639        9.85836        9.41312       -55.3943       -29.8160        82.7874       0.415905E+09    7.88229       0.788229        15.6900       0.415774E+09    88745.4        42677.8        143075.        266.632       -67.7200       -181.068               0           1        5842
          55    10.5096        9.44167        9.39352        57.9187        26.1971        83.8811       0.357996E+09    7.25903       0.725903        15.1500       0.347518E+09   0.104034E+08    74682.1        136749.        193.844       -264.171       -190.308               0           1        5450
          56    10.0279        9.91647        9.79156        41.3164       -1.38869        75.3938       0.217790E+09    5.15821       0.515821        11.4100       0.209342E+09   0.840204E+07    45604.5        52656.7       -33.2518       -40.3237       -2.64959               0           0        5427
          57    10.1898        9.98158        10.2811       -87.9428        31.5694        34.4430       0.427932E+09    7.92802       0.792802        16.0000       0.425252E+09   0.262760E+07    52815.2        108368.        43.0676       -9.62715        228.157               0           1        5331
          58    10.1430        9.90238        9.80553       -75.8179        97.4599        177.742       0.450556E+09    7.55652       0.755652        15.9200       0.449944E+09    505407.        106540.        215819.        21.0411       -46.9665        3.93666               0           0        5151
          59    9.62801        10.0581        9.49081       -1.32035       -11.9178        115.317       0.413849E+09    7.87899       0.787899        15.8500       0.413779E+09    12382.1        58041.4        137711.       -221.769        26.4723       -144.440               0           1        5061
          60    10.1328        10.0667        9.76387       -103.264       -182.119        103.994       0.125290E+10    7.04687       0.704687        15.3700       0.118947E+10   0.589461E+08   0.448096E+07   0.484565E+07    16.2275        30.5127       -15.7042               0           0        5030
          61    9.87908        9.87872        10.5375       -2.27580        11.5495        67.4562       0.430924E+09    7.49428       0.749428        14.0500       0.421926E+09   0.893668E+07    60723.2        130627.       -103.400       -58.1212        349.019               0           1        4998
          62    10.1374        10.0635        9.82417        45.6932        104.844       -39.9438       0.681797E+09    6.43728       0.643728        14.3100       0.677579E+09   0.398937E+07    228658.        201326.        18.3821        29.0182        12.7246               0           0        4961
          63    10.6089        9.76961        9.42024       -55.8885       -19.2003        62.3566       0.429715E+09    7.94264       0.794264        16.4600       0.429159E+09    478047.        77267.6        699504.        240.660       -109.562       -177.711               0           1        4921
          64    10.1462        10.0026        9.80054       -94.0295       -8.50618       -86.2378       0.997123E+09    6.74702       0.674702        14.6700       0.994923E+09   0.188419E+07    316037.        553653.        22.5262       0.273445        1.58409               0           0        4912
          66    9.65102        9.83072        9.79003        15.1215        30.2191        41.0458       0.619186E+09    8.77900       0.877900        17.4600       0.595768E+09   0.233989E+08    19028.2        56394.0       -210.920       -80.7511       -3.37092               0           1        4815
          67    10.2761        10.7863        9.55568       -136.495       -14.3614      -0.427039       0.430508E+10    8.67198       0.867198        21.8000       0.388068E+10   0.385214E+09   0.391849E+08   0.243540E+08    83.7731        369.782       -113.857               0           1        4636
          68    9.83912        9.85020        9.54832        20.3598        22.1133        146.624       0.337884E+09    7.31513       0.731513        14.1200       0.337707E+09    142354.        34115.3        83078.0       -122.239       -71.5671       -117.327               0           1        4550
          69    10.0919        9.98670        9.79274        36.7871        188.203        138.877       0.390234E+10    5.13134       0.513134        13.4700       0.357719E+10   0.115116E+09   0.210031E+09   0.107683E+09   -3.08333       -7.21329       -2.09327               0           0        4386
          70    9.89486        9.83395        9.64854        34.1282        23.5345        151.393       0.318047E+09    7.06808       0.706809        15.4600       0.317505E+09    440669.        101989.        304108.       -95.9603       -79.2283       -70.0773               0           1        4313
          71    9.62414        9.93242        10.0050        7.14869        31.3749        24.9331       0.336842E+09    7.35803       0.735803        15.4300       0.335380E+09   0.121054E+07    251739.        562999.       -223.593       -32.8040        97.9829               0           1        4168
          72    9.97202        9.87798        10.4199        9.83590        2.82381        31.4417       0.333543E+09    7.20811       0.720811        15.1400       0.324987E+09   0.846328E+07    92221.4        366231.       -59.5827       -58.4701        293.571               0           1        4143
          73    10.1566        10.2700        9.81557       -81.1482       -66.3659        103.004       0.335096E+09    7.32833       0.732833        16.9500       0.334548E+09    216791.        330735.       0.158327E+07    27.4435        126.365        8.67009               0           1        4055
          74    10.2957        10.6086        9.65304       -54.2467        4.82147        50.5963       0.273301E+09    6.55467       0.655467        13.9000       0.248750E+09   0.243331E+08    218371.        589366.        93.0420        285.981       -67.9558               0           1        4042
          75    9.97482        9.91544        9.78286        101.110        66.2122        107.960       0.359751E+09    6.84697       0.684697        15.4800       0.343610E+09   0.159631E+08    178136.        819960.       -58.2626       -40.8093       -6.75126               0           1        3869
          76    9.40594        9.79940        9.77618       -30.8284        85.4732        63.0084       0.162491E+10    8.07182       0.807182        16.9100       0.152311E+10   0.101431E+09    372812.        761705.       -326.465       -95.5171       -9.90059               0           1        3829
          77    9.58539        9.74878        9.78051        1.58645        107.331        104.481       0.260116E+09    6.53204       0.653204        13.9300       0.255899E+09   0.408932E+07    127052.        303290.       -241.862       -119.382       -7.85918               0           1        3811
          78    10.2370        10.0827        9.01708        3.19912       -14.4207        103.821       0.386462E+09    7.61969       0.761969        15.1100       0.386343E+09    108320.        10642.9        27369.9        65.3250        38.0560       -367.783               0           1        3780
          79    10.0228        9.94435        9.99653        114.632        53.4146       0.221903       0.755985E+09    6.99312       0.699312        14.0100       0.741013E+09   0.136895E+08   0.128292E+07    592904.       -35.6374       -27.1795        93.9849               0           1        3694
          80    9.49868        10.8395        9.79702       -25.6440       0.396371        44.8539       0.353404E+09    7.45657       0.745657        14.4300       0.351758E+09   0.163966E+07    6471.07        32043.3       -282.742        394.831      -0.754331E-01           0           1        3694
          81    10.6904        9.89465        9.36668       -63.0336       -34.8693        71.3903       0.296634E+09    7.03084       0.703084        13.1300       0.296554E+09    79800.3        0.00000        0.00000        279.088       -50.6109       -202.962               1           1        3601
          82    10.4761        9.82350        9.47624       -70.2724       -9.74027        75.8606       0.284921E+09    6.94739       0.694739        14.4000       0.283335E+09   0.147914E+07    106869.        272928.        178.046       -84.1550       -151.309               0           1        3589
          83    10.0602        10.1067        9.63650       -67.0079       -117.336        55.1981       0.244729E+09    6.48678       0.648678        13.4500       0.244509E+09    180832.        39094.6        73035.5       -17.9955        49.3804       -75.7537               0           1        3412
          84    9.96937        9.95820        9.78796        115.243        34.2856        37.8362       0.252034E+09    6.27839       0.627839        13.2700       0.251576E+09    447157.        10258.5        27529.8       -60.8321       -20.6498       -4.34683               0           1        3406
          85    10.4295        9.49158        9.41986        40.6602        19.2401        83.3807       0.208498E+09    5.80034       0.580034        11.7000       0.207097E+09   0.137045E+07    30108.0        84889.1        156.090       -240.641       -177.890               0           1        3398
          86    10.4750        9.38627        9.74380        16.3912        70.0172        11.9143       0.257768E+09    6.68338       0.668338        12.9400       0.254486E+09   0.328210E+07    0.00000        0.00000        177.546       -290.290       -25.1664               1           1        3346
          87    10.0476        9.95686        9.94612       -61.7304        117.830       -21.5705       0.138628E+10    5.16010       0.516010        11.0700       0.129074E+10   0.748429E+08   0.206935E+08   0.706614E+07   -23.9406       -21.2816        70.2188               0           1        3333
          88    9.63111        10.4424        10.1565       -22.8593       -43.5142        21.0098       0.302938E+09    7.13692       0.713692        14.1600       0.302789E+09    107350.        41040.6        174726.       -220.307        207.630        169.423               0           1        3260
          89    10.8724        9.97365        9.34227       -58.1080       -38.2796        52.2998       0.261048E+09    6.76022       0.676022        14.1800       0.260223E+09    792029.        32852.1        229812.        364.908       -13.3658       -214.470               0           1        3200
          90    9.74482        9.87257        9.40476        1.46284       -11.4387        124.894       0.253050E+09    6.49055       0.649055        13.4400       0.252990E+09    38363.4        22149.5        52267.2       -166.698       -61.0206       -185.009               0           1        3167
          91    10.1833        10.6161        9.59126       -32.8167        6.69300        31.0076       0.258908E+09    6.74137       0.674137        14.7200       0.256481E+09   0.228409E+07    142279.        280560.        40.0455        289.512       -97.0824               0           1        3135
          93    10.8009        9.49534        10.1226       -16.3678        13.9047        38.3853       0.347605E+09    7.38538       0.738538        13.7400       0.345772E+09   0.181749E+07    15886.2        23850.8        331.213       -238.868        153.407               0           1        3125
          94    9.63404        9.71847        9.52614        8.80303        85.0985        125.178       0.255958E+09    6.70035       0.670035        13.3300       0.255068E+09    866064.        23785.8        49571.6       -218.926       -133.672       -127.784               0           1        3118
          95    10.0990        10.0079        9.74242       -150.100       -181.074        51.9819       0.425201E+09    5.55801       0.555801        11.8700       0.418434E+09   0.634655E+07    419941.        178527.       0.264016        2.80517       -25.8170               0           0        3092
          96    10.0510        9.92973        9.92433       -76.8262        54.8258       -72.1007       0.197237E+09    5.06534       0.506534        11.5300       0.194710E+09   0.248767E+07    39136.9        110923.       -22.3612       -34.0722        59.9457               0           1        3082
          97    10.0764        9.96581        9.93068        32.7017       -8.87881        135.255       0.484985E+09    5.30342       0.530342        13.1200       0.471560E+09   0.128773E+08    547159.        320204.       -10.3956       -17.0620        62.9395               0           1        3066
          98    9.43196        9.82822        10.0001       -4.53813        41.2749       -4.32326       0.601081E+09    6.26142       0.626142        14.5200       0.589119E+09   0.118285E+08    133651.        268014.       -314.198       -81.9298        95.6586               0           1        3055
          99    9.34959        9.46856        9.91520       -31.1767        106.962        59.9324       0.310093E+09    7.19585       0.719585        14.7200       0.308942E+09   0.112121E+07    29700.1        170407.       -353.032       -251.494        55.6413               0           1        3035
         101    10.1451        10.2704        9.56523       -68.5727       -58.3784        40.4981       0.220994E+09    6.38259       0.638259        13.0400       0.220898E+09    81498.8        14440.8        25932.7        22.0076        126.539       -109.354               0           1        3001
         102    10.0120        9.73752        9.68007        19.2170        114.573        94.3288       0.189519E+09    5.89227       0.589227        12.2900       0.185149E+09   0.432136E+07    48441.2        225774.       -40.7433       -124.691       -55.2123               0           1        2979
         104    9.55821        9.89876        9.83357       -12.0270        47.0643        87.7871       0.220118E+09    6.29442       0.629442        13.8500       0.217905E+09   0.212279E+07    90210.5        196863.       -254.676       -48.6732        17.1563               0           1        2882
         105    9.95057        9.92946        9.97463       -68.7889        63.7078        7.80128       0.114232E+09    4.72023       0.472023        10.0400       0.112569E+09   0.166279E+07    0.00000        0.00000       -69.6954       -34.1995        83.6600               1           1        2881
         106    9.51148        9.84566        9.72541        3.24357        26.1864        135.720       0.230969E+09    6.43256       0.643256        13.7700       0.230709E+09    133517.        127293.        439387.       -276.707       -73.7075       -33.8365               0           1        2815
         107    9.24406        9.72757        9.81211       -33.6797        92.7567        58.5828       0.322342E+09    6.95635       0.695635        14.7300       0.308194E+09   0.140890E+08    59019.0        125206.       -402.784       -129.382        7.03885               0           1        2794
         108    10.1626        9.76539        10.7439       -23.3704       -13.3903        64.9751       0.222131E+09    6.38023       0.638023        14.2200       0.219069E+09   0.286759E+07    194669.        542748.        30.2722       -111.551        446.333               0           1        2772
         109    9.37356        9.84670        9.84272        27.6603        24.1373        91.0238       0.318533E+09    6.72864       0.672864        12.6900       0.309025E+09   0.946068E+07    47370.2        73138.5       -341.731       -73.2172        21.4701               0           1        2746
         110    10.0718        10.0793        10.0783       -6.40509       -12.6253       -47.9541       0.198951E+09    6.13696       0.613696        12.7600       0.196705E+09   0.224626E+07    0.00000        0.00000       -12.5549        36.4295        132.517               1           1        2731
         111    9.43907        10.2812        9.99264        1.50002       -12.6863        46.0536       0.205692E+09    6.22983       0.622983        12.1500       0.204603E+09   0.108916E+07    0.00000        0.00000       -310.846        131.612        92.1509               1           1        2710
         112    9.74366        9.87306        9.37552        7.04261       -2.40923        133.662       0.192737E+09    6.07755       0.607755        12.0400       0.192714E+09    22917.0        0.00000        0.00000       -167.245       -60.7896       -198.794               1           1        2684
         113    10.1476        10.1060        9.81616       -25.3377        112.512        130.674       0.205366E+09    5.00782       0.500782        9.66000       0.204271E+09   0.105463E+07    40557.6        83539.4        23.2004        49.0268        8.94825               0           0        2643
         114    10.1390        10.0191        9.76618       -131.835       -89.6686        196.389       0.502702E+09    5.10871       0.510871        13.1300       0.500243E+09   0.179355E+07    665076.       0.143123E+07    19.1506        8.08077       -14.6152               0           0        2637
         115    9.57519        9.43391        9.83944       -25.2240        111.051        62.6598       0.228827E+09    6.43728       0.643728        12.3800       0.227882E+09    945596.        0.00000        0.00000       -246.671       -267.830        19.9238               1           1        2635
         116    9.83856        9.89622        9.83650        62.1791        51.8310        79.1144       0.155004E+09    5.48776       0.548776        10.7500       0.153556E+09   0.142266E+07    24829.3        122452.       -122.503       -49.8707        18.5377               0           1        2587
         117    10.3145        9.60500        9.47337       -2.40782        30.2189        90.2941       0.180696E+09    5.84748       0.584748        10.8500       0.174757E+09   0.591319E+07    26411.5        82123.3        101.887       -187.168       -152.662               0           1        2582
         118    10.0798        9.65994        9.64076        28.4255        93.6871        103.108       0.165378E+09    5.76168       0.576168        11.0100       0.165029E+09    345990.        2652.06        21506.1       -8.79267       -161.266       -73.7453               0           1        2508
         119    10.1521        9.64122        10.7463       -39.5561       -14.6477        77.7389       0.207896E+09    6.26095       0.626095        12.7500       0.207846E+09    26390.4        24482.8        127869.        25.3125       -170.092        447.469               0           1        2506
         120    9.63315        9.91982        9.72160       -2.84517        64.2208        62.9480       0.194748E+09    6.12941       0.612941        12.1800       0.194543E+09    138201.        66567.7        280673.       -219.345       -38.7443       -35.6327               0           1        2500
         122    10.0160        9.98291        9.99937        63.0772       -5.45135       -29.4544       0.206510E+09    5.16293       0.516293        12.2700       0.192798E+09   0.135869E+08    125167.        195943.       -38.8480       -9.00011        95.3238               0           1        2452
         123    9.34624        9.81447        9.78134        8.80561        61.7473        42.5411       0.151644E+09    5.38781       0.538781        11.1700       0.149067E+09   0.257689E+07    0.00000        0.00000       -354.611       -88.4123       -7.46787               1           1        2446
         124    10.8622        10.0173        9.78600       -67.6509       -28.6254        33.0689       0.176715E+09    5.92056       0.592056        11.3400       0.176669E+09    46332.1        0.00000        0.00000        360.085        7.18972       -5.27089               1           1        2438
         125    9.82583        9.79516        9.71295        2.25572        108.575        37.3586       0.141792E+09    5.41987       0.541987        11.2600       0.140171E+09   0.160007E+07    21214.0        54593.5       -128.505       -97.5161       -39.7108               0           1        2401
         126    10.1214        9.93118        10.0234        55.5262        60.0720       -53.0327       0.132591E+09    5.01159       0.501159        11.0700       0.129280E+09   0.325039E+07    60187.1        280645.        10.8341       -33.3886        106.667               0           1        2399
         127    9.38233        9.77504        9.76625       -21.5149        107.474        55.0122       0.438865E+09    6.06247       0.606247        13.8900       0.423589E+09   0.151852E+08    90730.9        680084.       -337.596       -107.002       -14.5822               0           1        2393
         128    10.1058        9.95017        9.65444       -119.098        51.3232        123.778       0.160580E+09    5.57922       0.557922        10.9900       0.160374E+09    198290.        7867.44        29545.7        3.46521       -24.4356       -67.2957               0           1        2372
         129    9.84131        9.97811        9.74534        48.1334        63.1825        101.222       0.186267E+09    6.04172       0.604172        12.7900       0.186147E+09    96324.3        24119.2        92907.4       -121.207       -11.2631       -24.4403               0           1        2369
         130    9.96742        9.90180        9.94657       -106.590        44.7072       -41.7380       0.110533E+09    4.66507       0.466507        9.26000       0.110324E+09    208099.        0.00000        0.00000       -61.7514       -47.2400        70.4309               1           1        2365
         131    10.1503        10.0057        9.82928       -56.6301       -1.78993       -78.6330       0.229138E+09    4.83244       0.483244        10.5900       0.227799E+09   0.117845E+07    160832.        213361.        24.4592        1.73025        15.1338               0           0        2335
         133    10.5051        9.62160        9.47793       -54.6595       -15.1596        47.2394       0.131244E+09    5.21479       0.521479        9.74000       0.131026E+09    218561.        0.00000        0.00000        191.741       -179.342       -150.513               1           1        2301
         134    10.0537        10.0793        10.1303       -12.7909        3.57619       -41.6756       0.182361E+09    5.97478       0.597478        13.2700       0.180161E+09   0.215748E+07    42477.6        269594.       -21.0553        36.4530        157.042               0           1        2280
         135    10.3918        10.5583        9.69956       -97.5185       -25.9134       -1.26661       0.198778E+09    6.13177       0.613177        12.5800       0.197952E+09    825816.        0.00000        0.00000        138.335        262.281       -46.0236               1           1        2278
         136    10.0354        9.94216        9.97917        42.1936       -84.5587       -69.0477       0.362912E+09    5.08608       0.508608        11.9700       0.352589E+09   0.982800E+07    494580.        235821.       -29.7065       -28.2120        85.8004               0           1        2277
         137    10.5656        9.87323        9.44319       -55.9946       -31.2066        81.5810       0.118442E+09    5.18273       0.518273        11.0600       0.118389E+09    52948.7        0.00000        0.00000        220.279       -60.7095       -166.891               1           1        2262
         138    10.7037        9.93033        9.39127       -66.7452       -42.7523        80.2819       0.174327E+09    5.89557       0.589557        11.8400       0.173094E+09   0.123275E+07    0.00000        0.00000        285.368       -33.7893       -191.369               1           1        2243
         139    9.79485        9.87600        9.70909        39.5516        36.3650        138.560       0.178614E+09    5.86964       0.586964        11.5500       0.176170E+09   0.244414E+07    0.00000        0.00000       -143.111       -59.4035       -41.5306               1           1        2240
         140    10.6670        9.37512        9.35882        80.3131        45.3182        69.7302       0.298419E+09    6.83566       0.683566        17.9700       0.289238E+09   0.896999E+07    211375.        467439.        268.056       -295.547       -206.668               0           1        2210
         141    10.4789        9.54576        9.41359        24.8920        55.3177        6.83612       0.199746E+09    6.10820       0.610820        12.7800       0.196456E+09   0.323612E+07    54367.7        116085.        179.385       -215.097       -180.846               0           1        2196
         142    9.52757        9.45999        9.87443       -19.5742        103.005        62.7915       0.165993E+09    5.79798       0.579798        11.6100       0.165445E+09    547717.        0.00000        0.00000       -269.122       -255.534        36.4200               1           1        2191
         143    10.1934        9.87857        10.4261       -34.4249        9.83863        12.4371       0.171955E+09    5.88708       0.588709        12.7200       0.170433E+09   0.138884E+07    132924.        290070.        44.8072       -58.1919        296.504               0           1        2177
         145    9.70275        9.84748        9.78890        18.4541        25.6075        29.0340       0.143364E+09    5.39960       0.539960        10.9300       0.135100E+09   0.825015E+07    14343.2        63061.6       -186.532       -72.8495       -3.90366               0           1        2150
         146    9.45643        9.79977        9.77669       -4.65524        42.1651        55.0566       0.135679E+09    5.01866       0.501866        11.6700       0.125622E+09   0.998377E+07    72935.3        173358.       -302.661       -95.3427       -9.66015               0           1        2140
         147    9.57340        9.78689        9.71390       -13.6469        75.2808        80.7031       0.141189E+09    5.33124       0.533124        11.2200       0.133853E+09   0.731662E+07    20108.8        126972.       -247.515       -101.415       -39.2629               0           1        2134
         148    10.3973        9.69843        9.60556       -37.2688        5.98184        104.453       0.154163E+09    5.61458       0.561458        11.4100       0.154055E+09    107427.        0.00000        0.00000        140.928       -143.120       -90.3405               1           1        2117
         149    10.0684        10.0511        9.83374       -166.692        71.4005        195.936       0.276742E+09    4.83809       0.483809        11.7500       0.273691E+09   0.300625E+07    45142.9        149772.       -14.1531        23.1674        17.2365               0           0        2072
         150    10.4708        10.5297        9.42038       -57.9918       0.980202        109.187       0.178987E+09    5.92244       0.592244        12.2200       0.175671E+09   0.331570E+07    0.00000        0.00000        175.561        248.788       -177.645               1           1        2072
         151    10.0935        10.0209        9.83966        82.1910        173.643        129.545       0.432883E+09    4.90033       0.490033        11.5500       0.430822E+09   0.201491E+07    46246.1        88244.8       -2.30071        8.91996        20.0275               0           0        2066
         152    9.25875        9.79241        9.75808       -10.8497        13.9949        96.2263       0.138720E+09    5.40573       0.540573        11.1300       0.136846E+09   0.185320E+07    21272.5        64608.5       -395.859       -98.8126       -18.4340               0           1        2057
         153    9.45584        9.67033        9.77254       -16.8079        129.654        87.7918       0.225492E+09    6.35336       0.635336        13.2900       0.222644E+09   0.284759E+07    0.00000        0.00000       -302.939       -156.368       -11.6167               1           1        2055
         155    9.62643        10.5027        9.88531       -11.2688       -20.4989        52.3824       0.174513E+09    5.89557       0.589557        11.3300       0.172844E+09   0.166259E+07    6371.54        32043.3       -222.513        236.063        41.5495               0           1        2026
         156    10.2841        10.3908        9.76723       -84.5719       -47.3427       -9.01062       0.148853E+09    5.51982       0.551982        10.5900       0.146988E+09   0.185619E+07    8021.43        28798.5        87.5401        183.284       -14.1201               0           1        1976
         157    9.85845        9.89633        9.79051        54.1461        39.8454        24.8982       0.131150E+09    5.18273       0.518273        11.4700       0.124957E+09   0.617827E+07    15347.0        60488.5       -113.126       -49.8188       -3.14462               0           1        1975
         158    10.6318        9.26142        9.68145        53.6380        88.5821        13.5651       0.185343E+09    5.93989       0.593989        11.6200       0.184983E+09    360555.        0.00000        0.00000        251.470       -349.151       -54.5617               1           1        1957
         159    9.98312        10.5215        9.97297       -29.9826       -45.0762        7.81089       0.139252E+09    5.30861       0.530861        11.0400       0.135017E+09   0.423594E+07    0.00000        0.00000       -54.3495        244.945        82.8774               1           1        1912
         160    10.0854        9.69574        9.54838        27.3810        67.1712        149.710       0.182376E+09    5.94225       0.594225        11.6500       0.176669E+09   0.570766E+07    0.00000        0.00000       -6.13365       -144.388       -117.298               1           1        1897
         161    10.0887        9.98729        9.84336       -107.843        181.861        136.410       0.157041E+10    4.97293       0.497293        11.2400       0.150732E+10   0.484230E+08   0.146702E+08   0.117227E+08   -4.55899       -6.93513        21.7719               0           0        1882
         162    10.4387        9.25902        9.76471        30.3275        93.6944        32.9417       0.154280E+09    5.66692       0.566691        11.1100       0.154221E+09    59017.7        0.00000        0.00000        160.423       -350.283       -15.3082               1           1        1881
         163    10.4218        10.3390        9.05486       -19.5063       -4.29235        98.1748       0.147759E+09    5.59478       0.559478        10.9700       0.147737E+09    22414.9        0.00000        0.00000        152.474        158.876       -349.972               1           1        1858
         164    9.98941        10.0420        10.1904        33.2567        11.2087       -6.56705       0.153386E+09    5.59950       0.559950        12.4300       0.149233E+09   0.412245E+07    30811.2        87857.5       -51.3841        18.8818        185.367               0           1        1847
         165    9.87355        9.95250        10.0518        69.9086       -9.25845        24.0621       0.127301E+09    5.12568       0.512568        10.8200       0.122962E+09   0.431171E+07    28098.6        86874.2       -106.007       -23.3371        120.023               0           1        1827
         166    10.1197        9.79348        10.2316       -84.6406       -15.3857        9.16941       0.165879E+09    5.78761       0.578761        11.2800       0.165861E+09    17812.3        0.00000        0.00000        10.0373       -98.3082        204.787               1           1        1825
         167    9.51103        10.1470        9.25943       -12.8553       -11.1224        128.052       0.154458E+09    5.63863       0.563863        11.2000       0.153889E+09    569390.        0.00000        0.00000       -276.920        68.3612       -253.526               1           1        1801
         168    10.2898        10.7321        9.68063       -89.6923       -60.4458        59.3684       0.135971E+09    5.06392       0.506392        11.1900       0.135931E+09    25119.3        14591.1        64347.6        90.2180        344.206       -54.9483               0           1        1779
         169    9.52701        10.6344        9.84017       -20.9932       -9.63273        46.3221       0.124462E+09    5.25910       0.525910        10.0900       0.124209E+09    238991.        14656.1        27529.8       -269.386        298.140        20.2679               0           1        1773
         170    10.4749        10.1865        9.46092       -68.9600       -24.7279        89.1455       0.135103E+09    5.42836       0.542836        10.9400       0.134933E+09    149734.        20299.6        56689.3        177.489        86.9791       -158.532               0           1        1766
         171    10.1781        9.74062        9.51171        28.0450        87.6741        110.682       0.126697E+09    5.26759       0.526759        11.1300       0.126620E+09    21249.9        56461.6        127331.        37.5657       -123.229       -134.587               0           1        1739
         172    9.96248        9.85779        8.87748        15.5204        19.0401        116.575       0.224866E+09    6.40805       0.640805        13.9500       0.224723E+09    111433.        31851.9        96655.3       -64.0804       -67.9888       -433.599               0           1        1714
         173    10.4079        9.72237        9.56403       -65.5301       -4.84591        83.8835       0.134132E+09    5.14360       0.514360        11.0200       0.129363E+09   0.475907E+07    9837.15        25742.8        145.897       -131.833       -109.920               0           1        1712
         174    10.1700        10.1307        9.75002       -76.1568       -115.814        93.1743       0.151860E+09    4.97482       0.497482        11.4800       0.144827E+09   0.682793E+07    205045.        471533.        33.7327        60.6953       -22.2339               0           1        1693
         175    10.4296        9.63686        9.50863       -42.9043        9.16437        58.3239       0.120813E+09    5.15491       0.515491        11.2400       0.119553E+09   0.119758E+07    62621.2        165706.        156.132       -172.148       -136.039               0           1        1692
         176    9.65560        9.83522        9.85176        7.18981        41.2507        80.1644       0.122008E+09    5.08608       0.508608        12.1600       0.120052E+09   0.190068E+07    55326.0        149289.       -208.761       -78.6296        25.7321               0           1        1675
         177    10.1774        9.76845        10.3333       -78.3922       -19.4328        17.2539       0.125334E+09    5.31049       0.531049        10.8600       0.125206E+09    99352.9        28545.4        48253.5        37.2451       -110.109        252.776               0           1        1662
         178    9.39237        9.74043        10.0457        9.00908        9.04911        24.0832       0.121120E+09    5.16434       0.516434        9.89000       0.120384E+09    736264.        0.00000        0.00000       -332.863       -123.319        117.148               1           1        1620
         180    10.0146        10.0623        10.0279       -19.6031       -107.585       -27.6538       0.113808E+09    5.00876       0.500876        10.1800       0.113733E+09    74469.3        0.00000        0.00000       -39.4939        28.4383        108.789               1           1        1544
         181    10.0301        10.4702        9.22462      -0.109937       -3.29729        116.287       0.143500E+09    5.54009       0.554009        10.6000       0.143497E+09    3336.97        0.00000        0.00000       -32.1864        220.717       -269.937               1           1        1532
         182    9.98014        9.87838        10.4006        18.9833        1.76248        42.1068       0.123995E+09    5.02715       0.502715        10.2100       0.121798E+09   0.218157E+07    15772.9        57591.3       -55.7545       -58.2815        284.482               0           1        1529
         183    9.15647        9.82277        9.68429       -30.7581       -23.2796        80.9027       0.108483E+09    4.98377       0.498377        9.74000       0.106666E+09   0.181652E+07    0.00000        0.00000       -444.079       -84.4992       -53.2228               1           1        1528
         184    10.3573        9.61858        9.46450        7.77797        76.2967        25.1104       0.119516E+09    5.12003       0.512002        10.1700       0.117558E+09   0.194939E+07    8886.57        27882.7        122.074       -180.766       -156.844               0           1        1511
         185    9.45380        9.83138        9.98831        14.1335        58.2673        28.8660       0.438653E+09    4.89797       0.489797        13.1700       0.428993E+09   0.945301E+07    206794.        304294.       -303.901       -80.4399        90.1095               0           1        1508
         186    9.72815        9.82000        9.65677        17.9759        122.702        95.7795       0.107450E+09    4.92343       0.492343        10.2900       0.107165E+09    270988.        13861.9        24595.0       -174.557       -85.8051       -66.1972               0           1        1478
         187    9.45002        9.69127        9.71968       -4.15379        111.958        121.412       0.115587E+09    5.10918       0.510918        10.1900       0.114232E+09   0.135531E+07    0.00000        0.00000       -305.683       -146.496       -36.5379               1           1        1451
         188    10.6395        9.85822        9.39591       -49.6139       -17.8075        70.4997       0.118856E+09    5.04648       0.504648        10.1800       0.118805E+09    36756.2        14857.3        22820.9        255.096       -67.7860       -189.181               0           1        1447
         189    10.1652        10.0163        9.79214        115.315       -35.8516       -44.3209       0.176237E+09    4.56559       0.456559        11.0600       0.176087E+09    134364.        15629.5        41518.6        31.5122        6.72769       -2.37614               0           0        1415
         190    10.7622        9.50188        9.86602       -6.41281        20.8193        19.3366       0.111039E+09    5.13087       0.513087        10.2900       0.110990E+09    38081.8        11287.7        24595.0        312.939       -235.785        32.4551               0           1        1411
         191    10.2696        9.63463        9.25978        34.7143        42.3836        130.167       0.182495E+09    5.92999       0.592999        13.5800       0.182405E+09    21441.6        68044.7        28053.5        80.7040       -173.199       -253.361               0           1        1299
         192    9.61400        10.5875        10.1142       -23.9215       -31.6716        18.8825       0.112089E+09    5.08136       0.508137        9.57000       0.112070E+09    18827.7        0.00000        0.00000       -228.374        276.057        149.447               1           1        1281
         193    10.4287        10.5757        9.47620       -61.1471        1.49138        102.572       0.185498E+09    5.98892       0.598892        11.1400       0.183569E+09   0.192921E+07    0.00000        0.00000        155.727        270.470       -151.328               1           1        1182
         195    9.85622        9.88577        9.12335        2.90122        18.3625        137.026       0.113350E+09    5.08844       0.508844        10.6400       0.113317E+09    10952.2        21268.7        52088.7       -114.177       -54.7974       -317.682               0           1        1003
         198    10.3651        10.6240        9.57875       -71.3796        15.6136        118.418       0.110617E+09    4.96020       0.496020        9.53000       0.109909E+09    707967.        0.00000        0.00000        125.728        293.232       -102.980               1           1         843
         210    10.0985        10.0019        9.79717        22.5002        42.3950        60.5456       0.220177E+11    5.22375       0.522375        18.6000       0.157150E+11   0.657865E+09   0.564479E+10   0.246056E+10   0.471457E-01  -0.471457E-01  -0.471457E-02           0           0         272
         211    10.0984        10.0019        9.79719        27.7727       -8.84288        71.4677       0.260494E+11    6.17939       0.617939        23.9400       0.193618E+11   0.810985E+09   0.587664E+10   0.262673E+10    0.00000      -0.471457E-01   0.471457E-02           0           0         241
         212    10.0983        10.0020        9.79720       -23.8750       -64.5482        95.3418       0.234285E+11    5.56037       0.556037        20.4300       0.169909E+11   0.705622E+09   0.573197E+10   0.252229E+10  -0.471457E-01    0.00000       0.942913E-02           0           0         225
         214    10.0984        10.0020        9.79719       -25.5815       -6.72192        88.3816       0.190755E+11    4.50713       0.450713        14.9100       0.130515E+11   0.584204E+09   0.543985E+10   0.232848E+10    0.00000        0.00000       0.471457E-02           0           0         179
         215    10.0985        10.0020        9.79716       -27.6783        48.8415        74.2838       0.187496E+11    4.42651       0.442651        14.5100       0.127664E+11   0.568740E+09   0.541442E+10   0.231158E+10   0.471457E-01    0.00000      -0.942913E-02           0           0         136
