#          i      x              y              z              v_x            v_y            v_z            Mvir           Rvir     Rs (Rockstar)       v_max           Mdm           Mgas           Mstars    Avg age of stars     xc             yc             zc      flag DM only  flag outside Rvir  Np bound
# (h^-1 comoving Mpc) (h^-1 comoving Mpc) (h^-1 comoving Mpc) (km/s)         (km/s)         (km/s)         (Msun)         (kpc)         (kpc)           (km/s)         (Msun)         (Msun)         (Msun)         (yrs)          (kpc)          (kpc)          (kpc)
           1    10.0630        9.98539        9.89023       -63.0570       -48.1637        84.5658       0.304818E+12    75.1366        7.51366        157.260       0.274463E+12   0.215441E+11   0.881085E+10   0.358606E+10    0.00000        0.00000        0.00000               0           0     2946270
           3    10.0660        9.98644        9.87415        183.299        72.3781       -69.6260       0.117532E+12    18.3808        1.83808        47.3200       0.955192E+11   0.134740E+11   0.853860E+10   0.334583E+10    1.53332       0.540263       -8.27374               0           0       74009
           4    9.86442        9.85174        9.73717        31.6399        111.097        111.774       0.521732E+10    19.2092        1.92092        35.7300       0.488571E+10   0.318080E+09   0.135271E+08   0.227758E+08   -102.177       -68.7677       -78.7549               0           1       55992
           5    9.50552        9.84139        9.85903       -7.25526        24.4992        73.9253       0.526214E+10    18.2125        1.82125        32.6200       0.445837E+10   0.793655E+09   0.101130E+08   0.106018E+08   -286.844       -74.0932       -16.0535               0           1       51949
           6    10.2713        9.77019        9.64173        34.9092        81.2318        106.262       0.340460E+10    15.6501        1.56501        28.6600       0.313145E+10   0.266063E+09   0.709317E+07   0.115478E+08    107.178       -110.728       -127.862               0           1       41776
           7    9.92054        9.87172        10.6068       -3.73654       -3.24048        37.9706       0.407821E+10    17.6275        1.76275        29.2100       0.378960E+10   0.284671E+09   0.394501E+07   0.255335E+07   -73.3008       -58.4873        368.711               0           1       34348
           8    9.43791        9.84843        10.0188       -6.37710        29.9380        26.3917       0.366225E+10    17.3239        1.73239        29.8500       0.346966E+10   0.189811E+09   0.277910E+07   0.319544E+07   -321.631       -70.4708        66.1590               0           1       33804
           9    9.40166        9.82133        9.84532        10.1563        42.2693        78.8614       0.383472E+10    16.3113        1.63113        27.6900       0.281494E+10   0.101341E+10   0.636916E+07   0.119968E+07   -340.283       -84.4148       -23.1078               0           1       28580
          10    9.38465        9.86684        9.85177       -16.6381        80.5160        78.0646       0.418203E+10    17.4361        1.74361        28.9200       0.387422E+10   0.306056E+09   0.175139E+07   0.102412E+07   -349.035       -60.9982       -19.7891               0           1       27042
          11    9.79738        9.88048        9.32110        5.75612        14.0825        132.744       0.288556E+10    16.1219        1.61220        29.1400       0.280336E+10   0.811750E+08   0.102091E+07   0.110190E+07   -136.671       -53.9800       -292.838               0           1       26637
          12    10.1276        10.0950        9.88684       -8.51528        50.6438        22.3727       0.256998E+10    12.8850        1.28850        24.2200       0.254008E+10   0.183769E+08   0.115221E+08   0.868064E+07    33.2648        56.3983       -1.74428               0           0       25888
          13    10.0574        9.93918        10.2962       -47.7736       -1.90381       -5.57043       0.214089E+10    14.1719        1.41719        28.2700       0.195941E+10   0.178089E+09   0.338927E+07   0.841663E+07   -2.88655       -23.7767        208.866               0           1       24715
          14    9.44725        10.4988        10.0076       -13.2345       -17.7408        41.2840       0.177488E+10    13.7633        1.37633        24.8200       0.173893E+10   0.353858E+08    570690.       0.265785E+07   -316.826        264.147        60.4117               0           1       20063
          15    10.0230        9.98405        9.94274       -53.2616        73.2662       -130.837       0.525792E+10    11.0980        1.10980        26.2600       0.492659E+10   0.307822E+09   0.235028E+08   0.148672E+08   -20.5866      -0.689478        27.0183               0           0       17837
          16    10.2072        10.3709        9.73915       -39.0445       -42.7821        70.9557       0.138506E+10    12.1719        1.21719        24.1000       0.126561E+10   0.117987E+09   0.145787E+07   0.531296E+07    74.1909        198.364       -77.7361               0           1       16234
          17    10.4157        9.85208        9.65145       -69.3864       -19.9628        102.456       0.152660E+10    12.9473        1.29473        25.0300       0.143904E+10   0.867628E+08    800373.       0.204248E+07    181.472       -68.5928       -122.861               0           1       16027
          18    10.0082        9.85029        9.27012        5.60987        11.5511        128.795       0.161324E+10    13.4263        1.34263        23.4900       0.161214E+10    506831.        593664.       0.343314E+07   -28.2120       -69.5138       -319.069               0           1       15684
          19    10.1189        9.93305        10.2917       -61.8071        11.6288       -5.21111       0.110995E+10    11.6321        1.16321        23.4300       0.104355E+10   0.640617E+08   0.233480E+07   0.379643E+07    28.7729       -26.9308        206.586               0           1       13438
          20    9.67018        10.2042        10.1802       -18.1051       -50.2425        19.4406       0.118400E+10    11.9707        1.19707        21.5200       0.118339E+10    225739.        383428.       0.177983E+07   -202.120        112.575        149.185               0           1       13350
          21    10.1098        10.1075        9.91326       -25.8796        84.3035        143.446       0.135583E+10    10.0942        1.00942        19.2900       0.135026E+10   0.502875E+07    540028.       0.297082E+07    24.0648        62.8197        11.8498               0           0       13167
          22    10.2100        10.6009        9.78832       -58.9438        10.2796        81.8033       0.123815E+10    12.1631        1.21631        21.1700       0.122088E+10   0.170016E+08    261734.        757600.        75.6162        316.707       -52.4364               0           1       12940
          24    9.60530        10.2303        10.2604       -4.83432       -37.0122        18.3702       0.110538E+10    11.8215        1.18215        20.2600       0.110067E+10   0.461687E+07    96811.1        189166.       -235.503        126.020        190.486               0           1       12368
          25    9.61502        10.0269        10.0847        26.2161       -21.2751        40.1833       0.102014E+10    11.5596        1.15596        22.4800       0.101961E+10    192082.        344168.       0.124309E+07   -230.502        21.3430        100.057               0           1       11898
          26    9.68799        9.81757        9.76627        13.9425        104.202        95.6840       0.864529E+09    10.8392        1.08392        20.5900       0.856739E+09   0.734866E+07    441540.       0.209417E+07   -192.956       -86.3494       -63.7819               0           1       10786
          27    10.0777        10.0232        9.82933       -114.527       -80.7509       -89.1816       0.186099E+10    8.54747       0.854747        18.6000       0.150848E+10   0.344827E+09   0.768641E+07   0.200425E+07    7.55853        19.4392       -31.3352               0           0       10564
          28    10.2955        9.73752        9.63142      -0.122020        87.0277        102.154       0.968428E+09    9.12066       0.912066        15.7200       0.769113E+09   0.198275E+09   0.104063E+07   0.129610E+07    119.640       -127.538       -133.167               0           1        9528
          29    10.0875        10.0853        9.84197       -29.6999       -88.2963        102.084       0.237183E+09    6.01389       0.601389        12.5400       0.227965E+09   0.634734E+07   0.287114E+07   0.743402E+07    12.6267        51.3919       -24.8315               0           0        9408
          30    10.4522        9.47645        9.47060        12.9198        12.7865        68.4701       0.698925E+09    10.0551        1.00551        18.0800       0.698444E+09    396307.        85151.6        208264.        200.283       -261.868       -215.915               0           1        9125
          31    9.41273        9.80038        9.86905        10.7616        45.9469        50.4174       0.531047E+09    8.14407       0.814407        15.8500       0.499494E+09   0.313308E+08    221695.       0.128230E+07   -334.587       -95.1943       -10.8979               0           1        8993
          32    9.87947        9.49463        9.86006        2.93082        118.255        64.3320       0.743385E+09    10.4209        1.04209        19.0700       0.743006E+09    245382.        134284.        424532.       -94.4328       -252.514       -15.5236               0           1        8800
          33    9.38534        9.87226        9.90111        5.58163        45.1728        70.9792       0.831823E+09    10.0643        1.00643        16.4700       0.791643E+09   0.400423E+08    137167.        354599.       -348.680       -58.2095        5.59815               0           1        8437
          34    9.29158        10.1403        9.50917       -27.0344       -6.91533        111.335       0.853827E+09    10.8279        1.08279        20.6300       0.850753E+09   0.273740E+07    337226.        640844.       -396.923        79.6965       -196.069               0           1        8391
          35    9.57728        9.82802        9.83305       -2.08827        113.360        91.6746       0.558443E+09    8.92719       0.892719        16.2700       0.515041E+09   0.432752E+08    126375.        197125.       -249.920       -80.9725       -29.4212               0           1        7660
          36    10.2833        9.79683        9.63663       -56.6121        17.3962        90.2356       0.448386E+09    8.10085       0.810085        14.3200       0.440050E+09   0.825814E+07    77682.3        223718.        113.368       -97.0209       -130.486               0           1        7622
          37    10.5825        9.96681        9.52332       -52.3980       -36.8787        100.972       0.607522E+09    9.66349       0.966350        17.7400       0.597265E+09   0.102431E+08    14530.1        18665.1        267.286       -9.56008       -188.788               0           1        7170
          38    10.4764        9.76270        10.3762       -49.7629        31.9133        55.8609       0.584852E+09    9.55184       0.955184        19.2600       0.574069E+09   0.106282E+08    154475.        355635.        212.725       -114.582        250.044               0           1        7110
          39    9.67005        9.85850        9.82931        22.9717        35.5876        48.9726       0.667583E+09    9.65423       0.965423        15.9800       0.640081E+09   0.274753E+08    26965.7        65760.6       -202.187       -65.2895       -31.3455               0           1        6986
          41    10.0262        9.89155        9.81006        23.2335        74.3266        206.734       0.666827E+09    9.14484       0.914484        16.6500       0.660782E+09   0.603296E+07    12120.2        21402.3       -18.9143       -48.2841       -41.2504               0           0        6908
          42    9.55869        9.77906        9.57260        8.52765        78.7547        138.454       0.673546E+09    10.0592        1.00592        17.4000       0.668015E+09   0.548635E+07    44345.7        107311.       -259.486       -106.164       -163.432               0           1        6878
          43    10.3111        9.67714        9.64413        19.3204        91.7158        93.2814       0.357945E+09    7.94083       0.794083        15.7300       0.340285E+09   0.175498E+08    110358.        510611.        127.677       -158.606       -126.627               0           1        6458
          44    9.86241        9.87114        9.69468        28.8248        22.7780        167.137       0.508140E+09    8.59789       0.859789        15.5700       0.507974E+09    131693.        33999.0        60718.2       -103.211       -58.7857       -100.618               0           1        6399
          45    9.89938        9.92453        9.85187        86.6183        48.6201        101.174       0.640509E+09    9.08824       0.908824        18.1000       0.594937E+09   0.453080E+08    264676.        855024.       -84.1884       -31.3147       -19.7376               0           1        6359
          46    10.6132        9.83007        9.49239       -56.0699       -31.0686        87.8276       0.499551E+09    9.09287       0.909288        16.1100       0.499328E+09    180062.        42541.2        104395.        283.108       -79.9177       -204.703               0           1        6303
          47    10.0037        10.0011        9.82764       -111.165       -17.0922        139.019       0.689921E+09    7.18446       0.718446        12.7100       0.689549E+09    245527.        126003.        207779.       -30.5120        8.06278       -32.2048               0           0        6256
          48    10.0625        9.96443        9.86774        84.6898        13.5345        9.76775       0.304593E+10    7.02959       0.702959        18.1700       0.292035E+10   0.108017E+09   0.175636E+08   0.110320E+08  -0.267559       -10.7847       -11.5719               0           0        6110
          49    10.6757        9.42824        9.55257        78.1769        27.9968        82.9577       0.763771E+09    10.2151        1.02151        18.0400       0.763375E+09    288092.        107907.        121667.        315.272       -286.674       -173.738               0           1        5869
          50    10.1057        10.0049        10.3094       -91.8434        19.9444        26.3505       0.454338E+09    8.76563       0.876563        16.1400       0.446036E+09   0.824944E+07    52616.3        79291.2        21.9501        10.0592        215.663               0           1        5534
          52    10.0742        10.6295        9.65237       -61.2833        10.1661        29.4710       0.458359E+09    8.76254       0.876254        16.8700       0.457759E+09    557211.        42594.7        75128.0        5.74222        331.413       -122.388               0           1        5506
          53    10.0233        10.0349        9.92844       -139.917        99.7875        36.8669       0.741958E+09    7.50502       0.750502        16.5900       0.732782E+09   0.902186E+07    154054.        210192.       -20.4425        25.4541        19.6604               0           0        5479
          54    9.62781        10.0474        9.60253        1.56472       -12.8457        122.806       0.432085E+09    8.71109       0.871109        15.4500       0.431986E+09    41318.5        57830.2        100675.       -223.921        31.9012       -148.032               0           1        5455
          55    10.5567        9.74818        9.48263       -55.0264       -26.1002        70.3935       0.465690E+09    8.80576       0.880576        15.9800       0.465241E+09    371474.        77071.8        509936.        254.047       -122.053       -209.725               0           1        5302
          56    10.5688        9.46861        9.47476        69.0551        31.0579        88.8077       0.402426E+09    8.09879       0.809879        15.4200       0.366806E+09   0.355458E+08    74402.1        100008.        260.252       -265.902       -213.774               0           1        5147
          57    10.1227        10.0037        9.93757        49.6565        60.0954       -131.555       0.538607E+09    7.17314       0.717314        13.0800       0.533913E+09   0.466147E+07    31753.6        58747.9        30.7024        9.40057        24.3581               0           0        4923
          58    10.5966        9.59988        9.51708        49.4243        26.1177        79.5893       0.376125E+09    8.04528       0.804528        14.8300       0.374953E+09    714760.        457340.       0.109250E+07    274.531       -198.359       -191.999               0           1        4840
          59    10.1199        9.98919        9.91576        5.74344        51.7008       -155.528       0.803212E+09    7.37896       0.737896        14.8900       0.801455E+09   0.165117E+07    105868.        204472.        29.2565        1.95524        13.1361               0           0        4769
          60    10.1369        10.1014        9.79344       -33.3980       -4.81356       -6.67838       0.260301E+09    6.55621       0.655621        13.2000       0.255068E+09   0.520944E+07    23312.3        34708.7        38.0396        59.6862       -49.8019               0           1        4762
          61    10.2416        10.0681        9.11850        6.20985       -15.4268        113.561       0.493875E+09    9.10780       0.910780        17.3700       0.493841E+09    23763.2        10602.2        20015.5        91.8910        42.5418       -397.083               0           1        4556
          62    9.88767        9.88408        10.6053        17.8894       -5.06936        73.7569       0.597800E+09    8.34320       0.834320        14.1600       0.582466E+09   0.152731E+08    60458.3        95762.5       -90.2136       -52.1276        367.924               0           1        4528
          63    9.63369        9.96132        10.0295        13.8870        28.9152        25.2525       0.358514E+09    8.17340       0.817340        15.6700       0.358159E+09    97112.0        257354.        432592.       -220.895       -12.3849        71.6337               0           1        4380
          64    10.0243        9.95053        9.97099       -84.1248        22.8035        218.295       0.705272E+09    6.28402       0.628402        11.1100       0.645155E+09   0.596377E+08    479136.        565315.       -19.9383       -17.9367        41.5539               0           0        4334
          65    9.98144        9.88145        10.4478        10.1611        4.41664        27.6533       0.403080E+09    8.33188       0.833188        15.2200       0.392745E+09   0.102273E+08    107628.        308405.       -41.9656       -53.4809        286.885               0           1        4235
          66    10.0798        10.1936        9.90878       -82.8782       -102.836        95.9122       0.336732E+09    7.96038       0.796038        17.1100       0.336045E+09    356976.        329923.       0.114456E+07    8.63906        107.106        9.54464               0           1        4200
          67    9.93129        9.86023        9.79648        46.0122        38.3855        164.411       0.342665E+09    7.85850       0.785850        15.5100       0.331805E+09   0.107591E+08    101626.        221245.       -67.7695       -64.3993       -48.2377               0           1        4156
          68    9.58463        9.85097        9.87555       -1.76276        107.370        98.2398       0.278172E+09    7.01930       0.701930        12.3800       0.254652E+09   0.233935E+08    126631.        220677.       -246.139       -69.1639       -7.55339               0           1        4139
          69    9.39815        9.85993        9.92048        23.8396        9.52370        73.6300       0.397210E+09    7.76640       0.776640        13.0000       0.375535E+09   0.216275E+08    47173.8        53824.8       -342.089       -64.5537        15.5647               0           1        4112
          70    10.4101        9.81298        9.55285       -70.4017       -12.8198        86.9797       0.313955E+09    7.73039       0.773038        14.3500       0.309191E+09   0.465726E+07    106466.        199621.        178.601       -88.7111       -173.594               0           1        4052
          71    10.7846        9.50871        10.1592       -16.3530        13.3186        40.1429       0.408949E+09    8.51454       0.851454        14.4500       0.408707E+09    225524.        15817.0        17575.0        371.284       -245.269        138.415               0           1        3776
          72    10.6329        9.85775        9.43861       -63.8864       -40.9311        82.5045       0.289585E+09    7.59455       0.759455        12.7800       0.289404E+09    181302.        0.00000        0.00000        293.239       -65.6754       -232.375               1           1        3745
          73    9.61039        10.4024        10.1772       -22.0975       -43.8050        22.1253       0.288740E+09    7.59969       0.759969        13.2700       0.288656E+09    42999.0        40892.8        127380.       -232.884        214.556        147.646               0           1        3633
          74    10.2430        10.6155        9.69788       -57.7321        10.1145        43.8537       0.282800E+09    7.13867       0.713867        13.9700       0.267871E+09   0.147107E+08    217604.        429417.        92.6216        324.194       -98.9710               0           1        3594
          75    9.74861        9.86395        9.52570        7.54613       -5.89177        135.002       0.286007E+09    7.44842       0.744842        13.4400       0.285829E+09    155722.        22060.1        38316.2       -161.765       -62.4853       -187.564               0           1        3499
          76    10.4721        9.51022        9.49948        48.8723        22.3243        85.8400       0.212877E+09    6.55467       0.655467        11.8300       0.198784E+09   0.140637E+08    29982.6        61974.2        210.481       -244.492       -201.055               0           1        3479
          77    10.1205        10.0068        9.89491        92.2341        57.2652        235.300       0.385119E+09    5.78904       0.578904        12.9200       0.384431E+09    665702.        22098.7        25743.5        29.5858        10.9905        2.40803               0           0        3451
          78    10.8176        9.93470        9.39295       -59.6791       -44.1388        56.9535       0.280634E+09    7.56933       0.756933        14.1100       0.280508E+09    92799.0        32739.5        167651.        388.269       -26.0818       -255.868               0           1        3431
          79    10.0554        9.97344        10.0078       -48.9382        16.6025        9.72835       0.245123E+09    5.51119       0.551119        11.9100       0.243429E+09   0.147062E+07    223519.        281565.       -3.88989       -6.14871        60.4837               0           0        3384
          80    9.31978        9.57145        9.97432       -32.0312        111.743        64.1675       0.323519E+09    7.91253       0.791253        14.7200       0.323325E+09    165275.        29599.5        123351.       -382.413       -212.987        43.2673               0           1        3356
          81    10.4909        9.45317        9.75714        17.7568        72.1766        14.2689       0.246146E+09    7.18240       0.718240        13.3300       0.246006E+09    140416.        0.00000        0.00000        220.144       -273.846       -68.4796               1           1        3349
          82    9.64321        9.79937        9.64867        12.9703        87.0267        135.683       0.253267E+09    7.23746       0.723746        14.0200       0.250745E+09   0.249803E+07    23699.4        36446.7       -215.997       -95.7140       -124.291               0           1        3322
          83    10.1581        10.6262        9.62392       -22.0246        15.0905        38.8311       0.277424E+09    7.45459       0.745459        14.9800       0.274606E+09   0.267656E+07    141763.        204913.        48.9324        329.710       -137.026               0           1        3268
          84    10.0624        10.0538        10.0167       -13.8523       -46.5318       -91.2551       0.233471E+09    6.73476       0.673476        12.9100       0.233203E+09    268573.        0.00000        0.00000      -0.303576        35.2148        65.0682               1           0        3236
          85    9.43992        9.79200        9.85468       -19.1867        146.020        96.3756       0.339898E+09    7.62130       0.762130        13.0600       0.331223E+09   0.867513E+07    0.00000        0.00000       -320.597       -99.5061       -18.2918               1           1        3231
          87    9.51405        9.86276        9.85976       -1.05932        4.36816        149.672       0.475944E+09    7.07590       0.707590        13.8200       0.435395E+09   0.404152E+08    134053.        318166.       -282.455       -63.0975       -15.6779               0           1        3204
          88    10.3902        9.64685        9.56622       -40.5980        12.6425        65.2466       0.150828E+09    5.88011       0.588011        11.2700       0.148734E+09   0.203129E+07    62385.4        121124.        168.377       -174.191       -166.715               0           1        3061
          89    9.36421        9.86437        9.83012        31.7226        44.6551        66.4249       0.284237E+09    5.90841       0.590841        11.1500       0.280342E+09   0.389537E+07    0.00000        0.00000       -359.553       -62.2691       -30.9288               1           1        2990
          90    10.1030        10.0286        9.88511        49.5232        144.720        40.7527       0.520268E+09    5.75663       0.575663        13.6100       0.514792E+09   0.494134E+07    534926.       0.101507E+07    20.5711        22.2125       -2.63442               0           0        2977
          91    10.0067        9.99275        9.71462       -46.6014       -122.244        115.576       0.235876E+09    6.94263       0.694263        13.0100       0.235780E+09    57243.7        38926.9        53753.4       -28.9787        3.78698       -90.3577               0           1        2941
          92    9.44119        10.2658        10.0371        4.48023       -17.7719        49.4861       0.225565E+09    6.98740       0.698740        12.2100       0.224473E+09   0.109161E+07    0.00000        0.00000       -319.944        144.260        75.5699               1           1        2920
          93    9.55085        9.54130        9.90102       -21.9137        118.628        68.6281       0.239432E+09    7.12683       0.712683        11.7600       0.237858E+09   0.157388E+07    0.00000        0.00000       -263.520       -228.500        5.55184               1           1        2918
          94    10.1952        10.7621        9.58008       -70.5212        64.0082        42.8428       0.370407E+09    6.15488       0.615488        13.0800       0.361402E+09   0.890450E+07    100951.        112392.        68.0268        399.625       -159.583               0           1        2886
          95    10.0312        9.85640        9.77456        21.4805        142.674        114.706       0.215067E+09    6.59532       0.659532        12.5500       0.200696E+09   0.143228E+08    48306.3        163817.       -16.3777       -66.3700       -59.5164               0           1        2871
          96    10.0822        10.2123        9.61373       -66.1659       -65.5518        62.2723       0.219122E+09    6.95704       0.695704        12.9600       0.219069E+09    38550.8        14387.3        19018.8        9.86365        116.748       -142.269               0           1        2803
          97    10.1414        9.75055        10.8070       -23.0822       -17.4836        70.2080       0.226952E+09    6.99666       0.699666        14.2000       0.226219E+09    539323.        194026.        395019.        40.3499       -120.834        471.691               0           1        2792
          98    9.91347        9.94886        9.90837        105.712        61.0950        74.0314       0.168659E+09    5.75868       0.575868        10.5400       0.168521E+09    113152.        24769.1        88025.5       -76.9386       -18.7960        9.33368               0           1        2705
          99    10.7968        9.98899        9.81679       -70.7030       -31.9417        34.8439       0.191415E+09    6.58348       0.658348        11.4800       0.190969E+09    446148.        0.00000        0.00000        377.582        1.85233       -37.7875               1           1        2630
         100    9.75198        9.87212        9.50706        10.4864       0.842838        148.054       0.214914E+09    6.66838       0.666838        12.0700       0.214829E+09    85163.2        0.00000        0.00000       -160.031       -58.2815       -197.155               1           1        2608
         101    9.54831        9.93729        9.91429       -8.98117        34.9919        84.5923       0.210377E+09    6.85825       0.685825        13.7000       0.210257E+09    30064.3        89899.3        143767.       -264.827       -24.7492        12.3797               0           1        2551
         103    10.2042        10.3427        9.76271       -87.7095       -53.6477      -0.491648       0.252027E+09    7.01981       0.701981        11.9500       0.248334E+09   0.368522E+07    7989.30        21006.3        72.6268        183.849       -65.6136               0           1        2521
         104    10.2963        10.5345        9.70129       -105.984       -22.6895        3.27787       0.211857E+09    6.80371       0.680371        11.6500       0.208594E+09   0.326318E+07    0.00000        0.00000        120.031        282.563       -97.2164               1           1        2494
         105    9.83977        9.91133        9.84126        61.1299        39.5578        143.157       0.202430E+09    6.51351       0.651351        11.8000       0.195791E+09   0.663972E+07    0.00000        0.00000       -114.860       -38.1065       -25.1968               1           1        2477
         106    10.3147        9.63818        9.56170        3.65388        40.9097        98.8850       0.179244E+09    6.41163       0.641163        10.6100       0.177500E+09   0.171761E+07    26314.9        60056.0        129.524       -178.652       -169.041               0           1        2476
         107    9.56132        9.85689        9.79805       -13.2275        72.6953        98.0050       0.155138E+09    6.01183       0.601184        11.1700       0.149566E+09   0.555192E+07    20020.1        93227.5       -258.132       -66.1179       -47.4299               0           1        2475
         108    9.63467        9.97630        9.78628        5.86488        55.3708        74.6868       0.197405E+09    6.71572       0.671572        12.2900       0.197287E+09    51115.8        66368.3        203958.       -220.391       -4.67713       -53.4860               0           1        2442
         109    9.90196        10.0301        9.84785        86.5549        45.5444        119.012       0.196593E+09    6.68845       0.668845        12.7900       0.196539E+09    30005.2        24046.7        67535.1       -82.8609        22.9946       -21.8060               0           1        2432
         110    9.92052        9.92216        10.0774        64.8174       -41.2036        4.58714       0.126499E+09    5.39645       0.539645        9.26000       0.126370E+09    128435.        0.00000        0.00000       -73.3111       -32.5341        96.3263               1           1        2424
         111    10.0410        10.0727        10.0821       -14.3401       -18.8512       -66.3434       0.191153E+09    6.63288       0.663288        13.0600       0.190969E+09    142458.        42331.8        195241.       -11.3146        44.9344        98.7189               0           1        2421
         112    10.2035        9.82232        9.62450        24.8052        86.2266        129.647       0.168686E+09    5.97736       0.597736        11.5300       0.168604E+09    23829.0        57915.9        115560.        72.2769       -83.9054       -136.728               0           1        2413
         113    9.72310        9.87250        9.81965        26.1705        27.6652        36.6233       0.154016E+09    5.96810       0.596810        10.8600       0.150148E+09   0.385413E+07    14295.3        45802.5       -174.891       -58.0860       -36.3159               0           1        2412
         114    10.4136        10.5319        9.52193       -63.6829        1.64624        109.218       0.192854E+09    6.64008       0.664008        11.4200       0.190885E+09   0.196820E+07    0.00000        0.00000        180.391        281.178       -189.504               1           1        2387
         115    9.24999        9.80551        9.85173       -7.92173        14.3410        103.589       0.167448E+09    6.01801       0.601801        11.4200       0.163284E+09   0.414312E+07    21194.4        46875.3       -418.323       -92.5547       -19.8096               0           1        2387
         116    10.0046        10.0032        9.81236       -79.1760        54.8951        223.844       0.262275E+09    5.48495       0.548495        10.6200       0.262052E+09    215159.        7835.62        21524.5       -30.0335        9.16903       -40.0669               0           0        2372
         117    10.1060        9.75568        9.74043        25.5270        112.761        111.424       0.151546E+09    6.07461       0.607461        10.8000       0.150397E+09   0.114646E+07    2640.73        15948.8        22.1302       -118.194       -77.0775               0           1        2341
         118    10.5044        9.59487        9.42845        27.8516        48.9712        25.4924       0.202088E+09    6.70697       0.670697        12.3600       0.201444E+09    590058.        54186.5        84643.0        227.096       -200.937       -237.602               0           1        2285
         121    10.6398        9.88805        9.46811       -68.7989       -47.7473        84.7541       0.172590E+09    6.41678       0.641677        11.8900       0.172512E+09    77715.3        0.00000        0.00000        296.805       -50.0849       -217.196               1           1        2252
         122    9.83634        9.89687        9.75208        23.3314        105.085        49.5140       0.156371E+09    6.05300       0.605300        11.3100       0.156051E+09    299806.        21129.9        39929.6       -116.625       -45.5467       -71.0831               0           1        2248
         123    10.4568        9.60606        9.52695       -47.3006       -17.4370        57.4634       0.149823E+09    5.98765       0.598765        10.3900       0.148152E+09   0.167040E+07    0.00000        0.00000        202.629       -195.179       -186.921               1           1        2228
         124    9.44658        9.80039        9.83791       -4.62806        121.833        133.496       0.171173E+09    5.89812       0.589812        10.1800       0.169103E+09   0.206966E+07    0.00000        0.00000       -317.170       -95.1892       -26.9205               1           1        2216
         125    10.1596        9.88770        10.4378       -38.4473        9.77205        10.7592       0.177178E+09    6.46874       0.646874        13.1100       0.175422E+09   0.162400E+07    132446.        212543.        49.7145       -50.2650        281.724               0           1        2211
         126    10.1848        10.7421        9.57737       -51.9183       -49.7185        53.9159       0.790944E+09    7.99537       0.799537        16.3200       0.781665E+09   0.531430E+07   0.396408E+07   0.221285E+07    62.6859        389.349       -160.978               0           1        2208
         127    9.36625        9.86699        9.86531       -4.66460        103.884        89.8473       0.166022E+09    5.12941       0.512941        9.13000       0.161538E+09   0.448469E+07    0.00000        0.00000       -358.503       -60.9211       -12.8222               1           1        2196
         128    10.0765        9.96921        9.89299       -16.9843        59.3147       -231.024       0.116133E+10    4.69154       0.469154        11.6300       0.110492E+10   0.488876E+08   0.752539E+07   0.498465E+07    6.96167       -8.32519        1.42012               0           0        2189
         129    9.61618        10.4849        9.93552       -11.1889       -19.8689        57.4250       0.163487E+09    6.28917       0.628917        11.7500       0.163450E+09    30619.8        6356.44        23256.7       -229.905        256.995        23.3033               0           1        2182
         130    9.50900        9.55975        9.93492       -18.7246        110.157        63.0094       0.177970E+09    6.50322       0.650322        11.9500       0.177334E+09    636247.        0.00000        0.00000       -285.053       -219.007        22.9946               1           1        2180
         131    10.1104        9.76456        9.69533        27.3466        81.2694        161.568       0.203244E+09    6.67816       0.667816        11.6700       0.198035E+09   0.520843E+07    0.00000        0.00000        24.3839       -113.625       -100.283               1           1        2172
         132    10.5157        9.84086        9.52118       -55.1663       -35.5286        86.6720       0.136455E+09    5.89195       0.589195        10.2300       0.136430E+09    24843.8        0.00000        0.00000        232.941       -74.3659       -189.890               1           1        2162
         133    10.3594        9.70719        9.70119       -44.6792        13.0418        97.3105       0.151971E+09    6.08799       0.608799        11.2800       0.151727E+09    243331.        0.00000        0.00000        152.503       -143.144       -97.2679               1           1        2141
         134    9.49749        10.1367        9.38225       -13.3926       -11.1105        133.794       0.172990E+09    6.36120       0.636121        11.4000       0.172844E+09    145700.        0.00000        0.00000       -290.975        77.8596       -261.374               1           1        2065
         135    10.0445        9.78582        10.2371       -81.3647        1.96183        3.43426       0.173642E+09    6.35657       0.635657        10.7700       0.173593E+09    49689.7        0.00000        0.00000       -9.51377       -102.686        178.462               1           1        2063
         136    10.6856        9.34175        9.69022        62.9808        82.9654        5.72738       0.195315E+09    6.63134       0.663134        11.8600       0.195125E+09    189760.        0.00000        0.00000        320.345       -331.176       -102.912               1           1        2057
         137    9.38007        9.87190        9.84344        12.3086        87.8050        108.546       0.738970E+09    6.00257       0.600257        12.5300       0.710668E+09   0.281291E+08    172452.        470209.       -351.392       -58.3947       -24.0751               0           1        2056
         138    10.4686        9.34714        9.79642        34.0548        92.9861        32.7549       0.160152E+09    6.23566       0.623566        11.0300       0.160124E+09    27318.7        0.00000        0.00000        208.706       -328.403       -48.2686               1           1        2023
         139    9.44209        9.85300        10.0027        17.2353        15.1933        22.4740       0.426936E+09    6.10291       0.610291        13.2400       0.409788E+09   0.170749E+08    72972.4        137186.       -319.481       -68.1194        57.8904               0           1        2005
         140    10.3436        9.71934        9.64293       -73.2616       -1.01094        85.2015       0.124861E+09    5.59661       0.559660        10.6200       0.122878E+09   0.197248E+07    9800.99        18887.1        144.394       -136.892       -127.245               0           1        1985
         141    9.92181        9.93773        9.82274        87.0990        48.1498        48.4658       0.133790E+09    5.64754       0.564754        11.3200       0.132273E+09   0.150164E+07    15289.3        44017.9       -72.6473       -24.5228       -34.7260               0           1        1979
         142    9.37891        9.85607        9.85278       -12.5258        53.0086        98.1323       0.127347E+10    7.42424       0.742424        16.2600       0.120568E+10   0.671635E+08    631365.        455374.       -351.989       -66.5398       -19.2694               0           1        1973
         143    9.95545        10.4773        9.98059       -28.9997       -50.7449        8.48278       0.138427E+09    5.86622       0.586622        11.0100       0.138259E+09    168268.        0.00000        0.00000       -55.3383        253.090        46.4935               1           1        1958
         144    10.3664        10.5824        9.57334       -69.6450        13.4119        104.843       0.218947E+09    6.87059       0.687060        11.4100       0.218570E+09    376608.        0.00000        0.00000        156.131        307.204       -163.051               1           1        1955
         145    10.4038        10.3341        9.14824       -20.9001       -6.91223        102.560       0.158973E+09    6.26087       0.626087        11.0000       0.158960E+09    12709.2        0.00000        0.00000        175.333        179.403       -381.781               1           1        1942
         146    9.59191        10.5558        10.1349       -27.2514       -34.8609        25.9202       0.198920E+09    6.73013       0.673013        12.7700       0.198617E+09    302895.        0.00000        0.00000       -242.393        293.517        125.902               1           1        1885
         147    10.0199        10.0474        10.1767        31.4053      -0.241735       -22.9181       0.153097E+09    6.14922       0.614922        12.1800       0.151062E+09   0.200458E+07    30699.7        64032.9       -22.1971        31.9115        147.389               0           1        1881
         148    10.0177        10.0884        9.91446       -34.3561        31.5067        50.2724       0.176594E+09    5.24055       0.524055        10.0000       0.176419E+09    175107.        0.00000        0.00000       -23.2982        53.0024        12.4672               1           0        1850
         149    9.50771        10.6238        9.88558       -20.5459       -10.9194        50.3468       0.134825E+09    5.87137       0.587137        10.9300       0.134767E+09    43138.7        14594.7        20126.4       -285.717        328.464       -2.39259               0           1        1841
         150    9.97728        9.87531        8.99119        15.9661        18.1613        125.194       0.244622E+09    7.19475       0.719475        13.7300       0.244177E+09    412808.        31746.7        70134.4       -44.1060       -56.6401       -462.588               0           1        1830
         151    10.4078        10.1619        9.54842       -73.4570       -27.5515        96.5259       0.145433E+09    6.06998       0.606998        11.1700       0.145409E+09    4129.45        20226.9        41383.1        177.407        90.8156       -175.874               0           1        1810
         152    9.94675        9.94602        10.0660        88.5397       -2.53535        1.56185       0.141346E+09    5.77463       0.577463        10.9800       0.138259E+09   0.305909E+07    27980.1        63350.9       -59.8148       -20.2573        90.4246               0           1        1777
         153    10.0136        9.94874        9.97253        32.9937       -117.507       -107.591       0.428110E+09    5.37947       0.537947        10.5100       0.403387E+09   0.246004E+08    123110.        133344.       -25.4181       -18.8577        42.3463               0           0        1741
         154    9.94901        9.79261        9.76034        22.7391        115.616        144.889       0.140402E+09    5.95781       0.595781        11.6500       0.138841E+09   0.156089E+07    0.00000        0.00000       -58.6520       -99.1922       -66.8331               1           1        1705
         155    10.1035        9.75464        10.3500       -78.4472       -8.56929        19.3265       0.132926E+09    5.84821       0.584821        10.5100       0.132522E+09    375190.        28411.0        35532.6        20.8593       -118.729        236.594               0           1        1696
         156    9.81171        10.0195        10.1567        31.6155       -39.2209        6.44072       0.109967E+09    5.43298       0.543298        9.68000       0.109659E+09    296404.        10897.2        19792.4       -129.298        17.5611        137.083               0           1        1691
         158    9.12611        9.80187        9.76383       -33.7786       -20.6863        87.9768       0.139020E+09    5.93002       0.593002        10.0200       0.137677E+09   0.134317E+07    0.00000        0.00000       -482.064       -94.4276       -65.0373               1           1        1642
         159    10.0294        10.4666        9.33600       -1.19228       -3.91026        121.619       0.157310E+09    6.21250       0.621250        11.2100       0.157298E+09    12217.2        0.00000        0.00000       -17.2884        247.626       -285.171               1           1        1631
         160    9.82838        10.3405        10.0913       -20.2491       -60.6132        4.37047       0.105108E+09    5.42063       0.542063        10.3400       0.105087E+09    21261.3        0.00000        0.00000       -120.720        182.737        103.458               1           1        1627
         161    9.54055        10.1748        9.56744       -9.56412       -19.3034        119.554       0.147990E+09    6.08439       0.608438        10.3000       0.147986E+09    4342.78        0.00000        0.00000       -268.819        97.4480       -166.087               1           1        1625
         162    9.40128        9.75274        10.0678        8.53997        17.1741        22.2582       0.123899E+09    5.67070       0.567070        9.98000       0.123793E+09    106098.        0.00000        0.00000       -340.479       -119.707        91.3404               1           1        1608
         164    10.3638        9.68858        9.49784        6.75748        72.3842        47.2567       0.120422E+09    5.59815       0.559815        10.1700       0.119719E+09    694486.        8853.15        20371.2        154.762       -152.719       -201.899               0           1        1540
         165    9.66483        9.87523        9.92479        12.7779        43.6489        74.8584       0.114005E+09    5.45768       0.545768        12.2400       0.111655E+09   0.229477E+07    55087.8        108705.       -204.873       -56.6813        17.7824               0           1        1488
         166    10.7557        9.51929        9.88154       -7.95922        16.8406        15.2472       0.114866E+09    5.62233       0.562233        10.3700       0.114814E+09    40513.4        11244.9        18091.1        356.435       -239.825       -4.47132               0           1        1470
         167    10.3017        9.67320        9.38536        34.6613        43.4980        138.228       0.192447E+09    6.62568       0.662568        12.5100       0.191800E+09    578822.        67809.1        20489.7        122.830       -160.633       -259.774               0           1        1325
         168    10.1396        10.3666        10.5657       -49.7991       -56.3981        8.85246       0.112153E+09    5.56933       0.556933        11.4300       0.111156E+09    997443.        0.00000        0.00000        39.4135        196.157        347.559               1           1        1323
         169    10.4427        10.6462        10.0895       -73.3792       -45.7276        3.95864       0.109562E+09    5.54515       0.554515        10.8000       0.109410E+09    152407.        0.00000        0.00000        195.344        339.990        102.537               1           1        1306
         170    10.2926        10.6437        9.68701       -83.8934        23.9342        111.605       0.109951E+09    5.44019       0.544019        9.86000       0.109826E+09    124838.        0.00000        0.00000        118.112        338.698       -104.564               1           1        1034
         171    9.66434        9.84091        10.6123       -8.89396       -37.8302        42.2640       0.109249E+09    5.50142       0.550142        10.4000       0.109244E+09    5133.02        0.00000        0.00000       -205.125       -74.3402        371.546               1           1         998
         172    9.85872        9.90317        9.25543        2.14256        17.9398        144.698       0.124641E+09    5.71906       0.571906        10.9100       0.124541E+09    79060.6        21187.2        38192.5       -105.109       -42.3051       -326.627               0           1         984
         173    10.5483        9.54110        9.43008        26.2527        34.5854        8.18787       0.138582E+09    5.95009       0.595009        11.1600       0.137511E+09   0.107079E+07    0.00000        0.00000        249.689       -228.603       -236.764               1           1         941
