#          i      x              y              z              v_x            v_y            v_z            Mvir           Rvir     Rs (Rockstar)       v_max           Mdm           Mgas           Mstars    Avg age of stars     xc             yc             zc      flag DM only  flag outside Rvir  Np bound
# (h^-1 comoving Mpc) (h^-1 comoving Mpc) (h^-1 comoving Mpc) (km/s)         (km/s)         (km/s)         (Msun)         (kpc)         (kpc)           (km/s)         (Msun)         (Msun)         (Msun)         (yrs)          (kpc)          (kpc)          (kpc)
           1    10.1269        9.94861        9.59200       -6.94445        28.2569        70.3819       0.984627E+11    36.1273        3.61273        104.330       0.895600E+11   0.655812E+10   0.234465E+10   0.525695E+10    0.00000        0.00000        0.00000               0           0      911319
           2    10.2640        10.1803        9.59133       -43.8788       -39.3499        58.3692       0.408011E+11    26.7041        2.67041        82.6000       0.370976E+11   0.301854E+10   0.684921E+09   0.286578E+10    49.0036        82.8046      -0.239495               0           1      388890
           4    10.1854        9.95028        10.0443       -61.9311        7.12519       -10.1685       0.135640E+11    19.1611        1.91611        56.6300       0.126045E+11   0.820014E+09   0.139554E+09   0.832987E+09    20.9147       0.596951        161.670               0           1      158385
           5    10.1377        9.94569        9.94383       -66.1973        4.91053        7.64801       0.158929E+11    18.7736        1.87736        53.0800       0.135753E+11   0.224448E+10   0.730735E+08   0.290130E+09    3.83908       -1.04377        125.764               0           1       61068
           6    10.1153        9.94784        9.91710        31.3262        6.25004        39.8060       0.103325E+11    13.2988        1.32988        40.7500       0.901563E+10   0.124593E+10   0.709140E+08   0.263747E+09   -4.15364      -0.275241        116.209               0           1       55741
           7    10.4290        10.7520        9.50628       -13.6951        39.5087        40.8450       0.125809E+11    15.6970        1.56970        44.0900       0.115833E+11   0.975869E+09   0.216930E+08   0.765500E+08    107.984        287.180       -30.6411               0           1       47390
          10    9.80913        9.48987        9.41208        7.19545        81.4960        70.1417       0.348126E+10    11.9043        1.19043        35.8500       0.334587E+10   0.122513E+09   0.128800E+08   0.956537E+08   -113.592       -163.979       -64.3134               0           1       42599
          11    10.0593        9.93629        9.94656        45.5818        20.1966        16.4134       0.464575E+10    12.3726        1.23726        35.0200       0.405323E+10   0.578389E+09   0.141257E+08   0.514587E+08   -24.1676       -4.40386        126.740               0           1       40769
          12    9.51179        9.75404        9.60564       -2.04954        24.9574        55.4449       0.319953E+10    11.3649        1.13650        31.9100       0.293457E+10   0.259987E+09   0.496726E+07   0.436750E+08   -219.878       -69.5502        4.87570               0           1       37189
          13    9.07002        9.77008        9.47072       -21.2826        5.02448        60.6955       0.528024E+10    13.2823        1.32823        37.6400       0.492134E+10   0.346264E+09   0.126396E+08   0.820248E+08   -377.791       -63.8166       -43.3522               0           1       29573
          14    9.94160        9.79387        9.43233        40.2497        24.3682        123.581       0.302593E+10    11.1229        1.11230        30.8000       0.274984E+10   0.272905E+09   0.318823E+07   0.288842E+08   -66.2401       -55.3127       -57.0750               0           1       27873
          15    10.0347        10.0085        9.95558        20.4451        7.55542       -21.9688       0.251395E+10    10.5571        1.05571        29.3700       0.236739E+10   0.142665E+09   0.390095E+07   0.337980E+08   -32.9610        21.4080        129.964               0           1       26413
          16    10.1348        9.45033        9.30143        33.0106        79.9563        75.2300       0.199722E+10    9.81359       0.981359        28.9300       0.186422E+10   0.126243E+09   0.675720E+07   0.516590E+08    2.80245       -178.113       -103.866               0           1       25015
          17    9.46579        9.75535        9.91460       -5.76296        24.4922        21.3182       0.207079E+10    9.97552       0.997552        27.8300       0.192475E+10   0.143699E+09   0.234000E+07   0.119588E+08   -236.321       -69.0819        115.315               0           1       22766
          18    10.1476        9.95989        9.92347       -37.1767       -9.40071        58.8786       0.456214E+10    8.98072       0.898072        29.4300       0.399580E+10   0.537950E+09   0.283922E+08   0.612546E+08    7.40291        4.03210        118.486               0           1       21604
          19    10.2293        9.94628        10.2851       -43.4239        1.46893        20.4701       0.149748E+10    8.73300       0.873300        26.3300       0.136247E+10   0.132339E+09   0.266320E+07   0.326175E+08    36.6106      -0.832872        247.742               0           1       18458
          20    9.90082        9.88279        10.4651        7.20064        9.67936        39.0893       0.255011E+10    10.5517        1.05517        29.3400       0.226679E+10   0.282243E+09   0.107924E+07   0.900562E+07   -80.8172       -23.5277        312.087               0           1       17743
          21    10.1051        9.88058        9.64587        71.9050        119.116        114.093       0.230141E+10    9.22808       0.922808        28.6300       0.207349E+10   0.223612E+09   0.431534E+07   0.189088E+08   -7.79254       -24.3177        19.2561               0           0       17300
          22    9.93792        9.85360        9.59940        63.6295        49.2906        76.1472       0.139276E+10    8.60610       0.860610        24.1900       0.123868E+10   0.150297E+09   0.378776E+07   0.453466E+08   -67.5556       -33.9619        2.64517               0           1       15981
          23    10.2275        10.1672        9.53777       -55.9857       -129.929        77.4725       0.196325E+10    8.62505       0.862505        26.0900       0.175282E+10   0.206570E+09   0.386067E+07   0.112002E+08    35.9672        78.1291       -19.3848               0           1       15447
          24    10.3145        10.5009        9.51769       -28.9029       -30.8089        47.3615       0.126021E+10    8.28296       0.828296        24.9800       0.122230E+10   0.365942E+08   0.131223E+07   0.298095E+08    67.0587        197.430       -26.5625               0           1       15020
          25    10.1443        9.97191        9.81823       -61.2224       -14.7474        28.1537       0.133733E+10    8.19431       0.819431        27.7400       0.107772E+10   0.256393E+09   0.321911E+07   0.384807E+08    6.21973        8.32872        80.8672               0           1       14364
          26    9.48970        10.5480        9.87259       -7.89713       -11.8253        33.7753       0.144817E+10    9.07187       0.907187        25.1800       0.143481E+10   0.127947E+08    567361.       0.145691E+08   -227.774        214.255        100.299               0           1       14028
          27    10.2872        9.88848        10.2909       -27.8451        12.3987        2.77116       0.111054E+10    7.98806       0.798806        23.7900       0.100672E+10   0.101528E+09   0.229647E+07   0.177731E+08    57.3037       -21.4938        249.822               0           1       13765
          28    10.6152        9.91247        9.29101       -43.9670       -11.2416        91.7155       0.941354E+09    7.79682       0.779682        23.4500       0.932062E+09   0.852065E+07    770829.       0.105713E+08    174.560       -12.9185       -107.591               0           1       12754
          29    9.38613        9.71072        9.67282      -0.359739        33.6816        34.6214       0.103710E+10    7.81112       0.781112        21.6800       0.973050E+09   0.635996E+08    451763.       0.479863E+07   -264.796       -85.0352        28.8896               0           1       12347
          30    9.94028        9.95515        9.99234        49.3778       -22.8183        11.1218       0.121099E+10    8.29226       0.829226        23.1000       0.111763E+10   0.929738E+08    389611.       0.417294E+07   -66.7120        2.33776        143.104               0           1       12288
          31    10.0441        9.90803        9.98251        72.8973       -3.81267        2.19764       0.106077E+10    7.61309       0.761309        22.2800       0.997826E+09   0.608995E+08   0.204309E+07   0.207455E+08   -29.6009       -14.5056        139.590               0           1       11951
          32    9.99800        9.82145        8.84262      -0.291377        4.95877        100.246       0.107703E+10    8.22005       0.822005        24.2200       0.106774E+10   0.870531E+07    577632.       0.195132E+08   -46.0796       -45.4541       -267.870               0           1       11743
          35    9.87304        9.82440        9.70474        44.3305        11.2002        33.3760       0.919390E+09    7.81934       0.781934        23.8800       0.905291E+09   0.135782E+08    520670.       0.172594E+08   -90.7473       -44.3996        40.2996               0           1       10819
          36    9.66254        9.47224        9.47219        7.53074        77.4371        66.5536       0.838207E+09    7.28316       0.728316        21.5100       0.767365E+09   0.704409E+08    401177.       0.105533E+08   -165.992       -170.281       -42.8268               0           1       10746
          37    10.0383        9.96408        9.59509       -14.9220        79.6527        109.653       0.103060E+10    6.50105       0.650105        20.7600       0.101022E+10   0.183935E+08   0.198578E+07   0.344682E+08   -31.6706        5.52984        1.10454               0           0       10607
          38    10.1531        10.0003        9.60050       -29.2971       -26.8589        67.9450       0.275909E+10    6.87924       0.687924        27.4400       0.260734E+10   0.110232E+09   0.415229E+08   0.283817E+09    9.34747        18.4662        3.03837               0           0       10553
          39    9.77870        9.84886        8.87921        9.04553       -3.29706        107.250       0.140913E+10    8.85203       0.885203        24.6100       0.135075E+10   0.581527E+08    226825.       0.237389E+07   -124.470       -35.6562       -254.791               0           1       10528
          40    10.2562        10.1662        9.60184       -74.0254       -47.5193        97.8002       0.586191E+10    5.83511       0.583511        27.0000       0.485025E+10   0.826757E+09   0.184902E+09   0.667140E+09    46.2262        77.7752        3.51736               0           1        9195
          41    9.75186        10.3632        10.1130       -23.1889       -32.3357        15.0888       0.793577E+09    7.47905       0.747905        21.6300       0.791642E+09   0.154710E+07    388755.       0.103230E+08   -134.064        148.201        186.245               0           1        8770
          42    10.2178        9.44116        9.29653        31.3744        83.7304        80.8232       0.115880E+10    7.68280       0.768280        21.4800       0.102659E+10   0.131003E+09   0.120600E+07   0.901321E+07    32.4927       -181.391       -105.617               0           1        8364
          43    9.53972        10.1012        9.93402        14.5454       -17.0802        38.9102       0.691022E+09    7.14590       0.714590        22.2100       0.689548E+09   0.112397E+07    350494.       0.713405E+07   -209.894        54.5335        122.257               0           1        8134
          44    10.2785        10.0076        9.56473       -109.695       -16.3432        120.951       0.591176E+09    6.31124       0.631124        19.0500       0.535992E+09   0.550644E+08    120224.       0.210533E+07    54.1974        21.0792       -9.74782               0           1        7808
          45    10.4227        10.5625        9.41468       -46.4432        3.43759        107.783       0.867633E+09    7.65027       0.765027        21.8100       0.851750E+09   0.156148E+08    267543.       0.404453E+07    105.721        219.442       -63.3841               0           1        7800
          46    9.81093        9.83797        8.88169       -15.2370        8.34331        91.0033       0.803514E+09    7.34536       0.734536        23.7300       0.784242E+09   0.191193E+08    152644.       0.219605E+07   -112.949       -39.5489       -253.904               0           1        7525
          47    9.88203        9.09168        9.64031      -0.240853        97.4404        48.9663       0.611778E+09    6.81561       0.681561        19.4300       0.607407E+09   0.423383E+07    136400.       0.244063E+07   -87.5338       -306.315        17.2687               0           1        7437
          48    9.09404        9.78153        9.44606       -67.9201        9.80559        61.2873       0.753823E+09    6.75806       0.675806        20.9200       0.723635E+09   0.299193E+08    269593.       0.695396E+07   -369.205       -59.7237       -52.1671               0           1        7291
          49    9.73022        9.79968        9.55576        25.4365        28.7142        61.3375       0.460437E+09    6.06817       0.606817        18.3400       0.436808E+09   0.233613E+08    268053.       0.469388E+07   -141.799       -53.2359       -12.9542               0           1        6885
          50    10.3019        9.68190        10.8450       -17.1089       -27.3297        79.5850       0.159450E+10    9.09332       0.909332        27.1700       0.148177E+10   0.110768E+09   0.195881E+07   0.781865E+07    62.5405       -95.3370        447.889               0           1        6864
          51    9.38608        10.1692        9.12798       -27.5072       -11.8045        94.2222       0.820662E+09    7.53231       0.753231        21.3400       0.818994E+09   0.132458E+07    343543.       0.363911E+07   -264.814        78.8547       -165.867               0           1        6819
          52    10.1569        9.91702        9.58728        36.8148        91.3588        117.917       0.612640E+09    4.76774       0.476774        15.9000       0.602337E+09   0.465119E+07   0.565172E+07   0.302305E+08    10.7237       -11.2920       -1.68719               0           0        6807
          53    10.2434        9.98909        9.55415       -108.113        27.0274        125.411       0.536500E+09    5.75861       0.575861        17.5600       0.494173E+09   0.421719E+08    154687.       0.278386E+07    41.6579        14.4698       -13.5297               0           1        6367
          54    9.47212        9.53739        9.63710       -30.9421        74.5497        15.6261       0.159278E+10    9.23808       0.923809        25.6400       0.155552E+10   0.370689E+08    188523.       0.246644E+07   -234.058       -146.993        16.1213               0           1        6276
          56    9.45936        9.52468        9.63807       -18.1688        93.5755        58.3199       0.925500E+09    6.60006       0.660006        18.3100       0.909368E+09   0.159433E+08    188523.       0.246644E+07   -238.620       -151.536        16.4680               0           1        6004
          57    10.2214        9.44264        9.30386        20.2577        22.0874        94.0643       0.796789E+09    5.78792       0.578792        17.9400       0.722720E+09   0.729157E+08   0.115382E+07   0.857062E+07    33.7617       -180.862       -102.997               0           1        5981
          58    9.37624        9.75950        9.59984       -6.07322        7.63063        86.0157       0.436794E+09    5.94127       0.594127        17.6400       0.417271E+09   0.193408E+08    182365.       0.724556E+07   -268.331       -67.5985        2.80245               0           1        5808
          59    10.4461        10.7915        9.52789        3.76664       -31.6642        74.7265       0.901768E+09    6.51106       0.651106        19.4500       0.899804E+09   0.182150E+07    141741.        835168.        114.100        301.299       -22.9165               0           1        5633
          60    10.3161        10.3537        9.56926       -44.6497       -65.9584        60.2154       0.400670E+09    5.63565       0.563565        15.8700       0.369632E+09   0.306764E+08    361070.       0.181082E+07    67.6414        144.791       -8.12854               0           1        5624
          61    10.3998        9.39367        9.20314        20.5676        12.1260        52.0465       0.440425E+09    5.80794       0.580794        16.8000       0.398814E+09   0.415349E+08    75815.4        557026.        97.5568       -198.367       -139.000               0           1        5588
          62    10.2367        9.81760        9.35329       -12.5123        1.83241        144.560       0.382832E+09    5.80580       0.580580        16.2400       0.382519E+09    204973.        108150.        876198.        39.2343       -46.8303       -85.3283               0           1        5585
          63    10.0640        10.0030        9.98524        22.9867       -2.18836        29.4008       0.540294E+09    5.86942       0.586942        16.6400       0.530172E+09   0.100297E+08    92112.1        494813.       -22.4911        19.4456        140.566               0           1        5258
          65    10.0419        9.99047        9.82139        49.7492        42.9759        25.0244       0.590106E+09    5.96165       0.596165        17.6200       0.585459E+09   0.450556E+07    141911.       0.128552E+07   -30.3694        14.9631        81.9968               0           1        5211
          66    9.98845        9.80610        9.51452        21.8159        30.2206        144.179       0.410133E+09    5.65066       0.565066        16.5800       0.366473E+09   0.436603E+08    0.00000        0.00000       -49.4933       -50.9410       -27.6957               1           1        5169
          67    9.99785        9.75504        9.22799        1.88140        25.7557        128.249       0.383230E+09    5.82474       0.582474        16.1400       0.382269E+09    948228.        12315.2        121601.       -46.1332       -69.1927       -130.117               0           1        5060
          68    10.3030        9.98366        9.54406       -109.264        22.3376        122.384       0.405025E+09    5.62349       0.562349        17.1600       0.365309E+09   0.397060E+08    9827.80        114958.        62.9587        12.5288       -17.1364               0           1        5047
          69    10.4020        10.5908        9.54328       -106.728        11.0243        39.0233       0.268354E+09    4.98794       0.498794        14.6600       0.259807E+09   0.851377E+07    33018.7        288508.        98.3468        229.562       -17.4152               0           1        5006
          70    10.2384        9.93316        10.2618       -54.2018        12.9458        5.45800       0.667213E+09    5.95629       0.595628        17.9100       0.612978E+09   0.536351E+08    600509.       0.591604E+07    39.8492       -5.52269        239.410               0           1        4988
          71    10.6281        9.63716        10.1865       -33.2403        35.4496        46.6200       0.421552E+09    6.08640       0.608640        18.7100       0.420846E+09    549615.        157329.       0.204168E+07    179.153       -111.330        212.518               0           1        4857
          72    10.0381        9.89471        9.61579       -30.6686       -67.3404        51.4357       0.337798E+09    4.79205       0.479205        14.6500       0.335463E+09   0.218502E+07    150113.       0.162940E+07   -31.7564       -19.2669        8.50387               0           1        4843
          73    10.3703        10.3800        9.51107       -66.1913       -21.7154        110.924       0.323142E+09    5.46943       0.546943        17.3100       0.320415E+09   0.239258E+07    334533.       0.679292E+07    87.0012        154.199       -28.9289               0           1        4825
          74    10.4016        9.42067        9.24887        55.4757        72.0662        58.8570       0.358034E+09    5.23065       0.523065        14.4900       0.299464E+09   0.581044E+08    466285.       0.591538E+07    98.1717       -188.715       -122.654               0           1        4791
          75    10.0677        9.91995        9.63521        25.6820        35.1527        152.781       0.280219E+09    4.32629       0.432629        12.6500       0.277266E+09   0.237121E+07    582360.       0.340789E+07   -21.1757       -10.2447        15.4457               0           0        4658
          76    9.55212        9.49452        9.10968       -1.66998        75.2743        110.320       0.353009E+09    5.69606       0.569606        16.5400       0.351259E+09   0.170464E+07    45137.9        610184.       -205.462       -162.317       -172.408               0           1        4640
          77    10.1064        9.97924        9.54155       -69.9708        107.295        37.9820       0.363279E+09    4.42351       0.442351        13.7700       0.361402E+09   0.179813E+07    79625.8       0.128199E+07   -7.31712        10.9489       -18.0336               0           0        4638
          78    9.63815        10.3451        10.1723       -11.4600       -24.3522        22.9948       0.424093E+09    6.04565       0.604565        17.5900       0.421594E+09   0.242342E+07    75474.8        844637.       -174.710        141.720        207.439               0           1        4624
          79    10.1320        9.93853        9.93119       -147.822       -39.7764        46.1948       0.151611E+10    4.94576       0.494576        14.8000       0.138460E+10   0.122161E+09   0.934404E+07   0.188554E+08    1.83732       -3.60315        121.245               0           1        4516
          80    9.40822        9.61716        9.58300       -10.8856        63.4673        83.6064       0.326660E+09    5.57631       0.557631        16.2800       0.325403E+09   0.111763E+07    139708.       0.199995E+07   -256.900       -118.479       -3.21710               0           1        4480
          81    10.7521        10.0738        9.17190       -42.7787       -23.3775        88.6866       0.346290E+09    5.66353       0.566353        15.7500       0.345273E+09   0.100225E+07    14838.1        101676.        223.478        44.7320       -150.167               0           1        4460
          82    9.91923        9.87458        10.3972       -17.6470       -8.93496        44.0948       0.275643E+09    4.92753       0.492753        13.6500       0.264047E+09   0.115817E+08    14450.3        0.00000       -74.2364       -26.4625        287.831               0           1        4326
          84    9.56742        9.47125        9.53721        6.07913        78.5795        83.3032       0.238447E+09    4.93360       0.493360        13.6900       0.233369E+09   0.501752E+07    60869.4        379886.       -199.993       -170.635       -19.5850               0           1        4285
          85    10.4027        10.6040        9.49636       -19.0631       -4.21254        58.1523       0.241955E+09    4.91394       0.491394        14.4200       0.230210E+09   0.115237E+08    221444.       0.244200E+07    98.6006        234.273       -34.1871               0           1        4263
          86    9.50106        9.55021        9.64528       -30.5564        62.5325        47.3315       0.286399E+09    5.19204       0.519204        15.2900       0.281506E+09   0.480097E+07    91832.8       0.284664E+07   -223.714       -142.410        19.0452               0           1        4254
          87    10.1960        9.97921        9.50317       -137.444        26.9130        72.8154       0.305738E+09    5.11626       0.511626        15.1700       0.305200E+09    482481.        55427.2        544743.        24.6823        10.9381       -31.7528               0           1        4215
          88    9.63732        10.0895        9.19447       -6.98633       -10.6864        98.2061       0.319918E+09    5.52376       0.552376        15.5800       0.319666E+09    192284.        58925.1        561882.       -175.007        50.3655       -142.099               0           1        4211
          89    10.8139        9.92632        9.20251       -47.8864       -18.7198        71.8879       0.391602E+09    5.88587       0.588587        16.5400       0.386343E+09   0.521574E+07    43302.8        588961.        245.558       -7.96769       -139.225               0           1        4209
          90    9.61643        10.3648        10.1981       -1.41839       -33.5459        18.1172       0.262923E+09    5.16774       0.516774        14.8900       0.260638E+09   0.227078E+07    14033.9        112314.       -182.474        148.752        216.661               0           1        4199
          91    10.5023        9.48598        9.28207       -24.1597       -7.88016        47.3597       0.296726E+09    5.35076       0.535075        15.5700       0.296554E+09    122846.        49218.2        718894.        134.178       -165.370       -110.786               0           1        4181
          92    10.3162        10.6078        9.54390       -64.8453        2.00175        7.95479       0.282849E+09    5.15415       0.515415        14.9900       0.278347E+09   0.435839E+07    144362.       0.114970E+07    67.6521        235.621       -17.1936               0           1        4159
          93    10.1958        9.90139        9.55872       -29.4619        20.0240        104.454       0.201183E+09    4.30841       0.430841        13.7400       0.200529E+09    307740.        346103.       0.826784E+07    24.6251       -16.8791       -11.8961               0           0        4033
          94    10.3063        9.68573        10.8383        4.90189       -62.3498        86.1672       0.782284E+09    4.70805       0.470805        14.8100       0.746165E+09   0.342605E+08   0.185870E+07   0.692962E+07    64.1204       -93.9680        445.508               0           1        3903
          95    9.79515        9.79532        9.19674        13.1795        13.5958        115.663       0.219179E+09    4.82780       0.482780        13.7000       0.218404E+09    740490.        34601.4        339408.       -118.590       -54.7944       -141.288               0           1        3841
          96    10.1448        10.0202        9.62401        41.3424        87.1590       -16.4317       0.266152E+09    4.01923       0.401923        11.9400       0.263714E+09   0.233435E+07    103535.        754241.        6.40203        25.5938        11.4422               0           0        3775
          97    10.4002        9.85685        10.1662       -63.0414        51.0421        47.5932       0.339653E+09    5.61920       0.561920        16.3300       0.332636E+09   0.696332E+07    53616.8        440414.        97.6784       -32.8001        205.255               0           1        3753
          98    10.4551        11.1788        9.36536       -44.3366       -8.66421        19.6081       0.521048E+09    6.37915       0.637915        18.8500       0.509554E+09   0.112924E+08    200860.       0.396859E+07    117.331        439.742       -81.0138               0           1        3700
          99    10.2427        10.1704        9.59713       -98.7098        53.4361        49.8203       0.107331E+10    4.25730       0.425730        15.5300       0.921928E+09   0.137887E+09   0.135003E+08   0.259680E+08    41.4077        79.2765        1.83375               0           1        3656
         100    9.93190        9.87726        10.3214        20.6900       -3.87160        38.9477       0.309767E+09    5.15094       0.515094        15.3500       0.302789E+09   0.688374E+07    93521.1       0.152886E+07   -69.7075       -25.5045        260.718               0           1        3650
         101    9.84301        9.94556        9.93171        46.6589       -6.22567        31.7163       0.242348E+09    4.98150       0.498150        14.7300       0.235863E+09   0.646256E+07    22711.1        523283.       -101.482       -1.09024        121.431               0           1        3649
         102    9.80857        9.80776        9.54053        39.1680        25.3129        74.5575       0.253611E+09    4.96685       0.496685        15.5300       0.240685E+09   0.127454E+08    180872.       0.344611E+07   -113.792       -50.3476       -18.3982               0           1        3635
         103    10.2471        9.98042        9.48090       -109.570       -2.54540        112.059       0.220597E+09    4.69125       0.469125        13.5600       0.220233E+09    347546.        16322.9        242134.        42.9626        11.3707       -39.7133               0           1        3633
         104    10.7728        9.81527        9.26898       -58.5252       -12.8287        47.3559       0.292243E+09    5.37578       0.537578        15.9100       0.291898E+09    272147.        72999.8       0.274660E+07    230.874       -47.6632       -115.465               0           1        3552
         106    9.48309        9.72073        9.93946       -13.9804        25.5306        39.7578       0.264598E+09    4.89178       0.489178        14.7800       0.257645E+09   0.690599E+07    47026.6        619738.       -230.137       -81.4570        124.202               0           1        3444
         107    10.2606        10.1935        9.50842        13.6442       -64.5255        16.0833       0.249766E+09    4.53433       0.453433        15.1000       0.249332E+09    402975.        31687.1       0.141457E+07    47.7990        87.5373       -29.8762               0           1        3395
         108    10.4573        9.71128        9.36233       -44.8854        20.9265        58.2055       0.234543E+09    4.93968       0.493968        14.4700       0.231457E+09   0.300678E+07    79037.2       0.128658E+07    118.100       -84.8350       -82.0969               0           1        3358
         109    10.2777        10.2890        9.57000       -16.4860       -6.57240        39.3591       0.173847E+09    4.07893       0.407893        12.2000       0.166942E+09   0.669562E+07    210136.       0.212536E+07    53.8900        121.692       -7.86403               0           1        3324
         110    10.0758        9.94256        9.66477        32.0293        57.0236        54.8339       0.179958E+09    3.97491       0.397491        13.6200       0.177251E+09    687862.       0.201894E+07   0.169879E+08   -18.2731       -2.16261        26.0121               0           0        3273
         111    10.1362        10.0493        9.93519       -52.0388        39.1632        46.8618       0.177055E+09    4.31628       0.431628        12.8700       0.175837E+09   0.117551E+07    42083.0        284303.        3.30289        35.9886        122.675               0           1        3225
         112    9.62104        9.83976        9.93947       -5.38780        34.7200        21.1479       0.296646E+09    5.41867       0.541867        15.6400       0.295390E+09    994600.        261883.       0.246511E+07   -180.826       -38.9091        124.205               0           1        3183
         113    10.1127        9.48565        9.27101        15.2638        99.7455        61.8460       0.249452E+09    4.68303       0.468303        12.9800       0.245341E+09   0.405267E+07    58812.2        670230.       -5.08302       -165.488       -114.740               0           1        3178
         114    9.82404        9.78329        9.27926        18.6334        13.6683        119.852       0.241577E+09    5.03905       0.503905        15.3400       0.241018E+09    456160.        103335.       0.126858E+07   -108.263       -59.0946       -111.791               0           1        3135
         115    9.56047        9.45929        9.49957        12.3296        99.4823        90.6966       0.225667E+09    4.79026       0.479026        14.0200       0.220649E+09   0.488900E+07    128739.       0.126445E+07   -202.477       -174.910       -33.0396               0           1        3064
         116    9.58769        9.72642        9.58683       -5.39513        72.3751        87.1043       0.231826E+09    4.76060       0.476060        14.1900       0.227882E+09   0.385272E+07    91565.1        807171.       -192.747       -79.4231       -1.84805               0           1        3058
         117    10.1462        9.83216        8.68263        4.40476       -13.4973        92.7438       0.526173E+09    6.38023       0.638023        17.7600       0.521443E+09   0.472181E+07    7927.16        116865.        6.89532       -41.6257       -325.060               0           1        3042
         118    9.89425        9.87952        10.4692        10.8367       -30.6669        23.8636       0.988369E+09    4.51216       0.451216        13.7400       0.880520E+09   0.106866E+09    983533.       0.742796E+07   -83.1657       -24.6966        313.575               0           1        3029
         119    10.3701        9.45597        9.23390        5.48689        10.8296        48.5736       0.187353E+09    4.32843       0.432843        12.5100       0.180659E+09   0.666356E+07    30557.2        348551.        86.9189       -176.097       -128.005               0           1        2948
         120    10.0463        9.98289        9.81172        46.6793        13.2552        30.3453       0.656208E+09    6.91891       0.691891        19.4000       0.638085E+09   0.179807E+08    141911.       0.128552E+07   -28.8324        12.2536        78.5402               0           1        2924
         121    10.6621        9.84746        9.30755       -60.4411       -10.1328        48.4416       0.221587E+09    4.87462       0.487462        14.5400       0.220898E+09    580718.        108471.       0.111117E+07    191.296       -36.1567       -101.678               0           1        2902
         122    10.2958        10.3379        9.62401       -100.878       -46.8544       -23.0985       0.218260E+09    4.79348       0.479348        13.6100       0.216741E+09   0.147875E+07    39742.6        288710.        60.3743        139.161        11.4422               0           1        2876
         123    10.2289        10.1145        8.74956        2.35317       -9.53267        90.5938       0.244122E+09    5.05478       0.505478        15.1100       0.243761E+09    349911.        10791.6        111506.        36.4426        59.2948       -301.135               0           1        2849
         124    10.0703        10.0216        10.1347        4.74457        53.0518        1.27684       0.252045E+09    5.08874       0.508874        14.5500       0.251327E+09    718382.        0.00000        0.00000       -20.2213        26.1014        193.988               1           1        2842
         125    10.2225        9.78995        10.5783       -18.2597       -5.76769        54.0930       0.193060E+09    4.62762       0.462762        14.7300       0.188807E+09   0.405554E+07    197469.       0.225999E+07    34.1835       -56.7139        352.573               0           1        2774
         126    10.1526        9.92212        10.0658       -128.971        12.8186       -44.0100       0.159429E+09    3.93630       0.393630        12.3600       0.159293E+09    37676.3        98368.2       0.148470E+07    9.18661       -9.46900        169.348               0           1        2736
         127    10.2153        9.88175        9.98734       -36.9733       -26.2582        12.8408       0.117185E+09    3.80047       0.380047        10.9900       0.116976E+09    182000.        27487.1        363439.        31.6098       -23.8995        141.317               0           1        2733
         128    9.91862        9.91938        10.0043        59.0646       -39.5376        36.8622       0.161456E+09    4.14255       0.414255        12.4500       0.157298E+09   0.409793E+07    60887.0       0.120346E+07   -74.4545       -10.4484        147.361               0           1        2720
         129    10.2183        10.1499        9.60663       -35.3094       -26.9384       -51.3655       0.310275E+09    4.69089       0.469089        13.7700       0.288240E+09   0.219606E+08    74392.1       0.110213E+07    32.6643        71.9558        5.22958               0           1        2708
         130    10.0668        9.99448        9.97045        39.4816        21.4059        57.0467       0.296234E+09    4.37955       0.437955        13.5900       0.289903E+09   0.629255E+07    38167.3        495615.       -21.4867        16.3965        135.279               0           1        2707
         131    10.0003        9.87625        9.50309        25.0675        106.907        89.7515       0.176067E+09    4.44997       0.444997        13.4800       0.176004E+09    63280.5        0.00000        0.00000       -45.2432       -25.8655       -31.7814               1           1        2680
         132    11.0249        10.0603        9.21903       -48.0787       -24.5395        35.3284       0.220509E+09    4.90787       0.490787        14.9200       0.220316E+09    159549.        33305.2        946840.        320.985        39.9099       -133.320               0           1        2674
         133    10.1083        9.89449        9.59700        45.2104       -101.199       -1.85863       0.252096E+09    4.02888       0.402888        12.3800       0.239022E+09   0.127707E+08    302651.        775521.       -6.67012       -19.3455        1.78728               0           0        2664
         134    9.43361        9.18323        9.76280       -29.7739        96.6262        49.8521       0.230920E+09    4.94933       0.494933        14.6100       0.230210E+09    680362.        30062.0        726943.       -247.824       -273.590        61.0534               0           1        2526
         135    9.79982        9.87772        9.72096        32.8681        30.4090        20.8658       0.163924E+09    4.39527       0.439528        13.3100       0.160623E+09   0.329092E+07    10405.8        112314.       -116.920       -25.3400        46.0975               0           1        2509
         136    9.95376        9.46550        9.42298        23.1954        87.9788        95.7889       0.190036E+09    4.60153       0.460153        12.9600       0.186313E+09   0.367409E+07    49063.7        953120.       -61.8935       -172.690       -60.4172               0           1        2468
         137    10.2264        9.97601        9.68789       -65.1355       -55.4523       -25.4324       0.176302E+09    4.43781       0.443781        13.2000       0.175921E+09    348116.        33135.1        493373.        35.5454        9.79429        34.2764               0           1        2455
         138    10.0935        9.91974        9.58341       -95.9397       -69.4126        172.680       0.346843E+09    3.43158       0.343157        11.1400       0.332220E+09   0.131189E+08   0.150403E+07   0.474441E+07   -11.9354       -10.3197       -3.07055               0           0        2454
         139    10.4001        10.7409        9.47967       0.262613        59.3824       -4.97636       0.570952E+09    4.42780       0.442780        12.8800       0.511882E+09   0.589628E+08    107115.        697427.        97.6390        283.205       -40.1530               0           1        2449
         140    9.75212        9.91268        9.08700       -6.21336       -15.9637        104.330       0.169198E+09    4.46748       0.446748        13.2100       0.168604E+09    571551.        22514.2        210530.       -133.971       -12.8434       -180.515               0           1        2421
         141    10.1980        9.94886        10.0287       -59.5262        7.10669       -69.0975       0.613991E+09    4.03425       0.403425        15.5100       0.602005E+09   0.994264E+07   0.204368E+07   0.157428E+08    25.4115       0.893639E-01    156.097               0           1        2418
         142    9.56037        10.8421        9.67028       -24.8931       -4.34673        41.9497       0.205127E+09    4.74487       0.474487        13.3200       0.204603E+09    516793.        6553.35        135099.       -202.513        319.390        27.9816               0           1        2391
         143    10.3472        10.4039        9.53312       -79.5936       -35.8597       -14.6779       0.254385E+09    4.84638       0.484638        13.5600       0.246089E+09   0.828094E+07    14668.1        104251.        78.7296        162.735       -21.0470               0           1        2384
         144    10.8614        9.98240        9.20028       -52.7095       -23.3457        46.4248       0.166315E+09    4.33737       0.433737        12.6700       0.165029E+09   0.128605E+07    0.00000        0.00000        262.537        12.0784       -140.023               1           1        2354
         145    9.50745        9.75692        9.39445       -1.83466        34.5625        107.093       0.190859E+09    4.66801       0.466801        13.8500       0.190719E+09    11394.9        128796.       0.187151E+07   -221.430       -68.5207       -70.6154               0           1        2313
         146    10.1130        10.0429        9.91262       -8.11348       -3.57629        16.0350       0.130550E+09    3.88733       0.388733        11.2900       0.130111E+09    371563.        66693.3        798240.       -4.97936        33.6974        114.607               0           1        2302
         147    9.61335        9.49221        9.20587        5.42191        80.8538        108.512       0.191934E+09    4.63835       0.463835        13.2800       0.191052E+09    858474.        24162.5        196922.       -183.575       -163.143       -138.024               0           1        2282
         148    10.1949        9.74546        9.44758       -3.02311        75.3537        102.118       0.151099E+09    4.22656       0.422656        13.0600       0.147155E+09   0.389860E+07    45795.5        622771.        24.2927       -72.6171       -51.6238               0           1        2259
         149    9.66098        9.71115        9.59426       -16.2248        79.9347        28.4363       0.182583E+09    4.45533       0.445533        12.4600       0.179579E+09   0.293725E+07    67449.6       0.117694E+07   -166.549       -84.8815       0.807850               0           1        2258
         150    10.0024        9.46342        9.36251        27.8725        50.7374        101.772       0.131082E+09    3.99171       0.399171        11.2800       0.128282E+09   0.279710E+07    2703.68        81904.3       -44.5211       -173.434       -82.0325               0           1        2252
         151    10.1804        10.0317        9.62977        84.6612        106.963        67.5249       0.146906E+09    3.44623       0.344623        9.62000       0.146406E+09    347367.        152299.       0.139361E+07    19.1096        29.7117        13.5011               0           1        2229
         152    9.29687        9.75823        9.52463       -13.5790        11.5743        70.7329       0.151983E+09    4.21083       0.421083        12.2800       0.147986E+09   0.397560E+07    21526.9        272833.       -296.703       -68.0524       -24.0818               0           1        2207
         153    10.1835        10.0311        9.61221        50.3646        84.2326        50.0139       0.160006E+09    3.34686       0.334686        9.31000       0.157048E+09   0.289257E+07    65083.3        454636.        20.2427        29.4937        7.22418               0           1        2201
         154    9.96761        9.88232        9.52405        38.6435        97.6588        87.1426       0.159557E+09    4.35738       0.435739        13.0500       0.159127E+09    403045.        27464.4        342495.       -56.9427       -23.6957       -24.2891               0           1        2148
         155    9.41923        9.72189        9.96932        4.44355        25.9312        9.67726       0.151816E+09    4.31056       0.431056        13.7400       0.150979E+09    697836.        139501.        797380.       -252.964       -81.0424        134.875               0           1        2135
         156    10.0795        9.99842        10.1809       -6.71696        52.1614        3.02493       0.178746E+09    4.54862       0.454862        13.3700       0.178581E+09    122157.        43030.6       0.114767E+07   -16.9398        17.8049        210.524               0           1        2112
         157    10.2692        9.84281        10.3856       -20.6817        13.6339        17.0464       0.152898E+09    4.25944       0.425944        13.4400       0.148402E+09   0.436073E+07    135049.       0.117105E+07    50.8767       -37.8188        283.677               0           1        2106
         159    10.2716        9.69427        10.5649       -45.0214       -28.3395        54.8497       0.152729E+09    4.27874       0.427874        12.2600       0.152226E+09    477829.        24791.6        538859.        51.7060       -90.9153        347.769               0           1        2090
         160    10.4368        9.19814        9.71752        11.1929        66.5637        3.06075       0.183083E+09    4.57007       0.457007        12.7700       0.182738E+09    345180.        0.00000        0.00000        110.758       -268.260        44.8679               1           1        2086
         161    10.5007        9.25288        9.18503        40.5225        30.8877        59.7643       0.254344E+09    5.04978       0.504978        16.3800       0.253572E+09    558010.        214523.       0.193313E+07    133.606       -248.693       -145.474               0           1        2066
         162    9.85690        9.81103        10.8396       -3.78789       -35.5263        115.271       0.149047E+09    4.25730       0.425730        13.1200       0.148734E+09    235953.        76640.9       0.258553E+07   -96.5166       -49.1788        445.951               0           1        2061
         163    10.1167        9.93998        9.52311        21.7173        22.0991       -55.9795       0.194774E+09    3.95775       0.395775        14.0600       0.194460E+09    160404.        152833.       0.196465E+07   -3.64247       -3.08484       -24.6251               0           0        2058
         164    9.93919        9.93171        10.0253        54.2891       -15.4400        18.0423       0.131054E+09    3.81727       0.381727        11.3900       0.119969E+09   0.110058E+08    79963.4        644805.       -67.1016       -6.04100        154.900               0           1        2048
         165    9.76049        9.47241        9.39012        5.44212        100.029        73.1267       0.167316E+09    3.95668       0.395668        13.9500       0.166775E+09    406788.        133977.       0.396239E+07   -130.979       -170.220       -72.1632               0           1        2041
         166    9.77366        9.76999        9.51482        8.10339        83.2580        62.5461       0.173292E+09    4.47427       0.447427        12.9800       0.169186E+09   0.408109E+07    24421.2        389029.       -126.271       -63.8488       -27.5884               0           1        2015
         167    9.73224        9.89148        9.04630       0.222851       -8.39304        106.975       0.134659E+09    4.14827       0.414827        11.8500       0.134019E+09    640564.        0.00000        0.00000       -141.077       -20.4214       -195.064               1           1        2011
         168    9.94067        9.89080        9.73334        47.9358        24.5321        12.1463       0.166137E+09    4.42351       0.442351        12.6900       0.163283E+09   0.282674E+07    26687.3        239170.       -66.5726       -20.6645        50.5228               0           1        1989
         170    10.0015        9.75058        10.6738       -21.7937       -8.16731        60.5926       0.164616E+09    4.43924       0.443924        13.0500       0.163450E+09   0.115311E+07    13410.9        271516.       -44.8393       -70.7870        386.692               0           1        1976
         171    9.58702        9.19118        9.70980       -22.5916        88.7907        60.9608       0.189119E+09    4.55935       0.455935        12.8800       0.188225E+09    894379.        0.00000        0.00000       -192.987       -270.748        42.1083               1           1        1945
         173    9.63186        9.74170        9.60887        13.6895        24.7157        92.8783       0.107247E+09    3.74971       0.374971        12.4300       0.104754E+09   0.243665E+07    56140.8        620332.       -176.958       -73.9612        6.03028               0           1        1858
         174    10.2204        9.83810        9.38991       -19.7828        11.7259        141.982       0.112415E+09    3.82585       0.382585        11.2700       0.112320E+09    95168.6        0.00000        0.00000        33.4221       -39.5024       -72.2382               1           1        1841
         175    10.2439        9.99913        9.54205       -95.2068       -16.0467        135.585       0.185013E+09    3.99064       0.399064        11.4900       0.181574E+09   0.342091E+07    18005.9        87960.8        41.8188        18.0587       -17.8549               0           1        1836
         176    9.90348        9.97097        10.1619        26.8623        39.7255        24.2356       0.147669E+09    4.25587       0.425587        12.6400       0.147570E+09    67673.4        31283.4        363536.       -79.8663        7.99271        203.700               0           1        1824
         177    9.71991        9.77699        9.36368        18.5266        35.1567        112.407       0.111482E+09    3.85838       0.385838        11.3100       0.111073E+09    409080.        0.00000        0.00000       -145.485       -61.3466       -81.6143               1           1        1812
         178    10.1080        10.0469        9.93709       -7.19522        7.47970        26.0732       0.214389E+09    4.27624       0.427624        11.9600       0.212668E+09   0.172119E+07    0.00000        0.00000       -6.74519        35.1343        123.354               1           1        1811
         179    10.3452        10.4919        9.58229       -6.90560       -42.0600        40.5905       0.153471E+09    3.82799       0.382799        11.7500       0.146240E+09   0.721530E+07    15158.6        243408.        78.0219        194.206       -3.47090               0           1        1804
         180    9.24852        9.66277        9.94667       -6.32760        10.9989        37.7242       0.462955E+09    6.16146       0.616146        17.3300       0.460835E+09   0.212026E+07    0.00000        0.00000       -313.986       -102.175        126.779               1           1        1786
         181    9.94602        9.78929        9.42647        17.8220        42.0457        141.741       0.788041E+09    4.07214       0.407214        17.2200       0.726212E+09   0.589208E+08   0.290795E+07   0.269250E+08   -64.6602       -56.9499       -59.1697               0           1        1775
         182    9.68209        10.5501        10.1013       -18.4852       -34.7161        20.0293       0.128556E+09    4.08822       0.408822        12.3000       0.128282E+09    231893.        41596.6        722077.       -159.003        215.017        182.042               0           1        1768
         183    9.38071        9.76295        9.55765        5.09744        7.23369        83.8334       0.131477E+09    3.80118       0.380118        10.9900       0.127451E+09   0.401597E+07    10141.4        108831.       -266.734       -66.3652       -12.2786               0           1        1759
         184    10.4834        9.70254        9.29861       -27.5640       -5.41769        107.119       0.118184E+09    3.91807       0.391807        11.5600       0.116310E+09   0.187362E+07    0.00000        0.00000        127.419       -87.9591       -104.874               1           1        1753
         185    9.43335        10.3173        9.87470       0.473776       -15.8287        36.6645       0.160890E+09    4.36453       0.436453        12.1700       0.160457E+09    432952.        0.00000        0.00000       -247.917        131.776        101.053               1           1        1749
         186    9.92289        9.86548        10.4646        7.19493        20.6776        69.5747       0.195448E+09    3.66428       0.366428        11.2400       0.181574E+09   0.138191E+08    54992.5        872840.       -72.9281       -29.7153        311.923               0           1        1720
         187    10.1236        9.94388        9.85224        16.1398        7.76494        52.7191       0.146882E+09    3.93845       0.393845        12.3600       0.131774E+09   0.150770E+08    30484.6        515087.       -1.18675       -1.69077        93.0243               0           1        1712
         188    10.0481        9.97972        9.71805        55.6699        33.9079       -1.32590       0.134571E+09    4.07714       0.407714        12.6300       0.129280E+09   0.525247E+07    38264.3        358837.       -28.1675        11.1204        45.0573               0           1        1712
         189    10.8730        10.0286        9.18599       -54.6001       -31.0225        68.9448       0.141196E+09    4.19546       0.419546        11.6600       0.140420E+09    775601.        0.00000        0.00000        266.694        28.5786       -145.131               1           1        1705
         190    9.74900        9.45717        9.42722        23.2855        88.1083        67.8509       0.120359E+09    3.93559       0.393559        12.0600       0.119303E+09   0.103197E+07    23290.8        376626.       -135.086       -175.668       -58.9016               0           1        1688
         191    9.34220        9.71138        9.58218       -4.73890        62.5584        90.3481       0.182503E+09    4.20761       0.420761        11.9400       0.177168E+09   0.528747E+07    48156.2        289230.       -280.499       -84.7992       -3.51022               0           1        1675
         192    9.75349        9.83510        8.87884        29.6759        4.44153        119.175       0.234036E+09    4.59331       0.459331        14.0600       0.228963E+09   0.503636E+07    36964.0        375464.       -133.481       -40.5748       -254.923               0           1        1674
         193    9.34762        9.48358        9.68429       -39.9249        83.4986        39.6820       0.215036E+09    4.67802       0.467802        13.5500       0.213582E+09   0.139408E+07    59964.3        498754.       -278.562       -166.228        32.9896               0           1        1644
         194    9.73465        9.99356        9.96730        38.4442       -13.5152        33.2888       0.107151E+09    3.82513       0.382513        11.1800       0.106750E+09    372631.        28547.3        358572.       -140.216        16.0676        134.153               0           1        1634
         195    9.92698        9.80455        8.57373        11.5351        21.0586        103.462       0.196391E+09    4.66230       0.466229        13.7000       0.195957E+09    401840.        32235.0        407950.       -71.4661       -51.4951       -363.987               0           1        1630
         196    11.0305        10.0885        9.69845       -53.5268       -19.5532        31.9252       0.135392E+09    4.15292       0.415292        12.6500       0.135183E+09    208813.        0.00000        0.00000        323.008        49.9973        38.0512               1           1        1612
         197    10.4949        9.47296        9.26300       -26.2374        2.93534        42.3253       0.207525E+09    4.63120       0.463120        13.7200       0.207430E+09    57486.4        37256.9        489387.        131.558       -170.024       -117.603               0           1        1604
         199    9.25412        9.65179        9.94345       -14.2232       -2.27324        19.5986       0.180469E+09    3.85230       0.385230        11.1000       0.179745E+09    724458.        0.00000        0.00000       -311.984       -106.100        125.628               1           1        1595
         200    9.91562        9.86649        10.3848       -20.7908        17.1221        47.4188       0.200754E+09    4.16507       0.416507        12.2700       0.194710E+09   0.598225E+07    61693.2        526121.       -75.5268       -29.3543        283.402               0           1        1594
         201    10.4285        9.38055        9.41389        14.5851        58.7747        1.82971       0.124753E+09    4.05641       0.405641        11.9600       0.124541E+09    156480.        55119.0        479370.        107.791       -203.056       -63.6665               0           1        1570
         202    10.2314        10.1997        9.69132       -4.66292       -78.7878       -32.2782       0.129315E+09    3.99242       0.399242        11.0600       0.128449E+09    866285.        0.00000        0.00000        37.3363        89.7643        35.5025               1           1        1557
         203    9.62219        9.57828        9.53983       -21.2079        72.8344        48.4036       0.111568E+09    3.88161       0.388161        11.4000       0.110574E+09    973898.        20443.8        507669.       -180.415       -132.377       -18.6485               0           1        1556
         204    10.1547        9.97375        9.74022       -48.6800       -18.3218        3.35125       0.137747E+09    3.85445       0.385444        12.7300       0.121631E+09   0.159934E+08    122118.       0.231917E+07    9.93012        8.98644        52.9821               0           1        1554
         205    9.51650        9.57955        9.62155       -36.1904        62.3429        33.6998       0.107715E+09    3.81191       0.381191        12.6300       0.106417E+09   0.129831E+07    0.00000        0.00000       -218.195       -131.923        10.5628               1           1        1550
         206    10.2177        10.1544        9.62747       -93.3349       -114.239        78.5098       0.192186E+09    3.72147       0.372147        13.5200       0.183902E+09   0.807542E+07    208534.       0.724656E+07    32.4391        73.5608        12.6790               0           1        1542
         207    10.1214        10.0458        9.88902       -16.2013        2.69853        2.16016       0.192284E+09    4.35131       0.435131        12.0900       0.192132E+09    139546.        12270.2        107387.       -1.95886        34.7376        106.172               0           1        1528
         208    10.3847        10.7315        9.49168       -36.4007        52.2080       -28.8393       0.298191E+09    3.97705       0.397705        11.3500       0.260888E+09   0.372911E+08    12502.3        108175.        92.1628        279.838       -35.8600               0           1        1520
         209    10.6065        10.5213        9.13568       -45.8248        5.25709        97.6870       0.123021E+09    4.03889       0.403889        12.2200       0.122795E+09    226250.        0.00000        0.00000        171.414        204.697       -163.114               1           1        1512
         210    9.62735        9.74904        9.69500        4.61254        13.9991        36.2801       0.121596E+09    3.96490       0.396490        11.1800       0.120634E+09    962023.        0.00000        0.00000       -178.571       -71.3375        36.8179               1           1        1500
         211    10.4665        10.3452        8.80081       -14.6390       -1.39383        84.1377       0.106978E+09    3.85623       0.385623        11.1900       0.106750E+09    228070.        0.00000        0.00000        121.385        141.778       -282.815               1           1        1488
         213    10.0515        9.74413        9.41389        7.08118        57.1923        123.671       0.110894E+09    3.86374       0.386374        11.1000       0.110324E+09    555216.        14369.0        92418.1       -26.9414       -73.0926       -63.6665               0           1        1479
         214    9.58150        9.48034        9.54621        5.23610        76.2226        74.3903       0.129353E+09    3.84229       0.384229        11.8000       0.126620E+09   0.267162E+07    62278.7        678095.       -194.960       -167.386       -16.3679               0           1        1427
         215    9.38875        9.63268        9.70005       -30.8520        57.4138        25.0633       0.111528E+09    3.87518       0.387518        11.6900       0.110574E+09    953879.        0.00000        0.00000       -263.860       -112.931        38.6231               1           1        1409
         216    10.3620        9.01190        9.68058        24.6301        84.5898        27.3129       0.105741E+09    3.81834       0.381834        10.6600       0.105502E+09    238627.        0.00000        0.00000        84.0522       -334.832        31.6634               1           1        1358
         217    10.5044        9.02256        9.62357        38.0659        82.4115        23.4386       0.144839E+09    4.21404       0.421405        11.7200       0.144079E+09    760036.        0.00000        0.00000        134.932       -331.022        11.2849               1           1        1346
         218    9.54984        10.1776        8.92883       -16.0539       -10.7751        110.191       0.128242E+09    4.08322       0.408322        11.8100       0.127950E+09    291940.        0.00000        0.00000       -206.277        81.8717       -237.054               1           1        1335
         219    9.84121        9.91037        9.90001        34.1375       -2.91016        38.6668       0.123089E+09    3.94631       0.394631        11.0900       0.118888E+09   0.418939E+07    11904.5        99467.0       -102.125       -13.6691        110.100               0           1        1318
         220    10.2505        9.98516        9.94287       -74.8435       -85.0865      -0.665159       0.115256E+09    3.89341       0.389341        10.7800       0.113983E+09   0.127306E+07    0.00000        0.00000        44.1637        13.0650        125.421               1           1        1313
         221    9.49375        9.34085        9.55608       -13.2272        109.694        69.8843       0.109928E+09    3.84479       0.384479        10.6600       0.109659E+09    268542.        0.00000        0.00000       -226.327       -217.247       -12.8398               1           1        1288
         223    10.4323        10.8488        9.38809        7.94258       -20.0596        112.482       0.127480E+09    3.50593       0.350593        10.8400       0.127451E+09    13919.7        14787.9        271516.        109.178        321.767       -72.8888               0           1        1259
         224    10.7134        9.94921        9.23696       -50.1917       -26.9962        63.1178       0.147875E+09    4.16436       0.416436        12.2000       0.146157E+09   0.171830E+07    0.00000        0.00000        209.655       0.214473       -126.911               1           1        1246
         228    9.46569        9.54480        9.64502       -39.2993        74.6884        19.8392       0.481218E+09    4.15828       0.415828        13.0600       0.470396E+09   0.108220E+08    0.00000        0.00000       -236.357       -144.344        18.9523               1           1        1063
         230    10.1802        9.52679        8.92549        29.8023        39.8078        112.050       0.131428E+09    4.08000       0.408000        13.7300       0.131358E+09    338.295        69001.0        114958.        19.0524       -150.782       -238.248               0           1         947
