#          i      x              y              z              v_x            v_y            v_z            Mvir           Rvir     Rs (Rockstar)       v_max           Mdm           Mgas           Mstars    Avg age of stars     xc             yc             zc      flag DM only  flag outside Rvir  Np bound
# (h^-1 comoving Mpc) (h^-1 comoving Mpc) (h^-1 comoving Mpc) (km/s)         (km/s)         (km/s)         (Msun)         (kpc)         (kpc)           (km/s)         (Msun)         (Msun)         (Msun)         (yrs)          (kpc)          (kpc)          (kpc)
           1    8.46142        8.22281        9.15339        117.714        119.998        52.1355       0.141837E+11    8.44700       0.844700        82.9600       0.125815E+11   0.130571E+10   0.296493E+09   0.322494E+10    0.00000        0.00000        0.00000               0           0      135289
           2    8.46747        8.40801        9.46512        128.175        68.3457        7.10677       0.110478E+11    7.73179       0.773179        77.8800       0.979919E+10   0.112542E+10   0.123149E+09   0.137254E+10   0.950992        29.1114        49.0004               0           1       64903
           3    8.74076        8.17146        9.10110       -2.15634        135.783        68.0747       0.609719E+10    6.26711       0.626711        65.5200       0.544550E+10   0.590645E+09   0.610430E+08   0.794015E+09    43.9091       -8.07164       -8.21940               0           1       42207
           4    8.88075        8.31125        9.08822        17.6240        112.690        71.4808       0.427814E+10    5.71711       0.571711        55.0300       0.399237E+10   0.250529E+09   0.352325E+08   0.500050E+09    65.9139        13.9018       -10.2440               0           1       40631
           5    9.05308        8.48970        9.62929        47.3589        109.451        13.8082       0.452180E+10    5.79193       0.579193        56.2200       0.413579E+10   0.347799E+09   0.382051E+08   0.714053E+09    93.0023        41.9521        74.8061               0           1       40173
           6    9.16844        8.48918        9.20939        22.1033        119.150        63.3889       0.358332E+10    5.37664       0.537664        50.8800       0.339633E+10   0.152744E+09   0.342400E+08   0.909370E+09    111.136        41.8704        8.80257               0           1       36769
           7    9.48553        8.17621        9.68955        13.3586        131.046        21.6237       0.402099E+10    5.58805       0.558805        54.1300       0.371651E+10   0.280827E+09   0.236537E+08   0.360663E+09    160.979       -7.32499        84.2783               0           1       27443
           8    8.39987        8.27345        8.92420        111.434        88.2538        84.1660       0.274816E+10    4.85540       0.485540        47.8000       0.246965E+10   0.260643E+09   0.178689E+08   0.518543E+09   -9.67497        7.96004       -36.0261               0           1       25163
           9    8.78951        8.47717        9.77693        78.6316        79.8054       -21.3594       0.319575E+10    5.12529       0.512529        48.7800       0.290414E+10   0.275593E+09   0.160146E+08   0.262042E+09    51.5720        39.9825        98.0135               0           1       24094
          10    8.48148        8.30532        9.30013        86.7362        74.2591        39.4492       0.135662E+10    3.76860       0.376860        37.0100       0.126927E+10   0.759376E+08   0.114040E+08   0.386120E+09    3.15321        12.9696        23.0659               0           1       21308
          11    8.76054        8.30303        8.97403        29.6432        97.6428        100.030       0.251666E+10    4.73358       0.473358        46.5400       0.226196E+10   0.237554E+09   0.171426E+08   0.211553E+09    47.0183        12.6097       -28.1934               0           1       21234
          12    9.05384        8.56269        10.0553        73.2239        74.9754       -23.8894       0.265856E+10    4.81830       0.481830        46.5300       0.239931E+10   0.246156E+09   0.130874E+08   0.226996E+09    93.1217        53.4253        141.772               0           1       21063
          13    9.36700        8.79603        9.43723        48.7729        82.7836        32.0159       0.250169E+10    4.74191       0.474191        48.0500       0.229048E+10   0.199165E+09   0.120446E+08   0.199031E+09    142.347        90.1037        44.6164               0           1       20460
          14    9.43534        8.57393        9.69439        35.5590        93.8558        3.63910       0.236828E+10    4.68988       0.468988        46.1400       0.217774E+10   0.182376E+09   0.816481E+07   0.187276E+09    153.089        55.1921        85.0391               0           1       19148
          15    8.70010        8.46974        9.46244        69.3588        81.4035        40.4593       0.203743E+10    4.40128       0.440128        41.6500       0.185616E+10   0.172243E+09   0.903241E+07   0.297271E+09    37.5178        38.8146        48.5792               0           1       19062
          16    8.16428        8.50350        9.69827        115.518        76.0440        12.2914       0.190010E+10    4.32536       0.432536        40.9200       0.176113E+10   0.132259E+09   0.671462E+07   0.243801E+09   -46.7071        44.1213        85.6490               0           1       18981
          17    8.17537        9.42955        9.57064        57.0615        14.2694        18.3898       0.163849E+10    4.15135       0.415135        39.9500       0.153731E+10   0.933352E+08   0.783835E+07   0.187400E+09   -44.9638        189.686        65.5870               0           1       17910
          18    8.45274        8.40454        8.68288        46.2551        69.7415        87.0917       0.411059E+10    5.55489       0.555489        54.7300       0.375217E+10   0.329306E+09   0.291086E+08   0.469062E+09   -1.36440        28.5659       -73.9589               0           1       17769
          19    8.43194        8.39413        8.65806        110.570        101.258        119.610       0.205164E+10    4.04713       0.404713        38.3500       0.176454E+10   0.277781E+09   0.932273E+07   0.201209E+09   -4.63392        26.9296       -77.8603               0           1       14117
          20    8.40023        8.59408        8.67187        86.7543        45.1118        96.0643       0.197540E+10    4.37802       0.437802        42.1800       0.179738E+10   0.172011E+09   0.601063E+07   0.147457E+09   -9.61838        58.3595       -75.6895               0           1       13667
          21    9.50669        8.52727        9.64184        15.8017        110.674        39.8706       0.268359E+10    4.82648       0.482648        46.4000       0.244106E+10   0.226898E+09   0.156380E+08   0.188336E+09    164.305        47.8577        76.7788               0           1       12241
          22    9.10718        8.88874        9.08613        82.0016        47.9409        88.7427       0.115322E+10    3.66312       0.366312        34.7600       0.105710E+10   0.922169E+08   0.389742E+07   0.135971E+09    101.506        104.677       -10.5725               0           1       11966
          23    9.52206        8.53092        9.64478       -40.7373        104.454        32.5789       0.219025E+10    3.68922       0.368922        35.8500       0.200689E+10   0.167879E+09   0.154736E+08   0.182695E+09    166.721        48.4314        77.2410               0           1       11099
          24    8.47155        8.22969        9.13286        7.05594        120.101        130.572       0.348224E+10    3.15446       0.315446        30.9900       0.310943E+10   0.325973E+09   0.468369E+08   0.501940E+09    1.59232        1.08146       -3.22708               0           0       10801
          25    8.47302        8.39615        9.43736        99.5970        108.375        120.950       0.184242E+10    2.84464       0.284464        27.8100       0.170760E+10   0.115537E+09   0.192898E+08   0.233815E+09    1.82339        27.2471        44.6369               0           1       10342
          26    8.48960        8.42668        8.71538        40.9977        45.8032        88.5039       0.106532E+10    3.50043       0.350043        35.9700       0.969391E+09   0.930155E+08   0.291590E+07   0.767237E+08    4.42958        32.0461       -68.8502               0           1       10043
          27    8.56895        8.18098        9.11169        52.1088        167.946        51.2686       0.966310E+09    3.38270       0.338270        31.8600       0.879852E+09   0.817044E+08   0.475387E+07   0.834543E+08    16.9025       -6.57520       -6.55477               0           1        9086
          28    8.66200        8.38323        8.85692        52.4361        56.5410        103.689       0.820238E+09    3.26088       0.326088        30.6600       0.766700E+09   0.520141E+08   0.152382E+07   0.911652E+08    31.5289        25.2162       -46.6017               0           1        9081
          29    8.58304        8.43156        9.80110        74.7858        99.1179       -43.6943       0.858293E+09    3.32784       0.332784        31.3800       0.811512E+09   0.430529E+08   0.372794E+07   0.782490E+08    19.1173        32.8131        101.813               0           1        8775
          30    8.09956        9.31759        9.60616        65.4191        26.0856        28.2566       0.752012E+09    3.18165       0.318165        30.0400       0.711081E+09   0.381164E+08   0.281480E+07   0.701953E+08   -56.8803        172.087        71.1703               0           1        8497
          31    9.66683        8.78742        10.2184        52.0296        97.1563       0.126405       0.930828E+09    3.42184       0.342184        32.5100       0.873699E+09   0.546562E+08   0.247286E+07   0.978492E+08    189.477        88.7503        167.408               0           1        7600
          32    8.66977        8.51758        9.48897        88.2672        14.6433        28.1365       0.927518E+09    3.39920       0.339920        32.9700       0.863307E+09   0.601579E+08   0.405379E+07   0.591304E+08    32.7503        46.3345        52.7494               0           1        7527
          33    8.67070        8.26692        9.00320        53.6366        107.387        101.541       0.810259E+09    3.19895       0.319894        31.2500       0.719977E+09   0.870993E+08   0.318380E+07   0.550904E+08    32.8965        6.93359       -23.6082               0           1        7473
          34    9.12389        8.79286        9.32267        69.1118        40.6092        49.5411       0.470851E+09    2.71260       0.271260        25.5000       0.440300E+09   0.286014E+08   0.195003E+07   0.587839E+08    104.133        89.6054        26.6089               0           1        7253
          35    8.79972        8.47230        9.66848        64.6967        90.6583       -7.70212       0.117965E+10    3.64143       0.364143        34.2500       0.106317E+10   0.113475E+09   0.300389E+07   0.589787E+08    53.1769        39.2170        80.9663               0           1        7241
          36    8.88045        8.50370        9.34085        52.8062        82.6948        61.8544       0.807850E+09    3.23714       0.323714        30.5300       0.770358E+09   0.344919E+08   0.299971E+07   0.846150E+08    65.8668        44.1527        29.4666               0           1        7223
          37    8.87205        8.57566        9.46544        48.2924        44.7636        29.7111       0.959215E+09    3.44872       0.344872        39.5300       0.879352E+09   0.752364E+08   0.462667E+07   0.198725E+08    64.5464        55.4640        49.0507               0           1        6570
          38    8.09979        9.17848        9.70075        86.0994        32.1815       -3.87177       0.645022E+09    3.03437       0.303437        29.4600       0.612728E+09   0.297457E+08   0.254815E+07   0.330917E+08   -56.8442        150.221        86.0388               0           1        6547
          39    9.06123        9.06816        8.28605        56.6861        75.6274        80.1780       0.491027E+09    2.77296       0.277296        26.0700       0.469315E+09   0.196548E+08   0.205677E+07   0.131163E+09    94.2834        132.879       -136.336               0           1        6496
          40    9.33895        8.54807        9.15866        17.6457        122.833        89.1531       0.528339E+09    2.82735       0.282735        27.1600       0.495836E+09   0.307549E+08   0.174832E+07   0.395447E+08    137.938        51.1272       0.828385               0           1        6025
          41    8.87025        8.19361        8.40792        29.9430        109.249        97.8155       0.646959E+09    3.01598       0.301598        32.6600       0.589200E+09   0.555794E+08   0.217963E+07   0.383994E+08    64.2635       -4.58991       -117.179               0           1        5968
          42    8.74766        8.17622        9.10106        82.3891        157.186        48.3752       0.190169E+10    2.26304       0.226304        26.7900       0.177918E+10   0.791160E+08   0.433975E+08   0.520442E+09    44.9937       -7.32342       -8.22569               0           1        5893
          43    8.58604        9.40195        8.51290        67.2606        44.9655        67.5103       0.102859E+10    3.46805       0.346805        33.8800       0.933059E+09   0.921400E+08   0.339283E+07   0.677153E+08    19.5889        185.348       -100.678               0           1        5706
          44    8.76176        8.45236        9.72116        69.2498        150.411       -13.4314       0.650050E+09    2.94650       0.294650        27.7000       0.611481E+09   0.364802E+08   0.208870E+07   0.802248E+08    47.2101        36.0827        89.2470               0           1        5672
          45    9.05847        8.70305        9.28160        75.7516        75.6460        69.9245       0.500993E+09    2.79308       0.279308        26.2600       0.480539E+09   0.197710E+08    683050.       0.456725E+08    93.8495        75.4883        20.1532               0           1        5565
          46    9.57442        8.86136        9.04184        47.3376        97.1330        72.3690       0.471713E+09    2.71386       0.271386        25.7200       0.435062E+09   0.342746E+08   0.237669E+07   0.503549E+08    174.951        100.373       -17.5344               0           1        5491
          47    7.82771        9.36246        9.66770        78.7014        40.5887        5.83891       0.202503E+10    4.36371       0.436371        42.3400       0.180802E+10   0.210636E+09   0.636935E+07   0.110016E+09   -99.6121        179.140        80.8437               0           1        5416
          48    8.11246        8.97335        9.53775        108.642        46.0698        57.6946       0.638392E+09    3.07508       0.307508        29.8000       0.622622E+09   0.141758E+08   0.159466E+07   0.607999E+08   -54.8526        117.976        60.4171               0           1        5267
          49    8.80385        8.47534        9.38854        55.5079        97.6340        62.3107       0.626550E+09    2.96190       0.296190        27.8700       0.583630E+09   0.406273E+08   0.229226E+07   0.477538E+08    53.8261        39.6949        36.9629               0           1        5257
          50    8.21037        9.77855        9.27045        56.8572      -0.296139        35.2703       0.606554E+09    2.95467       0.295467        27.7900       0.565340E+09   0.404264E+08    787888.       0.354562E+08   -39.4622        244.545        18.4005               0           1        5168
          51    8.98750        8.81669        9.53335        72.8227        24.3559        14.6031       0.476468E+09    2.76903       0.276903        26.7900       0.455265E+09   0.198855E+08   0.131757E+07   0.272948E+08    82.6938        93.3512        59.7254               0           1        5063
          52    8.70971        8.35782        8.93605        56.4734        56.4174        79.6110       0.378002E+09    2.45796       0.245796        23.1100       0.345772E+09   0.316474E+08    583111.       0.415757E+08    39.0284        21.2220       -34.1634               0           1        5061
          53    9.39209        8.59949        9.50605        25.4094        101.382        65.4482       0.531510E+09    2.87639       0.287639        27.7100       0.506228E+09   0.239326E+08   0.134913E+07   0.303126E+08    146.291        59.2098        55.4342               0           1        5011
          54    9.22670        8.64357        10.1889        65.1490        75.4258       0.375273       0.672958E+09    3.07822       0.307822        29.9500       0.637503E+09   0.335106E+08   0.194444E+07   0.255014E+08    120.293        66.1387        162.764               0           1        5011
          55    7.83234        9.36349        9.68221        129.655        30.8647        37.4756       0.128186E+10    2.87231       0.287231        30.0800       0.120160E+10   0.742417E+08   0.601483E+07   0.103649E+09   -98.8843        179.302        83.1245               0           1        4993
          56    8.35514        8.47809        9.92714        70.9611        84.3536       -39.6052       0.432071E+09    2.64847       0.264847        24.9100       0.406379E+09   0.243200E+08   0.137123E+07   0.584019E+08   -16.7060        40.1271        121.625               0           1        4903
          57    8.00178        9.12190        9.79603        116.561        25.9874       -2.23006       0.624896E+09    2.89479       0.289478        27.2200       0.552037E+09   0.718420E+08   0.101694E+07   0.262938E+08   -72.2502        141.327        101.016               0           1        4863
          58    8.40201        8.63755        8.75201        86.2807        26.0085        57.4639       0.332787E+09    2.37669       0.237669        22.6700       0.301459E+09   0.303745E+08    953178.       0.294313E+08   -9.33858        65.1925       -63.0924               0           1        4854
          59    8.70358        8.19268        9.27179        39.8043        147.844        22.8472       0.479988E+09    2.72691       0.272691        25.6500       0.443542E+09   0.354640E+08    982284.       0.559509E+08    38.0648       -4.73610        18.6111               0           1        4818
          60    9.36292        8.87210        9.36863        67.5308        41.3903        55.2787       0.558602E+09    2.84637       0.284637        27.0000       0.509388E+09   0.483473E+08    867096.       0.224032E+08    141.706        102.061        33.8333               0           1        4788
          61    8.49560        8.30855        9.70609        58.5323        127.528       -17.1550       0.558280E+09    2.88834       0.288834        27.7900       0.515374E+09   0.406108E+08   0.229504E+07   0.283442E+08    5.37271        13.4774        86.8782               0           1        4763
          62    9.08328        9.13885        9.45439        86.0479        8.62222        27.3287       0.468344E+09    2.75017       0.275017        26.6500       0.445039E+09   0.217969E+08   0.150862E+07   0.226111E+08    97.7494        143.991        47.3138               0           1        4720
          63    8.38246        8.65848        8.63143        75.5228        20.7007        109.045       0.332099E+09    2.35877       0.235877        22.1800       0.302374E+09   0.287418E+08    983564.       0.476591E+08   -12.4116        68.4824       -82.0462               0           1        4604
          64    9.16962        8.81223        9.33195        61.3154        32.9826        51.5422       0.377653E+09    2.51675       0.251675        25.9700       0.357577E+09   0.188867E+08   0.118848E+07   0.470048E+08    111.321        92.6502        28.0676               0           1        4593
          65    9.43124        8.40727        9.67135        29.1852        138.711        36.2950       0.391047E+09    2.55777       0.255777        24.0700       0.368635E+09   0.209647E+08   0.144777E+07   0.351174E+08    152.445        28.9950        81.4175               0           1        4575
          66    8.82781        8.56881        9.46934        72.3709        28.9588        40.4468       0.432864E+09    2.60273       0.260273        24.6700       0.403386E+09   0.283177E+08   0.115953E+07   0.276180E+08    57.5924        54.3873        49.6638               0           1        4542
          67    8.55151        8.43595        9.55359        68.6447        93.9312       -28.5422       0.729961E+09    2.99067       0.299067        28.3200       0.627361E+09   0.101452E+09   0.114842E+07   0.444468E+08    14.1611        33.5032        62.9069               0           1        4536
          68    8.42906        8.18019        9.29357        114.690        134.391       -1.14790       0.500148E+09    2.58339       0.258339        24.4300       0.459920E+09   0.391570E+08   0.107074E+07   0.226082E+08   -5.08663       -6.69938        22.0347               0           1        4463
          69    8.47692        8.39728        9.45143        62.8019        25.5253       -14.9245       0.104991E+10    1.82292       0.182292        18.3100       0.100540E+10   0.299529E+08   0.145581E+08   0.107775E+09    2.43643        27.4247        46.8485               0           1        4369
          70    8.86547        8.28305        8.48205        40.1387        89.8652        95.8744       0.430459E+09    2.65837       0.265837        25.6400       0.400975E+09   0.289344E+08    549369.       0.247691E+08    63.5121        9.46905       -105.527               0           1        4295
          71    7.82720        9.35029        9.67476        89.5958        55.3615        15.9066       0.638953E+09    2.21070       0.221070        21.9600       0.606578E+09   0.299702E+08   0.240515E+07   0.445285E+08   -99.6922        177.227        81.9535               0           1        4294
          72    9.47072        8.16272        9.69317        77.4132        180.522        11.1820       0.889206E+09    2.40121       0.240121        24.3700       0.831549E+09   0.528941E+08   0.476218E+07   0.575441E+08    158.651       -9.44547        84.8473               0           1        4264
          73    8.96453        8.71156        9.59941        62.5863        34.3231       -15.7624       0.689628E+09    3.06958       0.306958        28.9800       0.639499E+09   0.489563E+08   0.117260E+07   0.201791E+08    79.0832        76.8260        70.1093               0           1        4243
          74    8.39463        8.12588        9.31205        61.1822        155.641        20.9652       0.711775E+09    2.53514       0.253514        24.4700       0.660283E+09   0.491935E+08   0.229812E+07   0.296658E+08   -10.4986       -15.2363        24.9396               0           1        4124
          75    7.85107        9.55168        9.37964        103.679        42.7015        52.6448       0.394204E+09    2.59644       0.259644        24.4800       0.384265E+09   0.834356E+07   0.159572E+07   0.552249E+08   -95.9401        208.883        35.5639               0           1        4058
          76    7.57068        9.65712        9.68264        94.4310        6.06278        13.2353       0.390598E+09    2.60273       0.260273        24.8800       0.375369E+09   0.148290E+08    400478.       0.145339E+08   -140.014        225.457        83.1921               0           1        4011
          77    7.64904        9.67079        9.73111        77.4069       -3.15611       -8.55136       0.373659E+09    2.57066       0.257066        24.9200       0.359240E+09   0.138332E+08    585844.       0.169177E+08   -127.697        227.606        90.8111               0           1        3968
          78    8.85010        8.49754        9.50390        31.5988        107.258        25.4757       0.260609E+09    2.26037       0.226037        21.5300       0.248334E+09   0.113303E+08    944557.       0.315681E+08    61.0961        43.1845        55.0962               0           1        3964
          79    8.48791        8.41603        9.47872        32.9400        60.5085       -40.3289       0.491641E+09    1.90953       0.190953        18.0300       0.440134E+09   0.508990E+08    608758.       0.148786E+08    4.16393        30.3720        51.1382               0           1        3933
          80    9.08451        8.76250        9.30759        69.7832        55.8089        78.3536       0.542677E+09    2.75772       0.275772        26.3700       0.494340E+09   0.465615E+08   0.177562E+07   0.181215E+08    97.9427        84.8332        24.2385               0           1        3917
          81    8.51166        8.44270        9.51646        98.1205        81.5823       -31.8334       0.283704E+09    2.07898       0.207898        20.8700       0.239937E+09   0.430998E+08    667387.       0.164279E+08    7.89716        34.5642        57.0705               0           1        3902
          82    9.35619        8.14986        9.72387        68.9994        160.015        16.6373       0.367569E+09    2.45340       0.245340        23.9900       0.329809E+09   0.370943E+08    665482.       0.229075E+08    140.648       -11.4669        89.6730               0           1        3883
          83    7.81725        9.51231        9.61080        90.6617        10.9709        20.4415       0.492849E+09    2.75882       0.275882        26.0100       0.453602E+09   0.385848E+08    661851.       0.171457E+08   -101.256        202.695        71.8997               0           1        3883
          84    8.36854        9.18146        9.57173        52.3299        31.0177        39.1403       0.724671E+09    3.16546       0.316546        31.6000       0.682398E+09   0.388825E+08   0.339100E+07   0.298515E+08   -14.5997        150.689        65.7583               0           1        3882
          85    9.63135        8.14235        9.62642        12.6069        133.060        61.3128       0.368568E+09    2.51989       0.251989        23.7700       0.348515E+09   0.189599E+08   0.109324E+07   0.166142E+08    183.900       -12.6474        74.3550               0           1        3871
          86    9.67334        7.91119        9.69510        23.8718        146.261        16.1148       0.345339E+09    2.45120       0.245120        23.0900       0.323823E+09   0.209796E+08    535757.       0.241431E+08    190.500       -48.9831        85.1507               0           1        3851
          87    8.48454        8.40330        9.13131        79.8314        34.5112        68.0641       0.439007E+09    2.72109       0.272109        27.4500       0.424587E+09   0.132356E+08   0.118504E+07   0.158440E+08    3.63420        28.3710       -3.47073               0           1        3841
          88    8.58608        8.15307        9.08165        67.0292        171.385        86.8475       0.209083E+09    2.08967       0.208966        20.1700       0.199781E+09   0.818931E+07   0.111231E+07   0.539465E+08    19.5951       -10.9623       -11.2767               0           1        3838
          89    8.21957        8.88353        9.59564        89.9248        50.9181        33.9908       0.332499E+09    2.45151       0.245151        25.2100       0.312849E+09   0.184838E+08   0.116586E+07   0.170410E+08   -38.0161        103.858        69.5167               0           1        3783
          90    9.41558        8.16200        9.69674        47.4610        140.337        6.42317       0.204778E+09    2.02207       0.202207        19.0100       0.195707E+09   0.844647E+07    624445.       0.200544E+08    149.983       -9.55865        85.4085               0           1        3723
          91    8.68303        8.18379        9.47766        53.7419        143.676        2.48643       0.339188E+09    2.48232       0.248232        23.5500       0.331555E+09   0.716443E+07    468597.       0.328246E+08    34.8346       -6.13350        50.9716               0           1        3721
          92    8.52451        9.25701        8.62936        73.8476        55.7060        58.1659       0.217472E+09    2.09988       0.209988        19.7600       0.204603E+09   0.120647E+08    803634.       0.238993E+08    9.91704        162.565       -82.3716               0           1        3640
          93    8.34971        8.16918        9.77145        71.8820        119.968       -15.2917       0.486940E+09    2.76998       0.276998        26.6500       0.460004E+09   0.261466E+08    790051.       0.160079E+08   -17.5596       -8.43003        97.1521               0           1        3634
          94    8.47460        8.00791        9.36509        63.8712        169.434        17.4678       0.256474E+09    2.21652       0.221652        21.5000       0.240353E+09   0.155755E+08    545445.       0.988228E+07    2.07175       -33.7799        33.2769               0           1        3633
          95    8.33969        8.31604        8.62207        111.204        95.1281        94.8089       0.347166E+09    2.45859       0.245859        25.3900       0.328230E+09   0.168473E+08   0.208943E+07   0.326015E+08   -19.1346        14.6547       -83.5175               0           1        3620
          96    8.28541        8.54276        9.59663        111.075        36.7456        42.9148       0.381833E+09    2.52539       0.252539        24.2100       0.347019E+09   0.338532E+08    960991.       0.199333E+08   -27.6668        50.2925        69.6723               0           1        3561
          97    8.08520        9.30637        9.63150        97.9136        34.7036        17.6917       0.469019E+09    2.61468       0.261467        24.5800       0.440217E+09   0.271849E+08   0.161760E+07   0.241074E+08   -59.1375        170.323        75.1535               0           1        3550
          98    8.64073        8.10940        8.91357        36.6544        151.855        107.061       0.166268E+09    1.92289       0.192289        18.0900       0.155385E+09   0.102629E+08    619472.       0.184296E+08    28.1855       -17.8268       -37.6970               0           1        3531
          99    9.22216        8.57882        9.40581        29.2578        116.839        45.3396       0.580213E+09    2.91035       0.291035        28.8000       0.531253E+09   0.479335E+08   0.102674E+07   0.346333E+08    119.580        55.9608        39.6776               0           1        3342
         100    8.75872        8.48045        9.64886        73.0730        98.8932        5.54467       0.516849E+09    2.82531       0.282531        28.8200       0.487273E+09   0.279825E+08   0.159337E+07   0.217168E+08    46.7322        40.4981        77.8823               0           1        3310
         101    9.12395        8.58871        10.0753        52.5977        46.3360        1.37205       0.306270E+09    2.33551       0.233551        22.1600       0.303454E+09   0.173587E+07   0.107988E+07   0.107520E+08    104.142        57.5154        144.915               0           1        3305
         102    9.12816        8.92136        9.08508        73.1725        24.3472        73.5719       0.382092E+09    2.47682       0.247682        24.4900       0.345522E+09   0.356720E+08    897914.       0.109087E+08    104.804        109.804       -10.7376               0           1        3301
         103    9.22743        8.73915        9.24564        41.8293        71.5283        84.5356       0.349594E+09    2.46299       0.246299        24.0100       0.325569E+09   0.232843E+08    740830.       0.249100E+08    120.408        81.1628        14.5007               0           1        3288
         104    7.82936        9.79390        9.97628        63.9887       -1.03576       -17.2465       0.350300E+09    2.47918       0.247918        23.4100       0.330391E+09   0.195099E+08    399022.       0.939235E+07   -99.3527        246.958        129.349               0           1        3267
         105    8.60470        8.24083        9.07477        48.6577        72.8049        75.4955       0.298032E+09    2.32686       0.232686        21.9400       0.283917E+09   0.131231E+08    991740.       0.109993E+08    22.5220        2.83254       -12.3582               0           1        3258
         106    8.98973        8.01964        8.14602        6.85840        130.582        84.1826       0.493222E+09    2.77752       0.277752        28.1100       0.453685E+09   0.386493E+08    887421.       0.114282E+08    83.0444       -31.9360       -158.347               0           1        3248
         107    9.12924        8.04454        10.1592        57.8382        123.438       -8.73108       0.349689E+09    2.49694       0.249694        23.9400       0.331888E+09   0.173224E+08    479092.       0.159410E+08    104.974       -28.0220        158.094               0           1        3247
         108    8.19770        9.85007        10.8036        81.4367      -0.928083       -3.79895       0.327655E+09    2.39744       0.239744        22.5600       0.300545E+09   0.268614E+08    249258.       0.861083E+07   -41.4538        255.787        259.396               0           1        3221
         109    8.59697        8.43473        9.64572        88.7298        94.0019       -32.4886       0.243649E+09    2.16229       0.216229        20.4100       0.222810E+09   0.204572E+08    381434.       0.994000E+07    21.3069        33.3114        77.3887               0           1        3180
         110    9.36465        8.78099        9.45841        74.7815        95.7537       -8.83626       0.194834E+09    1.69261       0.169261        16.6800       0.173842E+09   0.207485E+08    243823.       0.161738E+08    141.978        87.7396        47.9457               0           1        3140
         111    8.05746        9.27792        9.63818        86.8220        41.2543       -8.58040       0.332209E+09    2.32498       0.232498        21.8600       0.291483E+09   0.397509E+08    975866.       0.259406E+08   -63.4980        165.851        76.2035               0           1        3130
         112    7.87832        8.61677        9.91232        91.6816        50.6695        33.4149       0.268495E+09    2.27578       0.227578        21.4300       0.256066E+09   0.116727E+08    756900.       0.191836E+08   -91.6567        61.9261        119.295               0           1        3118
         113    8.45452        8.40576        8.68183        63.9327        32.7600        89.8337       0.938654E+09    1.68003       0.168003        18.4500       0.866966E+09   0.568843E+08   0.148046E+08   0.219077E+09   -1.08460        28.7577       -74.1239               0           1        3096
         114    8.51647        8.05212        9.35612        46.6049        159.473        18.1132       0.241987E+09    2.20237       0.220237        20.7300       0.232122E+09   0.960163E+07    263802.       0.625106E+07    8.65324       -26.8305        31.8669               0           1        3092
         115    8.39518        8.12093        9.32263        111.190        145.776        6.75728       0.805441E+09    3.14629       0.314629        30.4900       0.729537E+09   0.735647E+08   0.233937E+07   0.301097E+08   -10.4122       -16.0144        26.6026               0           1        3087
         116    7.76270        9.30517        9.55145        104.369        64.6253        50.2408       0.272047E+09    2.28316       0.228316        21.5200       0.257728E+09   0.137758E+08    542518.       0.132728E+08   -109.831        170.135        62.5705               0           1        3073
         117    8.72875        8.16778        9.10150        76.5397        200.078        109.051       0.770708E+09    1.54925       0.154925        16.0600       0.738518E+09   0.163971E+08   0.157931E+08   0.206490E+09    42.0213       -8.65010       -8.15652               0           1        3023
         118    9.44796        8.44758        9.65914        26.8572        128.008        34.9272       0.385183E+09    2.52649       0.252649        24.0300       0.352672E+09   0.304452E+08   0.206546E+07   0.146341E+08    155.073        35.3313        79.4982               0           1        3022
         119    8.83750        8.19332        9.41653        20.8962        146.038        24.9491       0.464280E+09    2.68085       0.268085        25.4900       0.423007E+09   0.405589E+08    713569.       0.302841E+08    59.1155       -4.63550        41.3626               0           1        3012
         120    8.02666        8.89078        9.90252        71.3493        51.5227       -4.79659       0.195920E+09    2.00038       0.200038        18.8100       0.182488E+09   0.128885E+08    542933.       0.105314E+08   -68.3394        104.997        117.755               0           1        2977
         121    9.00430        8.89808        9.50809        74.5368        19.4057        20.2942       0.155465E+09    1.90308       0.190308        18.2000       0.149981E+09   0.493884E+07    544779.       0.204975E+08    85.3346        106.145        55.7548               0           1        2974
         122    9.18604        8.47091        9.59661        30.8971        119.102        55.6098       0.348267E+09    2.43234       0.243234        23.1200       0.326733E+09   0.209440E+08    590019.       0.142371E+08    113.902        38.9985        69.6692               0           1        2951
         123    8.01685        9.11775        9.76849        69.1001        32.6561        5.05724       0.304344E+09    2.11859       0.211859        21.7700       0.233702E+09   0.698816E+08    761165.       0.945130E+07   -69.8814        140.674        96.6868               0           1        2932
         124    8.46615        8.40898        9.45975        101.577        106.897        123.184       0.238674E+10    1.86834       0.186834        19.9500       0.201214E+10   0.288200E+09   0.863981E+08   0.833520E+09   0.743503        29.2638        48.1563               0           1        2928
         125    8.19580        9.71936        9.44719        67.7538       -9.71768        6.37928       0.286051E+09    2.31869       0.231869        21.9800       0.268038E+09   0.175781E+08    435265.       0.673838E+07   -41.7525        235.241        46.1820               0           1        2928
         126    8.46794        8.42210        9.48448        218.118        91.0343       -21.6100       0.319413E+09    1.75328       0.175328        18.1100       0.286993E+09   0.307146E+08   0.170593E+07   0.408450E+08    1.02487        31.3261        52.0436               0           1        2925
         127    8.11784        9.32654        9.58744        69.6336        35.0542        73.4342       0.267734E+09    2.10821       0.210821        19.9200       0.246671E+09   0.205536E+08    509495.       0.258149E+08   -54.0069        173.494        68.2278               0           1        2919
         128    8.43334        7.63870        8.56294        32.3538        128.261        75.1887       0.606422E+09    2.94288       0.294288        28.5000       0.577146E+09   0.261374E+08   0.313925E+07   0.220170E+08   -4.41386       -91.8155       -92.8121               0           1        2915
         129    8.84240        8.49827        9.41144        49.6972        62.5817        45.5815       0.217133E+09    2.00038       0.200038        18.8100       0.179246E+09   0.370986E+08    788595.       0.117606E+08    59.8858        43.2992        40.5625               0           1        2911
         130    8.49798        8.08101        8.94689        69.1273        164.344        78.1199       0.244722E+09    2.17470       0.217470        20.6700       0.227050E+09   0.164741E+08   0.119714E+07   0.108669E+08    5.74682       -22.2894       -32.4595               0           1        2910
         131    8.12131        9.23139        9.63806        62.9956        26.9624       -9.02133       0.182892E+09    1.97979       0.197979        19.1700       0.175006E+09   0.748441E+07    401929.       0.145151E+08   -53.4615        158.537        76.1847               0           1        2907
         132    8.79627        8.28712        8.85238        11.2278        115.856        107.746       0.382150E+09    2.53498       0.253498        23.9000       0.360071E+09   0.209643E+08   0.111381E+07   0.389147E+08    52.6346        10.1088       -47.3154               0           1        2895
         133    9.26974        7.65978        9.82709        42.0295        124.741        1.30661       0.445435E+09    2.66089       0.266089        25.4300       0.408042E+09   0.364786E+08    913827.       0.980976E+07    127.059       -88.5020        105.898               0           1        2893
         134    8.62873        8.20140        9.11399        41.5299        105.993        43.7380       0.222719E+09    2.10900       0.210900        20.1000       0.207596E+09   0.146786E+08    444423.       0.797426E+07    26.2992       -3.36541       -6.19324               0           1        2881
         135    8.45374        7.67688        8.66489        55.7840        138.732        60.9934       0.219778E+09    2.08872       0.208872        20.5400       0.199449E+09   0.185464E+08   0.178342E+07   0.195878E+08   -1.20721       -85.8140       -76.7867               0           1        2878
         136    8.46309        8.27002        9.25784        73.7579        133.297       -14.7322       0.196029E+09    1.77937       0.177937        17.3200       0.167856E+09   0.279306E+08    242250.       0.201129E+07   0.262505        7.42088        16.4184               0           1        2874
         137    9.27537        8.86306        10.0622        84.8120        51.1761       0.789700       0.259256E+09    2.20960       0.220960        20.7800       0.236029E+09   0.228596E+08    367431.       0.109994E+08    127.944        100.640        142.853               0           1        2831
         138    9.03486        8.39220        9.15264        11.6915        101.795        104.248       0.216393E+09    1.93326       0.193326        18.2700       0.182572E+09   0.330777E+08    743915.       0.100463E+08    90.1383        26.6262      -0.117892               0           1        2776
         139    8.27619        8.97138        9.17391        83.1304        39.2814        63.1710       0.227724E+09    2.15537       0.215537        20.3800       0.216824E+09   0.105058E+08    393288.       0.129919E+08   -29.1161        117.667        3.22551               0           1        2775
         140    7.86000        9.66371        9.03689        73.6490        46.6340        53.7023       0.280951E+09    2.31413       0.231413        22.9700       0.261885E+09   0.184694E+08    595994.       0.762768E+07   -94.5364        226.493       -18.3125               0           1        2768
         141    9.22757        8.49781        8.09525        39.1675        106.251        98.2595       0.286796E+09    2.29794       0.229794        21.6100       0.267954E+09   0.176113E+08   0.123047E+07   0.251923E+08    120.430        43.2269       -166.328               0           1        2758
         142    9.62836        9.04326        9.71155        52.3391        80.0814        25.9011       0.190239E+09    1.99158       0.199158        18.7800       0.175671E+09   0.141703E+08    397367.       0.719494E+07    183.430        128.965        87.7365               0           1        2725
         143    8.79191        8.48266        9.78892        37.6584        54.8688       -62.3197       0.110056E+10    2.08338       0.208338        21.6200       0.101429E+10   0.749474E+08   0.113169E+08   0.184569E+09    51.9493        40.8455        99.8981               0           1        2712
         144    8.76605        8.04650        9.10749        15.3024        185.471        57.7992       0.122859E+09    1.72514       0.172514        16.9400       0.118971E+09   0.355325E+07    335019.       0.303527E+07    47.8844       -27.7139       -7.21496               0           1        2700
         145    9.05762        8.40790        9.14607        15.1546        154.648        62.6169       0.152215E+09    1.73898       0.173898        16.3600       0.133853E+09   0.177945E+08    568422.       0.481607E+07    93.7159        29.0941       -1.15062               0           1        2675
         146    8.45079        9.83902        9.29240        74.5309        18.4426        17.5561       0.327269E+09    2.38832       0.238832        23.0500       0.294143E+09   0.325196E+08    606304.       0.634999E+07   -1.67092        254.050        21.8508               0           1        2672
         147    8.96291        8.37731        9.12473       -6.17067        94.6734        99.7524       0.129632E+09    1.70597       0.170597        16.2100       0.124707E+09   0.449608E+07    428058.       0.862093E+07    78.8286        24.2857       -4.50503               0           1        2670
         148    8.66069        8.15387        9.07570        64.6130        170.413        67.9652       0.106164E+09    1.58886       0.158886        14.9800       0.982694E+08   0.719958E+07    694893.       0.215393E+08    31.3230       -10.8366       -12.2120               0           1        2660
         149    8.35917        8.76725        9.25174        100.227        24.4481        45.4073       0.283026E+09    2.32073       0.232073        22.6600       0.269202E+09   0.134022E+08    422216.       0.104469E+08   -16.0725        85.5798        15.4595               0           1        2659
         150    8.91266        8.68658        9.45711        75.8933        28.7372        39.1829       0.282054E+09    2.31759       0.231759        22.4800       0.265543E+09   0.162997E+08    211201.       0.106427E+08    70.9298        72.8994        47.7414               0           1        2641
         151    9.20635        8.82724        10.1720        105.140        43.6015        4.64216       0.247223E+09    2.14987       0.214987        20.8300       0.215245E+09   0.313052E+08    673385.       0.630494E+07    117.095        95.0096        160.112               0           1        2595
         152    9.47639        8.16234        9.69671        35.2891        212.177       -11.6449       0.582761E+09    1.75234       0.175234        17.1300       0.529839E+09   0.491017E+08   0.381984E+07   0.523289E+08    159.542       -9.50520        85.4038               0           1        2571
         153    8.91986        8.47928        9.64792        46.4983        75.8169       -9.89302       0.264775E+09    2.18209       0.218209        20.5200       0.246505E+09   0.177640E+08    505904.       0.832390E+07    72.0616        40.3142        77.7345               0           1        2537
         154    8.54391        8.34281        8.77864        42.4752        107.317        99.2634       0.193377E+09    2.02490       0.202490        19.0400       0.183735E+09   0.935631E+07    285698.       0.767755E+07    12.9665        18.8626       -58.9065               0           1        2531
         155    8.87032        9.87954        9.31799        81.1949        30.9343        39.4238       0.148184E+09    1.84083       0.184084        17.3200       0.139423E+09   0.842543E+07    335743.       0.125635E+08    64.2745        260.419        25.8733               0           1        2531
         156    8.00891        8.61147        10.2643        60.7153        74.0225       -24.1846       0.470085E+09    2.65853       0.265853        26.0900       0.431238E+09   0.384167E+08    429874.       0.534441E+07   -71.1295        61.0930        174.621               0           1        2529
         157    8.70204        8.35402        8.97134        65.5624        51.9219        58.2078       0.248368E+09    2.13541       0.213541        20.0800       0.226967E+09   0.207543E+08    646676.       0.129762E+08    37.8227        20.6247       -28.6162               0           1        2522
         158    8.41102        8.38746        8.72989        114.889        60.4283        59.1868       0.221184E+09    2.11136       0.211136        19.9000       0.206100E+09   0.147188E+08    366002.       0.188026E+08   -7.92231        25.8811       -66.5694               0           1        2512
         159    9.25109        8.61682        10.2183        46.8880        115.274       -37.5971       0.201304E+09    1.95165       0.195165        19.8000       0.177583E+09   0.229997E+08    721213.       0.824142E+07    124.127        61.9339        167.386               0           1        2504
         160    7.91935        8.88623        9.96567        75.6151        38.2830       -3.38572       0.115054E+09    1.71901       0.171901        16.8600       0.110241E+09   0.409702E+07    715720.       0.357592E+08   -85.2073        104.282        127.681               0           1        2498
         161    9.00056        8.57165        10.1934        94.7778        68.6731       -44.1102       0.196537E+09    2.00384       0.200384        18.9600       0.177999E+09   0.184011E+08    136567.       0.785020E+07    84.7467        54.8337        163.483               0           1        2496
         162    8.45955        8.34886        9.31487        144.704        47.9368        60.9175       0.203142E+09    2.00746       0.200746        19.2600       0.190303E+09   0.124702E+08    368167.       0.188277E+08  -0.293943        19.8136        25.3828               0           1        2477
         163    8.66569        8.12904        8.95667        36.2837        151.244        104.237       0.187046E+09    1.94049       0.194049        18.4000       0.159293E+09   0.275075E+08    245848.       0.607604E+07    32.1089       -14.7396       -30.9222               0           1        2474
         164    8.77510        8.45067        9.76957        111.281        50.3776       -5.86064       0.155847E+09    1.66730       0.166730        16.0100       0.146490E+09   0.897992E+07    377876.       0.608915E+07    49.3070        35.8170        96.8565               0           1        2471
         165    9.41653        8.58952        9.52948        17.2550        112.994        50.9417       0.220440E+09    2.10365       0.210365        19.8000       0.205684E+09   0.140765E+08    679274.       0.114512E+08    150.133        57.6427        59.1171               0           1        2460
         166    8.35828        8.04617        9.26170        103.301        162.745        45.0125       0.120656E+09    1.74778       0.174778        16.5000       0.113234E+09   0.704883E+07    372720.       0.125748E+08   -16.2124       -27.7658        17.0251               0           1        2454
         167    8.99591        8.55808        10.1503        105.347        70.8088       -38.7519       0.208156E+09    2.03654       0.203654        19.1900       0.190137E+09   0.167653E+08   0.125352E+07   0.731780E+07    84.0158        52.7007        156.698               0           1        2422
         168    9.22021        8.58179        9.40331        55.0129        82.7268        36.0041       0.457905E+09    2.11906       0.211906        20.4000       0.438471E+09   0.184293E+08   0.100454E+07   0.336713E+08    119.273        56.4276        39.2846               0           1        2419
         169    9.22919        8.83424        10.2170        92.9821        47.4632       -19.7579       0.290599E+09    2.32560       0.232560        21.9500       0.273691E+09   0.163109E+08    597376.       0.767261E+07    120.685        96.1099        167.189               0           1        2418
         170    9.66196        8.99352        9.22643        58.3111        70.4933        67.3748       0.140254E+09    1.84194       0.184194        18.2500       0.136097E+09   0.370340E+07    453030.       0.258225E+08    188.711        121.147        11.4811               0           1        2407
         171    9.46912        8.34312        9.69835        2.66498        109.875       -9.36993       0.352487E+09    2.46236       0.246236        23.7600       0.327648E+09   0.244827E+08    356191.       0.309519E+07    158.399        18.9114        85.6616               0           1        2400
         172    8.39643        8.66247        8.82888        71.0275        39.1841        52.4856       0.282185E+09    2.22013       0.222013        20.8800       0.245840E+09   0.357852E+08    560289.       0.695886E+07   -10.2157        69.1096       -51.0093               0           1        2381
         173    8.90794        8.06806        8.17561        52.8792        120.679        100.236       0.309732E+09    2.36192       0.236192        22.5300       0.286328E+09   0.227572E+08    647308.       0.731671E+07    70.1879       -24.3250       -153.696               0           1        2375
         174    9.39119        8.89428        9.37795        55.8978        49.8678        31.6039       0.206784E+09    2.00133       0.200132        18.8400       0.180161E+09   0.261762E+08    447385.       0.466671E+07    146.149        105.548        35.2983               0           1        2374
         175    9.13110        9.10704        8.34344        69.0182        61.9912        79.0060       0.157889E+09    1.89994       0.189994        17.9000       0.154138E+09   0.323096E+07    519604.       0.167585E+08    105.266        138.991       -127.315               0           1        2364
         176    9.24344        8.74240        10.2337        78.5252        66.9760       -30.1965       0.206358E+09    2.04691       0.204691        19.2900       0.186147E+09   0.198668E+08    344529.       0.536579E+07    122.925        81.6737        169.817               0           1        2362
         177    8.09844        9.10653        9.73615        70.2767        60.3421       -6.11211       0.211800E+09    2.09249       0.209249        20.3900       0.198950E+09   0.124738E+08    376125.       0.813475E+07   -57.0564        138.911        91.6033               0           1        2358
         178    8.95687        8.71710        9.58841        82.3461        11.2444        25.1822       0.458447E+09    2.17187       0.217187        20.6900       0.420097E+09   0.376133E+08    737018.       0.122897E+08    77.8792        77.6968        68.3802               0           1        2355
         179    9.51328        9.01684        9.38626        76.7651        48.7793        43.6696       0.132343E+09    1.78708       0.178708        16.8000       0.128282E+09   0.365764E+07    403356.       0.325327E+07    165.341        124.813        36.6045               0           1        2342
         180    9.16503        9.05956        9.46162        72.6348        36.9773        27.2649       0.154326E+09    1.87542       0.187542        17.8100       0.146656E+09   0.720569E+07    464576.       0.199736E+08    110.600        131.528        48.4503               0           1        2315
         181    9.16340        8.41976        9.94258        46.8904        127.885       -10.6125       0.816751E+09    3.29184       0.329184        33.2300       0.755809E+09   0.590718E+08   0.186992E+07   0.386108E+08    110.343        30.9583        124.052               0           1        2310
         182    8.48129        8.37179        9.40300        87.4639        112.218        78.1529       0.138572E+09    1.68459       0.168459        16.0600       0.121881E+09   0.154514E+08   0.124008E+07   0.430664E+08    3.12334        23.4180        39.2359               0           1        2303
         183    8.31622        8.52003        9.58615        112.369        59.2535        28.1324       0.138561E+09    1.79541       0.179541        17.2600       0.122712E+09   0.156474E+08    201621.       0.130768E+08   -22.8238        46.7196        68.0250               0           1        2300
         184    9.02488        9.94349        9.19828        85.7421        34.6932        45.6091       0.205421E+09    2.06860       0.206860        19.4500       0.197038E+09   0.785316E+07    530248.       0.108415E+08    88.5696        270.471        7.05620               0           1        2295
         185    8.07895        9.09136        9.27590        97.1424        50.8507        61.9697       0.162579E+09    1.88123       0.188123        17.7200       0.147654E+09   0.147877E+08    137755.       0.161661E+07   -60.1200        136.526        19.2572               0           1        2279
         186    9.06819        8.25582        9.66642        70.6822        131.167        1.36417       0.199530E+09    2.03575       0.203575        19.1500       0.188142E+09   0.111183E+08    269681.       0.864785E+07    95.3774        5.18880        80.6425               0           1        2261
         187    8.72181        8.18234        9.21149        31.7641        149.252        16.4657       0.132329E+09    1.77151       0.177152        17.2100       0.121548E+09   0.105971E+08    183414.       0.962971E+07    40.9304       -6.36143        9.13266               0           1        2252
         188    9.02738        8.77635        9.04662        74.1018        50.0501        92.5452       0.121173E+09    1.70251       0.170251        17.1500       0.107248E+09   0.126829E+08   0.124204E+07   0.397532E+07    88.9625        87.0102       -16.7830               0           1        2232
         189    9.07128        8.83293        9.05958        79.4514        56.4979        100.098       0.134382E+09    1.74668       0.174668        18.6600       0.126370E+09   0.529764E+07   0.271384E+07   0.888410E+07    95.8631        95.9040       -14.7459               0           1        2212
         190    8.46236        8.20928        9.26861        62.0363        154.261      -0.347915       0.252317E+09    2.14169       0.214169        21.4900       0.217905E+09   0.339029E+08    508984.       0.444739E+07   0.147757       -2.12676        18.1113               0           1        2210
         191    8.50273        8.28631        8.81777        69.6533        102.950        98.3965       0.159482E+09    1.80735       0.180735        17.0300       0.135183E+09   0.234340E+08    865276.       0.341954E+07    6.49347        9.98148       -52.7557               0           1        2206
         192    7.89502        9.69249        9.93073        68.7222        13.5519       -9.60303       0.197772E+09    2.06750       0.206750        20.4200       0.187643E+09   0.993475E+07    194506.       0.250387E+07   -89.0317        231.017        122.189               0           1        2205
         193    8.28112        8.13554        9.80182        80.9892        121.113       -24.9908       0.112102E+09    1.70392       0.170392        17.4100       0.107332E+09   0.421021E+07    560308.       0.229009E+08   -28.3411       -13.7179        101.926               0           1        2202
         194    9.11240        8.45311        9.17372        28.1752        137.539        79.1096       0.154771E+09    1.71571       0.171571        17.1900       0.120883E+09   0.322549E+08   0.163334E+07   0.116351E+08    102.327        36.2006        3.19565               0           1        2192
         195    8.48322        8.49217        8.71937        55.6545        34.1516        78.4725       0.142565E+09    1.80138       0.180138        17.1800       0.123543E+09   0.185994E+08    421911.       0.378734E+07    3.42671        42.3404       -68.2230               0           1        2191
         196    9.12306        8.48326        9.87086        51.6703        96.4290       -4.08798       0.282624E+09    2.30266       0.230266        22.2100       0.264795E+09   0.175370E+08    291856.       0.969574E+07    104.002        40.9398        112.778               0           1        2186
         197    9.43157        8.53589        9.09518        9.99307        126.957        78.2296       0.177183E+09    1.99771       0.199771        18.8200       0.174590E+09   0.186949E+07    723498.       0.703295E+07    152.497        49.2126       -9.14996               0           1        2177
         199    9.38469        8.68852        10.2651        54.8373        86.9584       -12.2411       0.193120E+09    2.03716       0.203716        19.4100       0.183403E+09   0.909337E+07    623933.       0.720714E+07    145.128        73.2044        174.742               0           1        2146
         200    8.11499        9.27026        9.63776        64.0416        45.6867        24.5053       0.145207E+09    1.81820       0.181820        17.1200       0.136264E+09   0.864503E+07    298814.       0.636214E+07   -54.4549        164.647        76.1375               0           1        2144
         201    8.72645        8.16646        9.09946        8.47321        171.894        55.5024       0.914994E+09    1.79116       0.179116        18.8400       0.865554E+09   0.334390E+08   0.160009E+08   0.209727E+09    41.6597       -8.85758       -8.47719               0           1        2114
         202    8.44932        8.20888        9.06193        121.193        89.8083        109.776       0.151397E+09    1.79635       0.179635        17.3900       0.140421E+09   0.107285E+08    248116.       0.108148E+08   -1.90198       -2.18964       -14.3765               0           1        2105
         203    9.51794        8.84772        9.41329        12.9737        85.6168        45.6907       0.202259E+09    2.06027       0.206027        19.3800       0.190303E+09   0.118135E+08    141804.       0.380697E+07    166.073        98.2288        40.8533               0           1        2085
         204    7.88645        8.49420        9.71214        110.793        59.0756        38.4279       0.151812E+09    1.89003       0.189004        17.8000       0.148734E+09   0.276274E+07    315317.       0.181918E+08   -90.3788        42.6594        87.8292               0           1        2083
         206    9.43525        8.57581        9.55958        11.5553        114.422        70.4788       0.161963E+09    1.82244       0.182244        17.6500       0.140587E+09   0.209453E+08    430688.       0.161746E+07    153.075        55.4876        63.8485               0           1        2065
         207    8.85742        8.40602        9.96718        71.6261        122.978       -33.0535       0.153071E+09    1.88626       0.188626        18.1500       0.146074E+09   0.660762E+07    389103.       0.478609E+07    62.2467        28.7985        127.919               0           1        2044
         208    8.04774        9.28368        9.62846        113.432        28.6181        1.19959       0.203611E+09    1.88265       0.188265        17.7400       0.185980E+09   0.170742E+08    556508.       0.703711E+07   -65.0258        166.757        74.6756               0           1        2033
         209    8.39359        8.26760        8.87909        107.024        99.9099        116.409       0.185683E+09    1.71681       0.171681        17.5300       0.152309E+09   0.328089E+08    564959.       0.219111E+07   -10.6621        7.04048       -43.1169               0           1        2030
         210    9.40184        8.74006        9.70134        52.0801        72.5903       -2.65901       0.240386E+09    2.21306       0.221306        21.1700       0.232538E+09   0.725538E+07    592793.       0.133116E+08    147.823        81.3059        86.1316               0           1        2030
         211    9.27688        7.36836        10.0758        43.4402        119.550        9.50486       0.170819E+09    1.93766       0.193766        18.4000       0.156882E+09   0.137612E+08    175941.       0.644481E+07    128.181       -134.310        144.997               0           1        2008
         212    8.82817        8.19776        9.40896        46.4504        164.353        30.8095       0.223950E+09    1.79494       0.179494        16.9000       0.210090E+09   0.132813E+08    578274.       0.175734E+08    57.6490       -3.93758        40.1727               0           1        2003
         213    9.26747        7.85500        9.69113        50.0110        143.592        36.5610       0.147380E+09    1.85671       0.185671        17.4600       0.140753E+09   0.653583E+07    90941.1       0.517080E+07    126.702       -57.8156        84.5267               0           1        2003
         214    8.96910        8.28177        10.0720        57.7327        130.005       -15.7589       0.173958E+09    1.99252       0.199252        19.2300       0.167108E+09   0.667233E+07    177981.       0.194060E+07    79.8016        9.26785        144.398               0           1        1998
         215    7.88142        9.54758        9.40509        94.4068        30.4460        27.3862       0.178220E+09    1.90512       0.190513        19.4500       0.163533E+09   0.143350E+08    351721.       0.288985E+07   -91.1695        208.239        39.5644               0           1        1994
         216    9.34394        8.43070        9.63458        36.6304        101.356        52.2091       0.238852E+09    1.80924       0.180924        17.4200       0.206266E+09   0.316675E+08    918942.       0.606975E+07    138.722        32.6780        75.6376               0           1        1989
         217    8.49247        10.0238        10.4158        107.758      -0.464991E-01   -12.7246       0.155064E+09    1.88029       0.188029        18.4700       0.144245E+09   0.105494E+08    269493.       0.414789E+07    4.88071        283.100        198.432               0           1        1971
         218    9.50882        8.49595        9.82241        15.4107        115.916       -9.49804       0.163796E+09    1.88752       0.188752        17.7800       0.145492E+09   0.180372E+08    266789.       0.310369E+07    164.639        42.9345        105.162               0           1        1966
         219    8.37071        9.17721        9.57072        52.3835        36.9580        46.3515       0.280115E+09    1.41030       0.141030        13.7700       0.262467E+09   0.149968E+08   0.265095E+07   0.233164E+08   -14.2586        150.021        65.5996               0           1        1957
         220    8.77835        8.47042        9.43390        59.3813        77.0785        50.5883       0.123288E+09    1.55114       0.155114        14.5900       0.111738E+09   0.114148E+08    135287.       0.534032E+07    49.8178        38.9215        44.0930               0           1        1953
         221    8.40396        8.25332        8.72023        85.8616        118.389        110.253       0.169506E+09    1.88406       0.188406        17.7400       0.147737E+09   0.208493E+08    919562.       0.455484E+07   -9.03206        4.79583       -68.0879               0           1        1952
         222    9.08976        8.59432        9.30086        43.9934        90.5953        56.3121       0.183387E+09    1.99441       0.199441        18.9100       0.171431E+09   0.116316E+08    324821.       0.742738E+07    98.7680        58.3972        23.1806               0           1        1946
         223    9.24072        8.86922        9.32665        64.9048        16.8915        48.8385       0.111721E+09    1.70267       0.170267        16.0400       0.109909E+09   0.139725E+07    414899.       0.927626E+07    122.497        101.608        27.2345               0           1        1943
         224    8.74007        8.17461        9.14447        26.0357        149.348       -4.36667       0.124453E+09    1.71320       0.171320        16.2600       0.121631E+09   0.224940E+07    572486.       0.473579E+07    43.8006       -7.57650       -1.40212               0           1        1896
         225    9.11342        9.10288        9.44971        70.6270        17.7941        22.6975       0.155928E+09    1.88768       0.188768        17.7900       0.146988E+09   0.881742E+07    121858.       0.560668E+07    102.487        138.337        46.5782               0           1        1872
         226    8.45801        8.85203        8.63856        64.8075        38.3731        83.4100       0.123974E+09    1.75061       0.175061        16.7100       0.117059E+09   0.682877E+07    86308.7       0.302433E+07  -0.536014        98.9063       -80.9255               0           1        1870
         227    8.82585        7.49482        9.36188        42.4483        135.657        57.6608       0.117269E+09    1.74888       0.174888        16.5500       0.115978E+09   0.102719E+07    264112.       0.100869E+08    57.2843       -114.432        32.7723               0           1        1865
         228    9.08274        8.79020        9.30786        91.4987        16.6127        76.8497       0.226248E+09    2.03323       0.203323        19.5700       0.204686E+09   0.212471E+08    314436.       0.560096E+07    97.6645        89.1873        24.2809               0           1        1861
         229    8.64552        8.95037        9.60195        69.9244        35.7468        19.1212       0.136626E+09    1.79101       0.179101        16.8400       0.128282E+09   0.792544E+07    418068.       0.456670E+07    28.9384        114.364        70.5086               0           1        1858
         230    8.58469        9.39694        8.51488        81.0442        73.3520        55.2345       0.471005E+09    1.74071       0.174071        16.8300       0.430656E+09   0.378698E+08   0.247914E+07   0.556025E+08    19.3767        184.560       -100.367               0           1        1852
         231    9.04924        8.23413        9.12077      -0.385011        143.051        73.4210       0.200983E+09    2.00007       0.200007        20.3700       0.175588E+09   0.249057E+08    489066.       0.346611E+07    92.3987        1.77938       -5.12750               0           1        1841
         232    7.79451        9.77348        9.91775        79.5524       -5.33363        10.7074       0.189287E+09    2.00808       0.200808        19.5600       0.180244E+09   0.875424E+07    288584.       0.469528E+07   -104.831        243.748        120.149               0           1        1831
         233    8.07817        9.73307        9.22033        80.3154        30.6323        42.6607       0.149384E+09    1.85451       0.185451        17.4500       0.141252E+09   0.783630E+07    295596.       0.102935E+08   -60.2426        237.396        10.5222               0           1        1828
         234    8.77011        8.30203        8.98377        34.7618        102.155        92.9316       0.770765E+09    1.72310       0.172310        19.1200       0.630104E+09   0.130803E+09   0.985718E+07   0.872649E+08    48.5226        12.4525       -26.6624               0           1        1823
         235    8.63485        9.42693        9.67382        70.2803        20.0443       -6.28042       0.154224E+09    1.91126       0.191126        18.1800       0.150646E+09   0.337200E+07    205971.       0.358845E+07    27.2612        189.274        81.8057               0           1        1822
         236    7.63709        9.40274        9.73389        111.329        19.8080        25.7364       0.195053E+09    1.96690       0.196690        21.1700       0.163034E+09   0.313380E+08    681287.       0.336848E+07   -129.575        185.472        91.2481               0           1        1819
         237    8.09338        9.74481        9.22900        61.6889        14.3775        57.2293       0.149378E+09    1.78723       0.178723        16.8200       0.135017E+09   0.140268E+08    334322.       0.840929E+07   -57.8517        239.241        11.8850               0           1        1788
         238    8.98696        7.47749        9.64592        60.8860        122.157        20.3058       0.172286E+09    1.98623       0.198623        18.7600       0.168355E+09   0.378626E+07    145099.       0.387541E+07    82.6090       -117.156        77.4202               0           1        1783
         239    7.95055        9.50251        9.49286        89.1487        34.7311        33.5808       0.114243E+09    1.70078       0.170078        15.9900       0.102759E+09   0.114012E+08    83302.7       0.330118E+07   -80.3030        201.154        53.3609               0           1        1779
         240    8.99012        8.68598        9.65586        73.1415        49.8199       -14.0271       0.134892E+09    1.75988       0.175988        16.5500       0.122047E+09   0.126443E+08    200658.       0.256272E+07    83.1057        72.8051        78.9826               0           1        1775
         241    8.96252        8.35382        9.11526        25.7288        88.1835        58.8306       0.353705E+09    2.25754       0.225754        21.2300       0.306614E+09   0.466547E+08    436466.       0.562361E+07    78.7673        20.5933       -5.99361               0           1        1758
         242    8.76875        8.27924        8.88075        26.8625        141.555        112.838       0.186223E+09    1.93531       0.193531        21.6600       0.156051E+09   0.295185E+08    653730.       0.250548E+07    48.3088        8.87016       -42.8559               0           1        1752
         243    9.29448        8.40325        10.6512        54.4933        108.751       -12.6702       0.140578E+09    1.81584       0.181584        17.2200       0.128615E+09   0.118107E+08    152441.       0.294496E+07    130.948        28.3631        235.439               0           1        1712
         244    8.01185        9.69675        9.26305        68.1677        12.0549        44.5531       0.150369E+09    1.86206       0.186206        17.6000       0.140587E+09   0.962865E+07    153729.       0.290240E+07   -70.6673        231.687        17.2373               0           1        1708
         245    8.64595        8.43830        9.56774        63.8103        70.9654       -1.17125       0.139184E+09    1.82873       0.182873        17.3900       0.133021E+09   0.602425E+07    138358.       0.644842E+07    29.0060        33.8726        65.1311               0           1        1707
         246    9.09781        8.14688        9.12828        10.3401        153.217        68.3663       0.146479E+09    1.84209       0.184209        17.8000       0.135931E+09   0.104502E+08    98198.7       0.332626E+07    100.033       -11.9353       -3.94701               0           1        1703
         247    8.83756        8.48932        9.59050        47.7386        56.1428        10.4812       0.124304E+09    1.72782       0.172782        16.2700       0.118389E+09   0.584230E+07    72650.8        897286.        59.1250        41.8924        68.7088               0           1        1693
         248    9.14241        8.82532        8.10332        55.0441        89.7029        85.5077       0.130163E+09    1.78236       0.178236        17.0300       0.122380E+09   0.758617E+07    197432.       0.935645E+07    107.044        94.7078       -165.059               0           1        1678
         249    8.12167        9.12570        9.55886        83.2295        52.8771        54.2802       0.133623E+09    1.76916       0.176916        16.7100       0.121216E+09   0.121490E+08    258546.       0.161074E+07   -53.4049        141.924        63.7353               0           1        1667
         250    8.96219        8.00813        8.11305        47.5562        124.213        103.772       0.105792E+09    1.72389       0.172389        16.2800       0.105253E+09    19687.3        519416.       0.898130E+07    78.7154       -33.7453       -163.530               0           1        1637
         251    8.55358        8.76926        9.30985        87.1096        21.2149        49.1878       0.110446E+09    1.71901       0.171901        16.2100       0.109992E+09    149339.        304317.       0.950476E+07    14.4865        85.8958        24.5937               0           1        1635
         252    8.05810        8.60477        10.0125        61.0673        62.6561       -23.7194       0.183619E+09    1.96486       0.196486        18.4900       0.172096E+09   0.108547E+08    668162.       0.259229E+07   -63.3974        60.0398        135.036               0           1        1631
         253    7.92636        9.57222        9.40785        87.3243        11.9423        26.0850       0.230018E+09    2.09234       0.209234        21.4500       0.209176E+09   0.205746E+08    268147.       0.435056E+07   -84.1054        212.112        39.9982               0           1        1617
         254    7.82603        9.36318        9.68315        58.3663        47.9531        4.24853       0.427881E+09    1.48795       0.148795        14.9900       0.394075E+09   0.315161E+08   0.229024E+07   0.346062E+08   -99.8761        179.253        83.2723               0           1        1609
         255    9.51944        8.98497        9.72902        87.1084        43.4978        7.69057       0.112591E+09    1.69999       0.169999        16.0000       0.108329E+09   0.413995E+07    122065.       0.257864E+07    166.309        119.803        90.4825               0           1        1593
         256    9.43506        8.40331        8.61736        33.2579        113.294        82.0963       0.123202E+09    1.75092       0.175092        16.5700       0.116560E+09   0.649644E+07    145346.       0.236993E+07    153.045        28.3726       -84.2579               0           1        1593
         257    8.20221        8.51812        9.82428        86.3441        88.2967        1.16751       0.140434E+09    1.76664       0.176664        16.7500       0.121132E+09   0.189937E+08    308032.       0.259208E+07   -40.7449        46.4194        105.456               0           1        1591
         258    8.59683        8.39705        8.78190        51.1507        67.4475        86.6732       0.114811E+09    1.57000       0.157000        14.7700       0.102177E+09   0.122315E+08    402824.       0.225030E+07    21.2849        27.3886       -58.3940               0           1        1590
         259    9.63443        8.95266        9.25540        39.2599        101.424        58.4570       0.126290E+09    1.74527       0.174526        16.4300       0.114731E+09   0.113962E+08    163131.       0.610719E+07    184.384        114.724        16.0348               0           1        1589
         260    8.36236        8.15730        9.02874        136.596        144.914        90.2452       0.149730E+09    1.86284       0.186284        19.4600       0.138591E+09   0.999687E+07   0.114150E+07   0.519367E+07   -15.5711       -10.2974       -19.5936               0           1        1586
         261    8.97457        9.98372        9.17789        89.8537        15.9227        37.2348       0.127636E+09    1.71886       0.171886        16.3800       0.116310E+09   0.112155E+08    110488.       0.364994E+07    80.6614        276.795        3.85112               0           1        1571
         262    8.89579        8.51534        9.37936        49.5308        48.1798        57.4161       0.125480E+09    1.75077       0.175077        16.7500       0.117059E+09   0.823299E+07    188291.       0.793796E+07    68.2781        45.9824        35.5199               0           1        1565
         263    8.83442        8.49011        9.65975        34.3293        108.213        15.7686       0.130835E+09    1.67123       0.167123        15.8800       0.118555E+09   0.119792E+08    301115.       0.295685E+07    58.6314        42.0165        79.5941               0           1        1552
         264    7.93056        9.53348        9.44022        85.6772        33.6405        23.0101       0.136653E+09    1.76884       0.176884        17.0000       0.123959E+09   0.126058E+08    87751.4       0.127534E+07   -83.4452        206.023        45.0864               0           1        1547
         265    7.58005        9.31203        9.82580        95.8997        45.7002        1.75641       0.169177E+09    1.89617       0.189617        17.8500       0.163284E+09   0.563913E+07    254648.       0.393471E+07   -138.541        171.213        105.695               0           1        1544
         266    8.80212        8.49196        9.67164        40.3093        107.424       -9.49541       0.206006E+09    1.64749       0.164749        17.8500       0.188391E+09   0.172717E+08    342908.       0.167204E+07    53.5542        42.3073        81.4631               0           1        1522
         267    8.35514        9.35426        9.63072        63.1311        1.56467       -8.99475       0.218458E+09    2.05493       0.205493        20.1500       0.199532E+09   0.187631E+08    162707.       0.275344E+07   -16.7060        177.851        75.0309               0           1        1500
         268    8.95613        8.59500        9.14399        61.4173        45.8468        79.7700       0.141190E+09    1.83801       0.183801        17.8200       0.132190E+09   0.867695E+07    322855.       0.143884E+07    77.7628        58.5041       -1.47757               0           1        1489
         269    9.12985        8.90380        8.05316        63.8325        84.9925        100.973       0.160556E+09    1.90843       0.190843        19.5400       0.148152E+09   0.123076E+08    95896.1        703022.        105.070        107.044       -172.944               0           1        1476
         270    9.49014        8.98689        10.2628        84.9595        62.9276        3.34586       0.157559E+09    1.88438       0.188438        18.1200       0.144827E+09   0.125602E+08    172144.       0.190930E+07    161.703        120.105        174.390               0           1        1473
         271    9.18512        8.99006        8.03001        42.5029        70.3551        107.140       0.113191E+09    1.73348       0.173348        16.5400       0.112403E+09    489136.        299360.       0.350974E+07    113.757        120.603       -176.583               0           1        1443
         272    9.10846        8.32012        8.69439        25.0297        116.048        80.3916       0.123602E+09    1.72923       0.172923        16.5200       0.112154E+09   0.109573E+08    491333.       0.147953E+07    101.707        15.2960       -72.1496               0           1        1442
         273    8.78406        9.59207        9.65053        77.5038        7.69042        9.56530       0.166980E+09    1.94631       0.194631        18.7400       0.159875E+09   0.690567E+07    199280.       0.231098E+07    50.7154        215.232        78.1448               0           1        1440
         274    9.36927        8.76439        9.65628        53.0912        63.0625        3.14157       0.127447E+09    1.74904       0.174904        17.3300       0.114232E+09   0.130125E+08    202183.        662995.        142.704        85.1303        79.0486               0           1        1439
         275    8.58143        9.39348        8.50630        64.4644        101.562        44.3296       0.327792E+09    1.65174       0.165174        15.8200       0.280093E+09   0.461974E+08   0.150217E+07   0.148087E+08    18.8642        184.016       -101.715               0           1        1432
         276    9.28662        8.87520        10.1475        68.9162        56.5542       -9.10277       0.105907E+09    1.67846       0.167846        15.8700       0.105419E+09    10569.1        476781.       0.209445E+07    129.712        102.548        156.260               0           1        1429
         277    9.06062        8.80458        9.32205        97.8423        15.9286        39.5338       0.203726E+09    2.08243       0.208243        20.8700       0.192382E+09   0.109931E+08    350647.       0.304649E+07    94.1875        91.4477        26.5114               0           1        1412
         278    8.68388        8.37513        10.8548        71.6412        99.1886        11.5799       0.140582E+09    1.84335       0.184335        18.3100       0.134933E+09   0.538457E+07    263901.       0.275066E+07    34.9682        23.9430        267.442               0           1        1391
         279    9.41393        8.71420        9.65703        21.3679        64.8320        20.2054       0.192687E+09    2.00730       0.200730        19.9800       0.177001E+09   0.154436E+08    241643.       0.129567E+07    149.724        77.2410        79.1665               0           1        1388
         280    8.54157        9.35510        8.47448        93.7201        79.6995        69.6402       0.149432E+09    1.79761       0.179761        18.5800       0.138425E+09   0.103700E+08    636848.       0.578414E+07    12.5987        177.983       -106.717               0           1        1376
         281    8.33767        8.68122        8.91888        110.312        33.9034        58.2321       0.109451E+09    1.71728       0.171729        17.5400       0.106750E+09   0.247339E+07    228494.       0.167180E+07   -19.4521        72.0569       -36.8623               0           1        1375
         282    7.99925        9.11539        9.81411        87.2551        61.1491       -15.7025       0.206877E+09    1.89349       0.189349        17.8300       0.189805E+09   0.168347E+08    237399.       0.401117E+07   -72.6479        140.304        103.858               0           1        1373
         283    7.72916        9.52544        9.05817        90.2830        57.0506        44.2660       0.199945E+09    2.03496       0.203496        19.4000       0.175172E+09   0.245436E+08    229286.       0.402736E+07   -115.103        204.759       -14.9675               0           1        1373
         284    8.27500        8.43850        8.99828        128.830        52.2171        67.5793       0.110815E+09    1.71288       0.171288        16.5400       0.106750E+09   0.371410E+07    351259.       0.335152E+07   -29.3031        33.9040       -24.3815               0           1        1357
         285    7.51816        9.35079        9.78790        107.627        31.9154        17.1599       0.264372E+09    2.22563       0.222563        20.9400       0.242847E+09   0.212636E+08    261841.       0.206565E+07   -148.270        177.306        99.7378               0           1        1355
         286    8.65663        8.35575        9.00709        76.1802        39.3520        68.3752       0.142267E+09    1.80861       0.180861        17.1200       0.131442E+09   0.106258E+08    199562.       0.215172E+07    30.6848        20.8967       -22.9967               0           1        1349
         287    9.34605        8.43000        9.64217        48.5636        129.242        38.0126       0.311397E+09    2.29480       0.229480        21.9000       0.274023E+09   0.363805E+08    992671.       0.702455E+07    139.054        32.5679        76.8307               0           1        1344
         288    9.05825        8.46754        9.62557        67.3670        42.3946       -1.90908       0.164703E+09    1.39898       0.139898        15.8900       0.150563E+09   0.139808E+08    158659.       0.294460E+07    93.8149        38.4688        74.2214               0           1        1329
         289    9.07341        8.23083        9.66706        45.8140        158.407        13.1898       0.219762E+09    2.08794       0.208794        19.7800       0.199116E+09   0.203290E+08    316934.       0.496882E+07    96.1979        1.26065        80.7431               0           1        1319
         290    8.06196        8.46823        8.97930        130.236        62.6801        54.4062       0.126415E+09    1.74574       0.174574        16.5500       0.113899E+09   0.124180E+08    97128.8       0.114588E+07   -62.7906        38.5773       -27.3650               0           1        1293
         291    8.85462        8.61662        8.93227        58.7873        40.8696        98.6134       0.114026E+09    1.72012       0.172011        16.6400       0.109244E+09   0.444787E+07    334862.       0.269027E+07    61.8066        61.9025       -34.7576               0           1        1286
         292    9.31784        8.75578        9.54160        63.1797        57.1409        13.8406       0.106654E+09    1.69544       0.169544        16.1000       0.105586E+09    776753.        291511.       0.223130E+07    134.620        83.7769        61.0222               0           1        1282
         293    9.31879        8.75108        9.57926        65.9528        74.5620        10.2573       0.123378E+09    1.69324       0.169324        16.2200       0.110491E+09   0.128067E+08    80564.6        633225.        134.769        83.0381        66.9420               0           1        1282
         294    8.27365        8.87418        9.63766        71.5552        48.7162        18.2852       0.109796E+09    1.71493       0.171493        16.3600       0.106417E+09   0.324499E+07    133955.       0.389953E+07   -29.5153        102.388        76.1218               0           1        1281
         295    8.28346        9.29494        9.60427        65.0836        17.6337        21.2787       0.116523E+09    1.71854       0.171854        16.1700       0.109742E+09   0.664173E+07    138889.       0.321485E+07   -27.9733        168.527        70.8733               0           1        1268
         296    9.87315        8.18101        9.83940        8.35577        124.283        11.5424       0.159381E+09    1.89051       0.189051        19.1300       0.143164E+09   0.161071E+08    109766.       0.118823E+07    221.908       -6.57049        107.833               0           1        1262
         297    8.87391        7.42110        9.41948        54.3988        148.292        43.4885       0.122993E+09    1.77372       0.177372        16.7000       0.120800E+09   0.208363E+07    109302.       0.261411E+07    64.8388       -126.020        41.8263               0           1        1224
         298    8.30260        8.50663        10.8240        76.9127        68.7867        12.1498       0.105599E+09    1.67516       0.167516        15.8700       0.104671E+09    613715.        314044.       0.382398E+07   -24.9647        44.6133        262.603               0           1        1215
         299    9.27816        7.35934        10.1108        31.4523        122.363       -2.65273       0.105128E+09    1.65960       0.165960        15.7300       0.102593E+09   0.237587E+07    159620.       0.165790E+07    128.382       -135.728        150.492               0           1        1202
         300    8.12365        9.23136        9.51053        94.8759        53.0035        66.0987       0.115617E+09    1.71226       0.171226        16.1300       0.109410E+09   0.598835E+07    218781.       0.376450E+07   -53.0936        158.533        56.1384               0           1        1194
         301    7.80262        9.51645        9.60869        99.4366       -24.6071        10.6003       0.168635E+09    1.63225       0.163225        15.3800       0.148984E+09   0.195650E+08    85790.3       0.237285E+07   -103.556        203.346        71.5680               0           1        1184
         302    8.32595        8.18679        9.70984        97.7921        125.319        12.9040       0.138374E+09    1.83360       0.183360        18.1000       0.129529E+09   0.878104E+07    63998.1       0.174729E+07   -21.2944       -5.66194        87.4677               0           1        1175
         303    9.42073        8.63010        9.59108        28.6558        84.1866        30.6568       0.112117E+09    1.67720       0.167720        15.9100       0.103258E+09   0.875938E+07    99804.0       0.131228E+07    150.793        64.0214        68.7999               0           1        1171
         304    8.94264        8.11176        8.21377        23.2063        118.903        82.3837       0.133430E+09    1.76161       0.176161        16.8100       0.117890E+09   0.154350E+08    105170.       0.108023E+07    75.6424       -17.4558       -147.698               0           1        1166
         305    9.30973        9.12668        8.33852        41.2064        61.0968        94.3847       0.120422E+09    1.73300       0.173300        16.3900       0.111405E+09   0.898493E+07    31377.6       0.121139E+07    133.345        142.078       -128.088               0           1        1133
         306    9.26993        9.14293        8.44280        62.6463        77.5990        84.4491       0.165732E+09    1.93405       0.193405        18.6600       0.148901E+09   0.165731E+08    258115.       0.101175E+07    127.089        144.632       -111.697               0           1        1126
         307    8.04185        8.92208        9.85878        58.9664        43.6004       -17.8363       0.165903E+09    1.90340       0.190340        20.0400       0.150148E+09   0.155368E+08    218465.       0.174630E+07   -65.9517        109.917        110.879               0           1        1118
         308    8.77400        7.57650        9.37674        48.6704        133.731        34.3522       0.143619E+09    1.82134       0.182134        17.3900       0.128864E+09   0.143847E+08    369899.        926780.        49.1341       -101.593        35.1081               0           1        1106
         309    9.26035        8.85413        10.1870        95.7264        39.1392        3.47601       0.173668E+09    1.88658       0.188658        17.8400       0.152060E+09   0.213201E+08    287862.       0.290381E+07    125.583        99.2364        162.470               0           1        1042
         310    8.75673        8.06387        8.31682        44.8100        118.854        98.0055       0.120706E+09    1.70078       0.170078        17.4800       0.105502E+09   0.150358E+08    168140.        203062.        46.4194       -24.9836       -131.499               0           1         997
         311    8.16394        7.67319        9.53425        54.8468        123.370        26.6871       0.117967E+09    1.72483       0.172483        17.0100       0.108911E+09   0.902279E+07    33053.6        759883.       -46.7605       -86.3941        59.8669               0           1         989
         312    7.98877        9.66762        9.29000        86.0367       -3.63986        39.0262       0.134330E+09    1.68035       0.168035        16.0100       0.121216E+09   0.130659E+08    48027.1        631162.       -74.2952        227.108        21.4736               0           1         982
         313    8.69605        8.36130        8.91628        48.8814        49.7790        100.966       0.160660E+09    1.55742       0.155742        14.6600       0.140171E+09   0.198175E+08    671731.       0.233636E+07    36.8812        21.7691       -37.2710               0           1         919
         314    7.56831        9.34480        9.78991        86.9000        62.7936        16.6923       0.119935E+09    1.70927       0.170927        16.4400       0.115230E+09   0.451508E+07    190249.       0.139129E+07   -140.387        176.364        100.054               0           1         893
         315    9.04475        8.45144        10.2738        85.1357        110.111       -35.3610       0.232630E+09    2.14955       0.214955        21.1600       0.212584E+09   0.192862E+08    759396.       0.307513E+07    91.6929        35.9381        176.116               0           1         824
         317    9.04962        8.45319        10.2744        63.9809        111.484       -19.4212       0.209335E+09    1.75878       0.175878        17.6900       0.198285E+09   0.102627E+08    787555.       0.307513E+07    92.4584        36.2131        176.213               0           1         794
         318    9.63157        8.74376        8.95441        44.7434        108.980        62.2382       0.144604E+09    1.79761       0.179761        20.1000       0.124042E+09   0.203167E+08    244895.        425335.        183.934        81.8875       -31.2774               0           1         710
         319    8.85413        8.28832        7.71160        50.3941        111.447        116.356       0.166575E+09    1.92084       0.192084        18.5400       0.152808E+09   0.136153E+08    151437.       0.111691E+07    61.7296        10.2974       -226.633               0           1         700
         321    9.52076        9.03455        9.38662        68.2095        37.1028        48.3341       0.164025E+09    1.87777       0.187777        17.6600       0.147321E+09   0.165472E+08    157156.        972390.        166.516        127.596        36.6611               0           1         588
         322    9.45210        8.28613        9.67972        9.55705        114.969        18.2700       0.152408E+09    1.69889       0.169889        15.9800       0.124874E+09   0.273469E+08    187322.        597053.        155.724        9.95319        82.7331               0           1         569
         324    9.64191        8.95482        9.16225        38.4110        104.777        84.2611       0.183857E+09    1.59704       0.159704        15.8800       0.152559E+09   0.307936E+08    504493.        579626.        185.560        115.064        1.39269               0           1         269
