#          i      x              y              z              v_x            v_y            v_z            Mvir           Rvir     Rs (Rockstar)       v_max           Mdm           Mgas           Mstars    Avg age of stars     xc             yc             zc      flag DM only  flag outside Rvir  Np bound
# (h^-1 comoving Mpc) (h^-1 comoving Mpc) (h^-1 comoving Mpc) (km/s)         (km/s)         (km/s)         (Msun)         (kpc)         (kpc)           (km/s)         (Msun)         (Msun)         (Msun)         (yrs)          (kpc)          (kpc)          (kpc)
           1    9.73405        9.81067        9.90476        123.190        85.4288        43.3650       0.586829E+12    109.299        10.9299        143.920       0.518758E+12   0.468080E+11   0.212634E+11   0.561433E+10    0.00000        0.00000        0.00000               0           0     6076534
           2    9.40379        9.42443        9.75276        23.9243        33.7548        13.0352       0.216587E+12    83.9594        8.39594        273.180       0.179724E+12   0.249792E+08   0.368380E+11   0.175049E+11   -207.637       -242.832       -95.5634               0           1     4458217
           3    9.84375        9.84161        9.91399        54.3298        219.307        37.7391       0.206164E+12    54.3844        5.43844        88.2900       0.178670E+12   0.227282E+11   0.476518E+10   0.119226E+10    68.9691        19.4522        5.80296               0           0     1085393
           4    9.96745        9.81094        9.89489        142.072        199.995        87.3917       0.943913E+11    48.2709        4.82709        63.5400       0.878830E+11   0.504906E+10   0.145926E+10   0.386694E+09    146.740       0.169751       -6.20534               0           1      370495
           5    10.0548        10.1242        10.0806        62.6125        80.5444        216.237       0.215270E+11    36.2028        3.62028        47.5300       0.202002E+11   0.114511E+10   0.181648E+09   0.507819E+08    201.639        197.118        110.558               0           1      185025
           6    9.89616        9.88077        10.2048        157.367        85.6360        102.425       0.144670E+11    29.3147        2.93147        42.1000       0.137002E+11   0.696219E+09   0.705397E+08   0.478831E+08    101.920        44.0723        188.656               0           1      160383
           7    9.98479        9.82708        9.91946        294.369        184.335        27.2807       0.388816E+11    28.5358        2.85358        37.2600       0.357529E+11   0.182376E+10   0.130492E+10   0.329503E+09    157.642        10.3171        9.24199               0           1      142907
           8    9.90294        10.0935        9.86687       -25.9194        88.1866        67.3427       0.132451E+11    27.0885        2.70885        38.8100       0.116872E+11   0.148630E+10   0.716276E+08   0.448950E+08    106.182        177.811       -23.8217               0           1      112743
           9    10.2737        10.1809        10.0981        75.8558        58.8822        164.502       0.100783E+11    27.7757        2.77757        36.2200       0.920607E+10   0.846511E+09   0.256738E+08   0.171629E+08    339.256        232.779        121.554               0           1       93485
          10    9.93591        9.87623        9.94471        223.371        86.7999        89.8251       0.344579E+11    33.3385        3.33385        46.6200       0.320755E+11   0.202353E+10   0.358897E+09   0.131425E+09    126.911        41.2180        25.1168               0           1       82574
          11    9.83776        9.96641        9.92900        98.6387        92.5714        343.965       0.108206E+11    23.8022        2.38022        31.7900       0.100853E+11   0.715361E+09   0.199442E+08   0.120009E+08    65.2032        97.9148        15.2399               0           1       70527
          12    10.2378        10.1445        10.0814        80.9801        74.6849        206.347       0.693848E+10    23.2634        2.32634        33.3000       0.655244E+10   0.377179E+09   0.886414E+07   0.270333E+08    316.717        209.900        111.042               0           1       68374
          13    10.0147        10.3237        9.75485        163.598        39.2748        164.127       0.950630E+10    28.2943        2.82943        43.0000       0.894986E+10   0.519065E+09   0.373778E+08   0.368186E+08    176.434        322.564       -94.2494               0           1       68117
          14    9.80965        10.2045        9.80105        176.245        131.077        53.4913       0.293404E+10    19.0121        1.90121        29.7200       0.291927E+10   0.748365E+07   0.729008E+07   0.895541E+07    47.5302        247.629       -65.2032               0           1       62755
          15    9.72488        9.93017        9.98838        299.480       -75.5913        66.4116       0.907781E+10    21.8155        2.18155        30.4800       0.774271E+10   0.131956E+10   0.155342E+08   0.116554E+08   -5.76524        75.1305        52.5725               0           0       58335
          16    9.88647        9.83363        10.3593        162.394        170.527        27.7777       0.363116E+10    20.3745        2.03745        33.3900       0.330827E+10   0.278986E+09   0.438960E+08   0.396842E+08    95.8275        14.4351        285.766               0           1       51360
          17    10.0221        10.1072        10.0676        25.1850        119.003        224.957       0.732879E+10    19.4321        1.94321        30.0200       0.707916E+10   0.232189E+09   0.174450E+08   0.122729E+08    181.074        186.418        102.385               0           1       42990
          18    10.3820        10.0876        9.98121        112.921        19.7468        99.1060       0.369033E+10    21.1208        2.11208        29.4600       0.365581E+10   0.311472E+08   0.337304E+07   0.675858E+07    407.371        174.108        48.0646               0           1       41314
          19    9.87891        10.1915        9.89523        55.0529        35.2848       -6.38166       0.339891E+10    19.4629        1.94629        26.8500       0.319555E+10   0.198214E+09   0.514500E+07   0.340490E+07    91.0745        239.462       -5.99158               0           1       36995
          20    9.92376        9.97281        10.1044        16.4655        282.372       -46.6494       0.361722E+10    18.7468        1.87468        30.0700       0.331998E+10   0.292762E+09   0.447678E+07   0.501649E+07    119.272        101.939        125.515               0           1       35796
          21    9.81711        9.98013        10.2514        40.7016        33.3085        54.5332       0.248151E+10    18.2136        1.82136        26.9900       0.246623E+10   0.131312E+08   0.214331E+07   0.459992E+07    52.2204        106.541        217.910               0           1       29142
          22    9.91735        10.0657        10.6222        196.279        43.3317       -31.9852       0.268382E+10    19.2403        1.92403        28.4700       0.268173E+10    528523.       0.156515E+07   0.314780E+07    115.242        160.333        451.091               0           1       27552
          23    9.98978        9.67631        9.86922        249.653        190.387       -60.5065       0.237391E+10    16.1691        1.61691        26.6300       0.235873E+10   0.641593E+07   0.876403E+07   0.110961E+08    160.779       -84.4730       -22.3442               0           1       27405
          24    9.77612        9.87129        9.91527        183.179        202.701        188.685       0.132617E+11    15.6058        1.56058        30.2200       0.104271E+11   0.272622E+10   0.108332E+09   0.468276E+08    26.4497        38.1122        6.60771               0           0       25765
          25    9.95798        9.87117        10.0637        69.1311       -32.3739        160.954       0.153949E+10    14.4005        1.44005        22.4200       0.153698E+10   0.151569E+07    991153.       0.435934E+07    140.786        38.0368        99.9204               0           1       24805
          26    10.0348        9.80621        10.1209        28.8207        311.722       -21.3742       0.306202E+10    19.5805        1.95805        28.6700       0.301909E+10   0.396131E+08   0.331864E+07   0.474101E+07    189.090       -2.80403        135.914               0           1       23976
          27    10.4082        10.1270        10.1776        192.983        34.8937       -41.2982       0.214659E+10    17.5560        1.75560        24.6000       0.214390E+10   0.189507E+07    788695.       0.196023E+07    423.824        198.904        171.549               0           1       23406
          28    9.78164        9.80041        9.92627        209.696        162.116        32.8601       0.476834E+10    13.0212        1.30211        29.2900       0.446738E+10   0.134483E+09   0.166480E+09   0.156682E+09    29.9202       -6.45053        13.5235               0           0       23391
          29    10.0186        9.75394        9.91949        197.114        186.885        81.6247       0.294685E+10    13.1720        1.31720        20.2700       0.291169E+10   0.301105E+07   0.321425E+08   0.181075E+08    178.886       -35.6665        9.26085               0           1       23386
          30    9.96673        9.90681        10.1527        49.4722        328.787       -12.1699       0.462619E+10    20.2840        2.02840        28.8700       0.453663E+10   0.849081E+08   0.464475E+07   0.725633E+07    146.287        60.4439        155.900               0           1       23312
          31    9.77431        10.1792        9.84648        23.0104        172.839       -81.2939       0.107551E+10    13.3198        1.33198        19.2200       0.107390E+10   0.151364E+07    97125.2        162142.        25.3117        231.716       -36.6410               0           1       22117
          32    9.97767        9.90792        9.93644        25.7980        108.498        146.041       0.156458E+10    12.1623        1.21623        21.6400       0.146897E+10   0.933172E+08   0.229050E+07   0.336399E+07    153.166        61.1417        19.9174               0           1       20641
          33    10.0334        9.74092        10.0075        9.13166        15.9911        32.3903       0.142209E+10    14.8023        1.48023        20.3700       0.142109E+10    411491.        591575.        956710.        188.185       -43.8523        64.5682               0           1       20265
          34    9.80713        9.61843        9.86798        60.2931       -4.63394       -15.9548       0.167808E+10    15.4410        1.54411        20.9500       0.167259E+10   0.379022E+07   0.169900E+07   0.393424E+07    45.9459       -120.863       -23.1238               0           1       20262
          35    9.87436        9.70068        9.99904       -44.9760        103.531        23.1538       0.136887E+10    14.0277        1.40277        20.3500       0.136763E+10   0.110895E+07    129801.        222844.        88.2138       -69.1515        59.2745               0           1       19904
          36    9.60697        10.1727        9.72163        41.9289        91.7322        11.5568       0.127823E+10    14.9349        1.49349        26.4500       0.126769E+10   0.423540E+07   0.630617E+07   0.829810E+07   -79.8961        227.592       -115.135               0           1       19459
          37    9.81249        9.85260        9.93817        73.3636        358.769        208.007       0.935993E+10    14.5332        1.45332        26.7600       0.778895E+10   0.153921E+10   0.317626E+08   0.196433E+08    49.3158        26.3617        21.0051               0           0       18882
          38    10.0389        10.4219        10.0903        52.7586        193.801       -7.70540       0.179553E+10    16.9814        1.69814        25.9300       0.179304E+10   0.119592E+07   0.128677E+07   0.240304E+07    191.674        384.310        116.625               0           1       18774
          39    10.0734        9.77021        9.83639        19.2465        18.1699        25.3807       0.135241E+10    14.1792        1.41792        19.4900       0.134984E+10   0.240777E+07    168297.        151744.        213.326       -25.4375       -42.9847               0           1       18751
          40    9.60845        9.98357        10.0111        211.676        145.399       -2.24571       0.100911E+10    13.2764        1.32764        30.1700       0.926325E+09   0.157394E+08   0.670435E+08   0.884306E+08   -78.9656        108.703        66.8315               0           1       18585
          41    9.90556        10.1666        9.90311        21.4334        28.1914       -11.5317       0.192617E+10    15.0714        1.50714        22.0200       0.185317E+10   0.715355E+08   0.147183E+07   0.565375E+07    107.829        223.782       -1.03737               0           1       17770
          42    9.89094        9.91704        10.1535        140.964        178.589       -56.2103       0.126570E+10    12.5961        1.25961        23.5000       0.118106E+10   0.809815E+08   0.365250E+07   0.942116E+07    98.6378        66.8755        156.391               0           1       17483
          43    9.95866        9.68337        9.97073       -22.3980        67.1114        10.1252       0.105259E+10    12.4974        1.24974        19.9200       0.105195E+10    325986.        316187.        568960.        141.214       -80.0344        41.4758               0           1       17368
          44    9.69723        9.80095        9.88194        16.2386        322.972      -0.699091       0.434639E+10    11.9027        1.19027        21.1000       0.400658E+10   0.296284E+09   0.435228E+08   0.109827E+08   -23.1490       -6.11103       -14.3471               0           0       17131
          46    10.2001        10.1115        10.1440        50.3458        118.585        30.6657       0.128659E+10    14.6250        1.46250        22.4200       0.127235E+10   0.125825E+08   0.166038E+07   0.292549E+07    293.021        189.128        150.387               0           1       15669
          47    10.1901        10.1772        9.97150        90.3567        216.054        124.258       0.239518E+09    7.83621       0.783621        12.5500       0.232704E+09   0.681383E+07    0.00000        0.00000        286.747        230.421        41.9599               1           1       14169
          48    9.88212        10.0186        9.84688        27.9305        200.737        291.374       0.116316E+10    13.0237        1.30237        17.3200       0.112677E+10   0.363565E+08    33794.7        72958.4        93.0926        130.721       -36.3895               0           1       13935
          49    9.78848        9.66645        9.91674       -38.9306        160.884        54.7928       0.643808E+09    11.1489        1.11489        16.3500       0.641660E+09   0.198175E+07    165882.        531419.        34.2205       -90.6721        7.53191               0           0       13752
          50    9.94616        9.76273        9.87436        25.7011        282.441        187.375       0.119263E+10    10.9194        1.09194        18.4200       0.118415E+10   0.395726E+07   0.452715E+07   0.447527E+07    133.355       -30.1402       -19.1127               0           1       13748
          51    9.93593        9.96189        10.0243        31.1037        141.819        80.1936       0.952927E+09    12.8501        1.28502        22.5200       0.947193E+09   0.301242E+07   0.272095E+07   0.247503E+07    126.923        95.0730        75.1367               0           1       13655
          52    9.83190        9.83074        9.93317       -42.2848        276.115       -105.931       0.712859E+10    12.2755        1.22755        21.1000       0.661479E+10   0.363194E+09   0.150596E+09   0.211362E+08    61.5190        12.6181        17.8616               0           0       13609
          53    10.2139        10.1505        10.0142        126.484        201.006        121.536       0.276322E+09    8.34797       0.834797        12.1500       0.264047E+09   0.121821E+08    92535.5        96665.9        301.691        213.666        68.8245               0           1       13259
          54    9.86696        9.90170        9.90068       -34.0803        141.541        215.840       0.202205E+10    11.9882        1.19882        20.0600       0.189225E+10   0.125948E+09   0.385796E+07   0.371440E+07    83.5614        57.2312       -2.56512               0           0       12131
          55    9.98744        9.89346        10.1403        175.185        92.5344        71.1047       0.123597E+10    12.4805        1.24805        21.3100       0.123211E+10    829915.       0.303107E+07   0.552929E+07    159.308        52.0506        148.117               0           1       11492
          56    9.70769        10.1482        9.76904        35.3123        180.413       -61.6139       0.872322E+09    12.8351        1.28351        19.7500       0.871288E+09    628893.        404738.       0.133559E+07   -16.5727        212.233       -85.3281               0           1       11465
          58    10.0371        9.89014        9.93260        132.945        118.491        45.0544       0.428597E+09    9.25708       0.925708        16.3200       0.414278E+09   0.140258E+08    293470.        797713.        190.498        49.9633        17.5032               0           1       11223
          59    9.83584        9.79655        9.96733        258.279        84.7517        15.5396       0.149423E+10    12.2510        1.22510        19.8600       0.145177E+10   0.390351E+08   0.342412E+07   0.597847E+07    63.9961       -8.87734        39.3382               0           0       11071
          60    9.67810        9.95554        9.96052        345.069        133.968       -82.9284       0.147509E+10    13.4952        1.34952        20.5700       0.142799E+10   0.453911E+08   0.171493E+07   0.136227E+07   -35.1761        91.0807        35.0567               0           0       10909
          61    9.68798        9.79266        9.79655        51.0814       -22.9573       -42.5032       0.286985E+09    8.15056       0.815056        15.0300       0.259225E+09    987375.       0.267728E+08   0.409590E+08   -28.9645       -11.3230       -68.0324               0           0       10847
          63    9.96355        9.90122        9.82564        316.912        30.7631        96.2198       0.621291E+09    10.1662        1.01662        13.1700       0.605995E+09   0.149581E+08    337877.        727722.        144.288        56.9294       -49.7433               0           1       10128
          64    10.2798        10.1895        9.92412        40.3903        142.755       -4.61834       0.676459E+09    11.7989        1.17989        17.8300       0.674417E+09   0.152989E+07    512137.       0.108205E+07    343.148        238.198        12.1718               0           1       10056
          65    9.99178        9.95519        10.2114        176.104        146.809        22.0786       0.883331E+09    12.0599        1.20599        17.5400       0.871288E+09   0.120427E+08    0.00000        0.00000        162.037        90.8607        192.774               1           1        9998
          66    9.93282        9.70951        9.90359        98.3649        75.3633        109.083       0.686975E+09    9.68523       0.968523        13.9000       0.685807E+09    971067.        196060.        252225.        124.968       -63.6000      -0.735587               0           1        9984
          67    9.90540        10.0633        9.85405        117.989        70.9333        300.229       0.163326E+10    12.3912        1.23912        17.2200       0.154447E+10   0.884148E+08    381256.        94586.1        107.729        158.855       -31.8817               0           1        9915
          68    10.0634        10.3442        9.76894        175.222        68.4489        184.125       0.100230E+10    12.3528        1.23528        16.7300       0.990426E+09   0.117989E+08    70461.6        77286.0        207.052        335.409       -85.3909               0           1        9857
          69    9.85929        10.0065        9.97951        226.848       -94.1679        97.6826       0.765470E+09    10.9514        1.09515        15.6100       0.654796E+09   0.110565E+09    108725.        169142.        78.7392        123.126        46.9958               0           1        9825
          70    9.91808        10.1082        9.89542       -27.3440        88.5365        15.1194       0.139831E+10    11.3645        1.13645        18.1000       0.130520E+10   0.883944E+08   0.471956E+07   0.480213E+07    115.701        187.034       -5.87212               0           1        9750
          71    9.88579        10.0771        9.86794        18.2379        15.2792       -11.3389       0.231979E+10    12.1259        1.21259        18.4300       0.222357E+10   0.909638E+08   0.526112E+07   0.234832E+07    95.4000        167.487       -23.1490               0           1        9529
          72    10.1394        10.1054        10.0516        42.0505        60.9881        206.819       0.492119E+09    10.0857        1.00857        17.6700       0.481038E+09   0.107396E+08    341640.        810756.        254.840        185.311        92.3382               0           1        9273
          73    9.90874        9.94244        10.1168        249.857        167.428        124.810       0.110673E+10    11.7757        1.17757        16.7500       0.972051E+09   0.134427E+09    254341.        885703.        109.829        82.8447        133.342               0           1        8878
          74    10.1622        10.2727        9.76055        152.660       -7.33261        115.993       0.827842E+09    12.7458        1.27458        18.5400       0.820823E+09   0.700236E+07    16479.2        33219.9        269.175        290.488       -90.6658               0           1        8770
          75    10.0124        9.81559        9.88479        2.36200        210.037        151.334       0.165780E+10    9.31115       0.931115        14.7300       0.151097E+10   0.142103E+09   0.472308E+07   0.141903E+07    175.032        3.09324       -12.5553               0           1        8687
          76    10.1637        10.0746        9.59587        86.4314        175.926        246.664       0.126202E+10    14.8224        1.48224        20.2600       0.126087E+10   0.114999E+07    0.00000        0.00000        270.099        165.922       -194.201               1           1        8610
          77    10.0733        9.86628        9.90105        177.140        34.1665        48.5070       0.619457E+09    10.8848        1.08848        16.4800       0.618132E+09    998814.        325834.        846124.        213.276        34.9624       -2.33250               0           1        8601
          78    10.1819        10.1931        10.0765        34.3988        108.423        49.9240       0.667925E+09    11.5883        1.15883        17.6700       0.647480E+09   0.200309E+08    414207.        783228.        281.591        240.436        107.999               0           1        7940
          79    9.84411        9.87348        9.90331       -59.2333        202.283        210.370       0.207605E+10    9.40294       0.940294        16.2400       0.167942E+10   0.387024E+09   0.961191E+07   0.271000E+07    69.1955        39.4891      -0.911625               0           0        7581
          80    9.59241        9.93436        10.1185        243.265        6.07784       -79.6326       0.754543E+09    12.4069        1.24069        16.7900       0.736604E+09   0.178753E+08    64097.7        143887.       -89.0500        77.7647        134.355               0           1        7542
          81    10.0300        9.82629        9.86975        18.9299        160.609        157.684       0.834870E+09    9.71918       0.971918        16.3400       0.832466E+09   0.174977E+07    654862.        874932.        186.053        9.82040       -22.0110               0           1        7453
          82    9.88955        9.85734        9.90563        53.5352        176.147        68.8519       0.113820E+10    9.10934       0.910934        14.7500       0.100789E+10   0.115512E+09   0.147912E+08   0.135871E+08    97.7639        29.3417       0.546975               0           0        7415
          83    9.89206        9.86521        10.2602        192.446        47.1954        186.039       0.721457E+09    9.66009       0.966009        14.8600       0.699110E+09   0.222308E+08    116419.        102495.        99.3420        34.2897        223.442               0           1        7386
          84    9.85503        9.75179        9.99050        23.1309        213.748       -11.4937       0.306919E+09    8.22852       0.822852        11.9300       0.306364E+09    535571.        18938.6        32479.3        76.0609       -37.0183        53.9053               0           0        7144
          85    9.88288        9.83299        10.1167        87.2161       -14.6921        214.934       0.612053E+09    10.9162        1.09162        14.5900       0.611398E+09    634019.        20941.8        30862.9        93.5704        14.0327        133.273               0           1        6827
          86    9.81241        9.94933        10.1705        137.072        22.7576        250.265       0.395402E+09    9.19610       0.919610        11.5200       0.393992E+09   0.141032E+07    0.00000        0.00000        49.2655        87.1765        167.066               1           1        6701
          87    9.83468        9.79437        9.91858        26.0309        308.134       -29.2039       0.517717E+09    7.71486       0.771487        11.6000       0.496751E+09   0.204411E+08    524372.        368583.        63.2668       -10.2479        8.68873               0           0        6623
          88    9.90806        9.95103        9.84934        175.594       -117.829        123.601       0.367841E+09    9.06470       0.906470        12.3400       0.364894E+09   0.290896E+07    38311.4        26981.9        109.401        88.2453       -34.8429               0           1        6344
          89    9.83280        9.86905        10.0546        221.250        66.7969        131.032       0.372228E+09    8.45674       0.845674        16.0700       0.371046E+09    344006.        837717.       0.312762E+07    62.0848        36.7039        94.2306               0           1        6324
          90    9.81469        9.67688        9.97373      -0.848504E-01    170.515        13.1245       0.183347E+09    7.47407       0.747407        11.8400       0.182572E+09    775473.        0.00000        0.00000        50.6989       -84.1147        43.3619               1           0        6232
          91    9.90344        9.81774        9.90534        51.4187        255.894        8.69752       0.102597E+10    8.45171       0.845171        16.2800       0.993841E+09   0.999567E+07   0.221316E+08   0.112857E+08    106.497        4.44496       0.364650               0           0        6211
          92    9.89501        10.0795        9.74394        144.161        109.462        115.996       0.222878E+09    7.41623       0.741623        10.8400       0.207180E+09   0.156979E+08    0.00000        0.00000        101.197        169.047       -101.109               1           1        6199
          93    9.90617        10.1271        9.87001        249.911        175.980        23.9342       0.285647E+09    7.22699       0.722699        11.8300       0.284831E+09    679262.        136469.        392095.        108.213        198.948       -21.8476               0           1        6123
          94    9.78101        9.81645        10.0086        180.022        63.0459        18.8626       0.225782E+09    6.48700       0.648700        10.2500       0.224307E+09   0.137259E+07    102703.        182784.        29.5241        3.63392        65.2660               0           0        6063
          95    9.77647        10.0095        9.99902        120.046        110.087        319.322       0.325551E+09    8.62083       0.862083        13.6200       0.325154E+09    339861.        57381.4        45546.9        26.6697        124.987        59.2619               0           1        6055
          96    10.2043        10.1119        10.0687        73.6513        92.6677        222.496       0.575103E+09    10.1272        1.01272        15.0100       0.563677E+09   0.113056E+08    120976.        359801.        295.624        189.354        103.095               0           1        5994
          97    9.83684        9.73085        9.97580       -87.3471        112.305        8.85437       0.469115E+09    9.25080       0.925080        13.3600       0.466571E+09   0.254363E+07    0.00000        0.00000        64.6248       -50.1834        44.6633               1           0        5941
          98    9.72491        9.86301        9.91512        116.744        128.914        105.293       0.939095E+09    6.81141       0.681141        13.7900       0.822741E+09   0.102789E+09   0.135650E+08   0.319256E+08   -5.74638        32.9065        6.51340               0           0        5932
          99    9.87866        9.86007        10.2822        147.805        183.671        59.4445       0.333522E+09    8.01162       0.801162        12.1300       0.324488E+09   0.886921E+07    164788.        171921.        90.9173        31.0581        237.331               0           1        5917
         100    10.0251        10.1422        10.0586        171.318        71.2143       -53.1446       0.382400E+09    8.63969       0.863969        15.6700       0.371378E+09   0.106277E+08    393666.        534755.        182.979        208.404        96.7454               0           1        5847
         101    9.70932        9.74789        9.94853        15.4495       -73.8374        36.9729       0.728659E+09    9.38471       0.938471        16.3300       0.723635E+09   0.236063E+07   0.266313E+07   0.427069E+07   -15.5479       -39.4702        27.5185               0           0        5638
         102    9.68372        9.79437        9.90766        143.885        350.836        81.8278       0.188589E+10    10.1737        1.01737        19.0900       0.182050E+10   0.611091E+08   0.428012E+07   0.380751E+07   -31.6428       -10.2479        1.82325               0           0        5410
         103    9.79888        9.95122        10.2181        159.516        110.674        54.2719       0.411872E+09    9.60287       0.960287        15.2600       0.410453E+09   0.123648E+07    182268.        403796.        40.7591        88.3647        196.999               0           1        5385
         104    9.90987        10.1169        9.91150       -50.4290        131.128        35.5357       0.772460E+09    9.91974       0.991974        17.1000       0.741760E+09   0.302657E+08    434524.        573308.        110.539        192.554        4.23748               0           1        5349
         105    9.78874        10.0944        9.93938        21.5215        240.738       -82.8654       0.287570E+09    8.72708       0.872708        13.4800       0.284333E+09   0.315163E+07    85351.7        104893.        34.3840        178.377        21.7658               0           1        5316
         106    9.86089        9.95330        9.82899        102.903        127.385        349.744       0.623701E+09    10.4994        1.04994        15.0500       0.621125E+09   0.248661E+07    89026.3        114901.        79.7452        89.6724       -47.6371               0           1        5315
         107    10.0885        9.81098        9.97902       -10.7529        37.3667        53.5130       0.276515E+09    8.45737       0.845737        12.4900       0.276019E+09    466752.        29530.7        50312.8        222.833       0.194899        46.6878               0           1        5297
         108    9.67251        9.78541        9.97762        222.674        242.692       -95.2607       0.641733E+09    9.94678       0.994678        15.8500       0.640829E+09    225385.        678137.        802616.       -38.6906       -15.8811        45.8076               0           0        5288
         109    9.85648        9.65734        9.88570       -7.12610        18.9862       -30.3119       0.380259E+09    9.36711       0.936711        15.2700       0.379276E+09    625780.        356381.        707576.        76.9726       -96.3996       -11.9832               0           1        5236
         110    10.2096        10.0048        10.2571        152.573        180.590        13.5631       0.428862E+09    10.2511        1.02511        16.5000       0.427164E+09    983482.        714207.       0.133457E+07    298.969        122.051        221.537               0           1        5213
         111    9.89462        10.0469        9.78184        196.085       -52.9873        167.541       0.554725E+09    10.2234        1.02234        15.2100       0.511715E+09   0.429226E+08    86533.1        123093.        100.951        148.526       -77.2806               0           1        5126
         112    9.85491        9.75936        9.96455        183.063       -145.420        123.321       0.581169E+09    9.27343       0.927343        15.0700       0.580554E+09    533539.        81775.5        78323.8        75.9855       -32.2589        37.5904               0           0        5114
         113    9.90269        9.84173        9.88923        49.2206        182.366        9.71487       0.141753E+10    10.2486        1.02486        20.5200       0.137553E+10   0.388354E+08   0.315609E+07   0.358081E+07    106.025        19.5276       -9.76382               0           0        5013
         114    9.93703        9.76814        9.84538        59.1576        254.355        188.973       0.420479E+09    8.49509       0.849509        14.4400       0.408375E+09   0.120458E+08    58460.5        76044.4        127.615       -26.7389       -37.3326               0           1        5003
         115    9.91149        10.1984        9.80998        169.679        74.0383        112.612       0.148328E+09    6.90195       0.690195        10.7400       0.147570E+09    757938.        0.00000        0.00000        111.558        243.743       -59.5888               1           1        4982
         116    9.74933        9.78636        10.2105        144.859        126.054       -21.0769       0.404653E+09    9.53434       0.953434        15.8400       0.403470E+09    949079.        234603.        506583.        9.60664       -15.2839        192.221               0           1        4923
         117    9.99573        10.0109        9.94147        162.007       -86.5548        102.602       0.306700E+09    8.61140       0.861140        13.1400       0.283501E+09   0.231881E+08    10679.8        14749.4        164.520        125.892        23.0798               0           1        4914
         118    9.76241        9.94285        9.85027        58.8941       -91.6798        54.6848       0.511642E+09    8.84339       0.884339        14.9400       0.504150E+09   0.721979E+07    272698.        600969.        17.8301        83.1025       -34.2582               0           0        4894
         119    9.97307        9.80223        9.87809        170.495        19.5093        182.779       0.170875E+10    7.35525       0.735524        10.7900       0.154997E+10   0.120657E+09   0.381189E+08   0.763627E+07    150.273       -5.30628       -16.7676               0           1        4736
         120    9.86349        9.90490        9.98847        8.06180        89.1280       -8.43574       0.249805E+09    7.00757       0.700757        12.0100       0.228214E+09   0.214157E+08    175111.        239822.        81.3798        59.2430        52.6290               0           1        4734
         121    9.85263        10.1830        9.85607        171.990        74.6202        91.5210       0.225315E+09    7.99401       0.799401        14.3400       0.224141E+09    838195.        335909.        684643.        74.5520        234.068       -30.6117               0           1        4733
         122    9.74445        9.89457        9.97153        16.2816        138.787        262.828       0.630861E+09    7.56335       0.756335        13.5200       0.597016E+09   0.333317E+08    513749.       0.109760E+07    6.53855        52.7485        41.9787               0           0        4710
         123    10.1039        10.1470        10.0071        131.259        196.665        140.448       0.137407E+09    6.45179       0.645179        10.3100       0.128781E+09   0.860909E+07    16397.8        28763.7        232.540        211.434        64.3607               0           1        4664
         124    9.94632        9.90047        9.95276        254.401        109.418        119.652       0.128068E+10    8.55419       0.855419        14.8700       0.122820E+10   0.484770E+08   0.400621E+07   0.591963E+07    133.456        56.4579        30.1779               0           1        4595
         126    9.74798        9.80209        9.90436        64.3945        43.2590        286.694       0.128166E+11    8.31905       0.831905        18.8700       0.106771E+11   0.646974E+09   0.149256E+10   0.274270E+09    8.75788       -5.39430      -0.251483               0           0        4554
         127    9.85034        10.0462        9.85207        35.3460        188.474        279.799       0.315775E+09    8.25555       0.825555        12.5200       0.303538E+09   0.122303E+08    7170.80        0.00000        73.1123        148.073       -33.1266               0           1        4554
         128    9.76943        9.77925        9.94451        119.968        149.366       -121.731       0.790284E+09    8.54162       0.854162        17.6900       0.737438E+09   0.482830E+08   0.456253E+07   0.389822E+07    22.2436       -19.7540        24.9911               0           0        4526
         129    9.89747        10.0845        9.71783        144.344        113.332        112.510       0.213490E+09    7.60547       0.760547        10.7400       0.200031E+09   0.134084E+08    50783.2        93175.4        102.743        172.184       -117.524               0           1        4392
         130    10.0659        10.1192        10.0509        177.680        217.596        4.70932       0.221388E+09    7.27666       0.727666        11.2900       0.210755E+09   0.105605E+08    72290.4        257662.        208.661        193.994        91.8855               0           1        4354
         131    9.79707        9.63142        9.88024        27.3137       -21.1445       -26.8209       0.347201E+09    8.14427       0.814427        13.5200       0.346769E+09    234818.        197147.        502780.        39.6211       -112.696       -15.4159               0           1        4327
         132    9.89495        9.97450        10.2236        155.412        114.952        164.772       0.236236E+09    7.82992       0.782992        13.4500       0.235364E+09    653035.        218843.        616601.        101.159        103.001        200.476               0           1        4313
         133    10.1336        10.1572        9.95718        156.519        191.184        155.157       0.158255E+09    6.14058       0.614058        9.67000       0.120218E+09   0.380368E+08    0.00000        0.00000        251.231        217.872        32.9568               1           1        4288
         134    9.82795        9.93476        10.2054        138.835        29.9645        228.716       0.179963E+09    7.29426       0.729426        11.0700       0.178830E+09   0.113251E+07    0.00000        0.00000        59.0356        78.0162        189.008               1           1        4263
         135    10.0303        10.1256        9.98173        10.7520        130.899        123.407       0.118516E+09    6.08211       0.608211        9.53000       0.117973E+09    542979.        0.00000        0.00000        186.229        198.017        48.3916               1           1        4089
         136    10.1092        9.91462        9.93934        126.241       -22.8979       -75.5486       0.164035E+09    7.13645       0.713645        10.4900       0.163865E+09    133984.        35987.2        10158.9        235.834        65.3541        21.7407               0           1        4034
         137    9.83931        9.86225        10.0389        314.670       -64.9204        63.4501       0.335653E+09    7.99464       0.799464        12.7700       0.334964E+09    423768.        265840.        179085.        66.1777        32.4287        84.3599               0           1        4031
         138    9.85260        9.98865        10.0521        13.5874        285.751       -65.5792       0.252327E+09    8.25555       0.825555        13.1600       0.247087E+09   0.515719E+07    83172.5        105224.        74.5332        111.897        92.6148               0           1        4020
         139    9.78554        9.72850        9.92771       -85.1040        146.677       -24.3768       0.258800E+09    7.58912       0.758912        10.9800       0.258310E+09    413924.        75456.0        95907.3        32.3721       -51.6608        14.4288               0           0        3993
         140    10.0402        9.96370        9.88762        30.1821        179.633        93.1849       0.261652E+09    8.41336       0.841336        14.7600       0.260389E+09   0.116076E+07    102046.        259947.        192.504        96.2110       -10.7760               0           1        3982
         141    9.99746        9.72070        10.0212        232.269        42.8058       -21.2372       0.161739E+09    6.63789       0.663789        9.16000       0.161704E+09    35599.1        0.00000        0.00000        165.608       -56.5647        73.1878               1           1        3882
         142    10.0891        10.3597        9.74111        124.196        36.8885        162.907       0.476454E+09    10.5371        1.05371        15.7700       0.474886E+09   0.133723E+07    231134.        475567.        223.229        345.204       -102.888               0           1        3872
         143    9.88063        9.81768        10.1917        141.553        151.221        55.7605       0.153856E+09    6.79129       0.679129        10.2200       0.151478E+09   0.237809E+07    0.00000        0.00000        92.1558        4.40723        180.389               1           1        3862
         144    10.0095        9.88099        9.94756        170.710        133.991       -46.0332       0.273947E+09    7.31061       0.731061        12.0900       0.269119E+09   0.462774E+07    201146.        329633.        173.152        44.2107        26.9086               0           1        3855
         146    10.1188        10.2729        9.93786        106.136        50.8239        224.743       0.279468E+09    8.54602       0.854602        12.6600       0.278264E+09   0.120465E+07    0.00000        0.00000        241.914        290.576        20.8102               1           1        3620
         148    9.92252        9.85667        9.87998        142.930       -167.589        56.1126       0.418895E+09    7.58472       0.758472        11.0500       0.375701E+09   0.430751E+08    118493.        85871.7        118.492        28.9205       -15.5794               0           1        3487
         149    9.90756        9.83855        9.91431        142.502        57.1264       -227.764       0.903707E+09    6.62029       0.662029        9.88000       0.509388E+09   0.376655E+09   0.176636E+08    838731.        109.087        17.5283        6.00415               0           1        3485
         150    10.3017        10.0110        10.3080        153.525        200.985        19.5695       0.228887E+09    8.38821       0.838821        14.7300       0.228131E+09    76775.0        678854.        777179.        356.892        125.930        253.526               0           1        3406
         151    9.77776        10.0785        9.85272       -10.2361        245.468       -48.3900       0.172117E+09    7.25088       0.725088        10.5900       0.171930E+09    184740.        2240.35        12482.7        27.4808        168.393       -32.7179               0           1        3397
         152    10.0514        10.1376        10.0310       -22.5131        80.3800        37.6611       0.201903E+09    7.28672       0.728672        10.8900       0.190387E+09   0.114802E+08    35995.0        45802.6        199.501        205.543        79.3554               0           1        3328
         153    9.67010        10.0348        9.93372        219.577        129.797        43.2238       0.147600E+09    6.80072       0.680073        13.5700       0.146656E+09    385265.        558646.       0.264103E+07   -40.2058        140.906        18.2073               0           1        3317
         154    9.99802        9.96280        10.1158        65.2865        26.8756        170.277       0.227391E+09    8.07637       0.807637        12.3200       0.227217E+09    174734.        0.00000        0.00000        165.960        95.6452        132.651               1           1        3306
         155    10.0328        10.1239        9.94069        100.977        56.6356        275.871       0.297187E+09    8.56613       0.856613        11.4900       0.287825E+09   0.932095E+07    41840.9        30001.1        187.801        196.936        22.5894               0           1        3241
         156    9.94893        9.83166        10.1407        128.824        124.252        59.2739       0.139238E+09    6.87491       0.687491        10.2900       0.139173E+09    48013.3        16604.9        42037.8        135.097        13.1966        148.362               0           1        3213
         157    9.56694        9.81306        10.0323        200.373        176.771       -54.9135       0.261369E+09    8.58437       0.858437        15.5300       0.261054E+09    263531.        51484.7        200247.       -105.063        1.50261        80.2041               0           1        3205
         158    10.0196        10.0829        10.0902        76.3181        65.6922        175.250       0.155975E+09    6.49203       0.649203        11.0500       0.153640E+09   0.227120E+07    64736.6        93103.2        179.540        171.140        116.562               0           1        3127
         159    9.77569        9.63652        9.93217       -10.2104        131.013      -0.880293       0.129026E+09    6.41659       0.641659        10.2800       0.128781E+09    217959.        26506.8        48557.2        26.1793       -109.489        17.2329               0           1        3091
         160    9.73156        9.85222        9.90197        264.466        45.6511       -133.411       0.245163E+10    8.25995       0.825995        17.9100       0.208922E+10   0.351848E+09   0.105616E+08   0.137890E+08   -1.56548        26.1228       -1.75409               0           0        3043
         161    9.80377        9.98115        10.1451        139.359        54.8444        268.268       0.132682E+09    6.66807       0.666807        8.36000       0.127783E+09   0.489819E+07    0.00000        0.00000        43.8334        107.182        151.091               1           1        3038
         162    9.89944        9.89474        10.0204       -40.3789        95.5946       -78.4891       0.256282E+09    8.11472       0.811472        13.4600       0.255983E+09    190416.        109246.        221147.        103.982        52.8554        72.7162               0           1        3033
         163    9.86191        9.74321        9.95152        223.250       -136.729        82.9449       0.324463E+09    7.84438       0.784438        12.8800       0.323906E+09    548883.        7480.80        28486.4        80.3864       -42.4126        29.3983               0           0        3011
         164    9.86248        9.89193        10.2611        205.939        66.1006        129.535       0.221150E+09    7.06415       0.706415        12.3400       0.220483E+09    667861.        0.00000        0.00000        80.7448        51.0887        224.027               1           1        3009
         165    9.79030        10.0363        9.75516        12.0151        85.0671        157.091       0.266354E+09    8.72394       0.872394        14.9800       0.265211E+09    205676.        937254.        834642.        35.3648        141.836       -94.0545               0           1        3003
         166    10.0507        9.89748        10.0032        118.707        130.003        95.9561       0.295323E+09    8.78430       0.878430        13.2800       0.292480E+09   0.277411E+07    68947.1        205322.        199.080        54.5780        61.8710               0           1        2975
         167    9.78121        9.88020        9.94925        298.091       -153.033        120.606       0.558891E+09    6.66430       0.666430        10.0500       0.521693E+09   0.367614E+08    436447.        329954.        29.6498        43.7140        27.9712               0           0        2965
         168    10.3085        10.2904        9.91268        83.5563        146.814        242.026       0.272978E+09    8.63026       0.863026        13.9500       0.269451E+09   0.335496E+07    171886.        488264.        361.154        301.578        4.97936               0           1        2927
         169    9.84542        9.89263        10.0958        276.991        260.943        160.995       0.371100E+09    8.67364       0.867364        12.8100       0.354418E+09   0.166819E+08    0.00000        0.00000        70.0191        51.5288        120.083               1           1        2902
         170    9.92144        9.84796        9.99265        7.13026        227.078      -0.913259       0.218398E+09    7.06227       0.706227        11.7900       0.214995E+09   0.326352E+07    138577.        137526.        117.813        23.4445        55.2570               0           1        2900
         171    9.91294        9.82505        9.88877        124.710       -155.046        140.826       0.398438E+09    6.97802       0.697802        10.2800       0.396569E+09   0.154255E+07    326484.        68191.4        112.469        9.04080       -10.0530               0           1        2891
         173    10.1240        9.92492        10.1274        169.016        116.102        4.08881       0.246163E+09    8.54664       0.854664        13.7800       0.245923E+09    239972.        0.00000        0.00000        245.170        71.8297        139.950               1           1        2832
         174    9.90514        10.0404        9.88707        136.411        50.0845        285.088       0.264987E+09    7.72870       0.772870        10.1300       0.258394E+09   0.657957E+07    13540.6        21051.1        107.565        144.458       -11.1218               0           1        2815
         175    9.99850        9.81594        9.95347        35.5423       -49.2150        145.224       0.266204E+09    6.79947       0.679947        9.89000       0.265876E+09    166972.        161131.        72199.6        166.261        3.31328        30.6243               0           1        2790
         176    9.97510        10.1346        9.81124        101.891        87.2495        280.086       0.181400E+09    7.34959       0.734959        10.3500       0.175920E+09   0.547934E+07    0.00000        0.00000        151.550        203.651       -58.7967               1           1        2783
         177    10.1319        9.95687        10.1612        174.507        125.057        30.3979       0.153135E+09    7.10125       0.710125        11.4200       0.152476E+09    659878.        0.00000        0.00000        250.137        91.9169        161.251               1           1        2764
         178    9.85408        9.83853        9.80081        57.0592        225.153        254.741       0.144908E+09    6.94784       0.694784        12.7500       0.142748E+09    794369.       0.136519E+07   0.242705E+07    75.4637        17.5158       -65.3541               0           0        2730
         179    9.94696        9.63405        9.91843       -4.37056        61.6503        10.7804       0.138462E+09    6.61714       0.661714        10.2600       0.138425E+09    35530.8        1500.16        14315.6        133.858       -111.042        8.59442               0           1        2629
         181    9.88785        9.83780        9.92299       -46.8033        345.737        73.7707       0.683215E+09    6.84348       0.684348        12.9200       0.573488E+09   0.914248E+08   0.183013E+08   0.127523E+07    96.6951        17.0568        11.4613               0           0        2614
         182    9.91899        9.76530        10.0246        276.008       -16.4212       -12.7528       0.202215E+09    6.57753       0.657753        8.36000       0.202192E+09    22805.8        0.00000        0.00000        116.273       -28.5244        75.3568               1           1        2614
         183    9.60256        10.0807        9.80135        105.069        32.4928        49.0320       0.134771E+09    6.97928       0.697928        11.7300       0.134268E+09    441029.        62082.9        93558.1       -82.6686        169.763       -65.0146               0           1        2551
         184    9.72469        9.93729        9.99127        308.676       -94.8415        47.3551       0.241440E+10    8.19897       0.819897        17.7900       0.202368E+10   0.377460E+09   0.132611E+08   0.992879E+07   -5.88470        79.6068        54.3894               0           0        2532
         185    9.98585        9.71375        9.84691       -27.9330        56.0027        45.3124       0.248933E+09    6.66115       0.666115        10.5300       0.246588E+09   0.233268E+07    12490.3        7697.45        158.308       -60.9343       -36.3707               0           1        2529
         186    10.0758        10.2778        10.1972        65.0098        97.7598        10.9346       0.190925E+09    7.79597       0.779597        12.6100       0.190802E+09    122577.        0.00000        0.00000        214.867        293.681        183.846               1           1        2503
         187    10.3330        10.2086        9.95329        98.5116        183.081       -71.4802       0.139596E+09    6.78312       0.678312        10.6800       0.139423E+09    162397.        11216.1        14527.2        376.551        250.156        30.5111               0           1        2482
         188    10.0840        9.90592        9.89315        233.183        63.7959        47.5168       0.158763E+09    6.81959       0.681959        9.57000       0.158628E+09    134944.        0.00000        0.00000        220.047        59.8843       -7.29929               1           1        2476
         189    9.86533        9.96274        9.95031        193.425       -125.724        91.5732       0.233037E+09    6.94721       0.694721        9.71000       0.216991E+09   0.160191E+08    27457.0        6836.45        82.5366        95.6074        28.6376               0           1        2459
         191    9.53346        9.91841        10.0903        250.785        4.87720       -70.1746       0.286770E+09    8.73023       0.873023        12.9000       0.272860E+09   0.138853E+08    24674.9        69539.0       -126.112        67.7369        116.675               0           1        2415
         192    10.2454        10.1785        10.0806        107.047        62.2025        168.938       0.340837E+09    7.71298       0.771298        13.1100       0.317921E+09   0.227630E+08    153494.        424322.        321.502        231.289        110.558               0           1        2405
         193    9.90599        9.81194        9.93300        3.50889        238.138        245.912       0.408450E+09    6.67624       0.667624        12.1100       0.399645E+09   0.826082E+07    544160.        381185.        108.100       0.798458        17.7547               0           1        2400
         194    10.2728        10.1622        9.93310        32.2019        152.167        19.2624       0.176284E+09    7.48350       0.748350        11.8700       0.176004E+09    262945.        17331.9        32009.2        338.741        221.034        17.8175               0           1        2379
         195    10.4034        10.0992        10.0258        111.167        51.8655        94.3183       0.181698E+09    7.48099       0.748099        11.1500       0.179246E+09   0.245162E+07    0.00000        0.00000        420.800        181.420        76.0672               1           1        2337
         196    9.70700        9.71492        10.1555        25.3777        62.0609        69.3732       0.106225E+09    6.34428       0.634428        10.7800       0.106084E+09    28713.7        111805.        383497.       -17.0065       -60.1987        157.636               0           1        2315
         197    9.74794        10.0908        9.90909       -1.17136        194.459       -94.6273       0.177262E+09    7.51242       0.751242        11.0900       0.176752E+09    510542.        0.00000        0.00000        8.73274        176.094        2.72230               1           1        2314
         198    9.70997        9.87249        9.85004        151.473        25.7640       -180.426       0.430669E+09    7.39422       0.739422        12.4800       0.387008E+09   0.430249E+08    635848.        810182.       -15.1393        38.8667       -34.4028               0           0        2312
         199    10.3227        10.0055        9.99693        147.462        23.9526       -34.7367       0.172092E+09    7.64634       0.764634        10.6300       0.172013E+09    78764.7        0.00000        0.00000        370.076        122.472        57.9479               1           1        2308
         200    9.71333        10.1679        9.82443        23.9291        170.098       -77.8787       0.145920E+09    7.10628       0.710628        10.7000       0.145825E+09    95979.9        0.00000        0.00000       -13.0268        224.593       -50.5040               1           1        2285
         201    10.0201        10.1810        9.69694        48.4687        124.209       -52.8451       0.120697E+09    6.43859       0.643859        8.90000       0.120467E+09    229683.        0.00000        0.00000        179.823        232.835       -130.658               1           1        2280
         202    10.2448        10.2118        9.71193        75.3677        168.383        231.789       0.207476E+09    8.09649       0.809649        11.9200       0.206432E+09   0.104426E+07    0.00000        0.00000        321.093        252.193       -121.234               1           1        2239
         203    9.90738        10.0947        10.0480        10.3692        250.475       -56.4198       0.143105E+09    6.98745       0.698745        10.5400       0.140670E+09   0.243482E+07    0.00000        0.00000        108.974        178.578        90.0371               1           1        2178
         204    10.2986        10.2218        9.94310        76.3532        160.946        257.944       0.127016E+09    6.82336       0.682336        8.99000       0.126703E+09    313422.        0.00000        0.00000        354.930        258.505        24.1046               1           1        2171
         205    9.69920        9.89042        9.95517        116.236       -104.352        126.086       0.337431E+09    7.69160       0.769160        13.9100       0.292647E+09   0.444909E+08    293240.        163112.       -21.9104        50.1394        31.6931               0           0        2136
         206    9.96092        9.97135        9.70787        41.5419        245.442        245.223       0.175026E+09    7.49167       0.749167        10.3000       0.174840E+09    185902.        0.00000        0.00000        142.635        101.021       -123.786               1           1        2135
         207    9.70278        9.99689        10.2286        226.566        6.43701       -75.8939       0.163158E+09    7.39800       0.739800        10.1500       0.162120E+09   0.103884E+07    0.00000        0.00000       -19.6597        117.078        203.588               1           1        2124
         208    9.55753        10.1920        9.79595        222.666        3.82043        120.052       0.246094E+09    8.57997       0.857997        11.1000       0.244925E+09   0.116880E+07    0.00000        0.00000       -110.979        239.726       -68.4096               1           1        2108
         209    9.85220        9.95882        9.81020        106.273        114.849        349.500       0.348121E+09    8.56362       0.856362        13.1400       0.347102E+09   0.100791E+07    10904.0        0.00000        74.2817        93.1429       -59.4505               0           1        2100
         210    9.74133        10.0323        9.81635       -1.66068        227.376       -76.1180       0.146887E+09    6.85605       0.685605        9.27000       0.146739E+09    135030.        12770.4        5824.05        4.57699        139.372       -55.5840               0           1        2096
         211    9.71124        9.83856        10.0288        228.115        75.0428        160.941       0.194293E+09    6.87240       0.687240        12.4500       0.194045E+09    180770.        68059.2        168171.       -14.3408        17.5346        77.9848               0           0        2094
         212    9.83353        9.98673        10.1611        19.4892        31.1858        150.410       0.121431E+09    6.50335       0.650335        10.4000       0.121049E+09    381685.        0.00000        0.00000        62.5437        110.690        161.144               1           1        2070
         213    10.2168        10.1582        9.98831        67.8106        83.8348       -14.5333       0.149236E+09    6.56496       0.656496        9.63000       0.145409E+09   0.382720E+07    0.00000        0.00000        303.514        218.526        52.5284               1           1        2056
         214    9.98991        10.2074        9.70879        109.500        102.494        260.931       0.140874E+09    6.59011       0.659011        9.79000       0.139423E+09   0.145100E+07    0.00000        0.00000        160.861        249.421       -123.208               1           1        2049
         215    10.2816        10.0029        10.2468        119.846        237.564        57.7274       0.101975E+09    6.21791       0.621791        11.1400       0.101512E+09    43005.5        420083.       0.118074E+07    344.280        120.856        215.024               0           1        2037
         216    9.70031        9.74413        10.1003        166.782        184.342       -57.1807       0.115839E+09    6.69196       0.669196        11.2100       0.115812E+09    27357.8        0.00000        0.00000       -21.2126       -41.8341        122.950               1           1        2016
         217    9.90785        10.0057        10.0916        35.8820        89.9848        267.354       0.132813E+09    6.41784       0.641784        9.53000       0.132522E+09    273413.        17393.9        6010.17        109.269        122.617        117.449               0           1        2005
         218    9.95483        9.89265        9.83471        320.581        22.7043        97.6554       0.462445E+09    8.12227       0.812227        12.6000       0.449113E+09   0.130028E+08    329492.        855822.        138.806        51.5414       -44.0409               0           1        1986
         220    10.4317        10.0479        9.89893        128.914        39.5729        96.0963       0.137353E+09    7.10942       0.710942        10.4600       0.137344E+09    8796.15        0.00000        0.00000        438.624        149.142       -3.66536               1           1        1911
         221    9.84836        10.0868        9.96985       0.707881        228.459       -83.7296       0.124252E+09    6.52472       0.652472        10.4400       0.121132E+09   0.305813E+07    61171.3        92221.7        71.8675        173.617        40.9225               0           1        1898
         222    10.1931        9.95247        10.1966        164.243        153.103        30.2507       0.129835E+09    6.83216       0.683216        11.2800       0.129197E+09    529191.        109114.        131458.        288.639        89.1506        183.501               0           1        1890
         223    9.74527        9.91481        9.96136       -12.4616        28.9881       -144.903       0.425908E+09    7.29615       0.729615        12.7700       0.378112E+09   0.474879E+08    308078.        302555.        7.05409        65.4735        35.5848               0           0        1874
         224    9.89896        9.88060        10.1664        182.660        46.0289        87.7617       0.274243E+09    7.13520       0.713520        12.4500       0.270449E+09   0.379104E+07    3054.22        30943.8        103.680        43.9655        164.501               0           1        1869
         225    9.94369        10.2164        9.94348        54.4909        44.6306       -30.9367       0.150324E+09    7.10439       0.710439        12.0800       0.145326E+09   0.499832E+07    0.00000        0.00000        131.802        255.079        24.3435               1           1        1832
         226    9.92756        9.61099        9.97271        273.735        119.577       -46.7053       0.126610E+09    6.73408       0.673408        12.6800       0.126287E+09    119782.        202729.        942159.        121.661       -125.540        42.7206               0           1        1832
         227    9.90902        10.0339        9.83105        18.7188        218.859        289.747       0.171461E+09    6.86108       0.686108        10.1100       0.160623E+09   0.108379E+08    0.00000        0.00000        110.005        140.346       -46.3420               1           1        1825
         228    9.71650        9.93863        10.2475        26.3253        103.559        228.204       0.138769E+09    6.63789       0.663789        9.65000       0.138259E+09    510006.        0.00000        0.00000       -11.0338        80.4493        215.470               1           1        1800
         229    9.73409        9.85238        9.93377        175.517        141.311        354.668       0.602098E+09    6.62280       0.662280        12.1200       0.587041E+09   0.142259E+08    831282.       0.125532E+07   0.251483E-01    26.2234        18.2388               0           0        1792
         230    10.0439        10.3885        10.0195        25.1060        135.197        30.5449       0.133825E+09    6.91704       0.691704        9.34000       0.133187E+09    637722.        0.00000        0.00000        194.792        363.273        72.1504               1           1        1778
         232    10.0187        9.87112        10.2789        16.8431        293.640        21.6636       0.127242E+09    6.54170       0.654170        9.65000       0.127035E+09    206645.        0.00000        0.00000        178.936        38.0053        235.224               1           1        1723
         233    10.1462        10.2419        9.74465        163.322       -1.30666        125.411       0.128169E+09    6.77243       0.677243        9.25000       0.127451E+09    718138.        0.00000        0.00000        259.134        271.098       -100.662               1           1        1713
         234    10.0033        9.80568        9.87556        292.331        182.782        76.5521       0.604304E+09    6.09846       0.609846        10.3900       0.557609E+09   0.459072E+08    788306.        390365.        169.292       -3.13725       -18.3582               0           1        1694
         235    9.73802        9.84462        10.2612        58.7009        47.5880        20.8003       0.133376E+09    6.84411       0.684411        11.2900       0.133104E+09    221626.        50334.1        304768.        2.49597        21.3446        224.121               0           1        1692
         236    10.4211        10.0973        10.0117        106.353        12.2305        95.2609       0.150257E+09    6.99877       0.699877        10.5800       0.149815E+09    430161.        11265.5        14315.6        431.947        180.206        67.2339               0           1        1690
         237    9.88708        10.1760        9.91963        48.3952        32.9239        3.63083       0.243640E+09    6.78689       0.678689        11.1500       0.226801E+09   0.167906E+08    48152.5        96788.6        96.2110        229.673        9.34887               0           1        1630
         238    9.92524        9.84424        10.2150        144.197        85.4945        49.7844       0.214713E+09    7.09999       0.709999        11.3800       0.214164E+09    548526.        0.00000        0.00000        120.202        21.1057        195.050               1           1        1621
         239    9.90121        10.1720        9.92685        36.4971        17.3688       -18.9742       0.204456E+09    6.69762       0.669762        9.52000       0.171680E+09   0.327748E+08    1133.95        17126.8        105.095        227.171        13.8881               0           1        1570
         240    10.1408        9.93016        10.1843        18.2979        287.652        2.35497       0.157205E+09    7.14400       0.714400        10.7700       0.155469E+09   0.173611E+07    0.00000        0.00000        255.752        75.1242        175.742               1           1        1557
         241    9.90941        10.0764        9.84944        218.047        207.185        57.3426       0.626229E+09    8.03613       0.803613        12.0500       0.575400E+09   0.505413E+08    287017.        26936.1        110.250        167.066       -34.7801               0           1        1551
         242    9.86798        10.1802        9.82330        173.897        40.9155        236.654       0.142810E+09    6.51089       0.651089        8.29000       0.142083E+09    727114.        0.00000        0.00000        84.2027        232.326       -51.2145               1           1        1546
         243    9.87754        10.3069        9.86413        37.7168        184.547       -45.7198       0.100350E+09    6.03622       0.603622        9.77000       0.100265E+09    85089.4        0.00000        0.00000        90.2131        311.989       -25.5444               1           1        1546
         244    10.3267        10.2694        10.0219        128.133        158.868       -81.9594       0.116835E+09    6.42162       0.642161        9.57000       0.115063E+09   0.177149E+07    0.00000        0.00000        372.584        288.388        73.6656               1           1        1537
         245    9.92078        10.0952        9.88826       -57.4287        80.8200        55.0933       0.460610E+09    6.96733       0.696733        12.1700       0.388837E+09   0.712717E+08    501246.        411590.        117.398        178.892       -10.3737               0           1        1527
         246    10.2557        10.1721        10.0923        117.993        26.2333        133.709       0.515208E+09    6.58508       0.658508        11.1800       0.502321E+09   0.127697E+08    116895.        117715.        327.977        227.240        117.933               0           1        1515
         247    9.92393        9.87079        10.0644        53.8932       -36.2249        175.955       0.157659E+09    6.55239       0.655239        9.64000       0.157630E+09    28448.0        0.00000        0.00000        119.379        37.7978        100.386               1           1        1509
         248    9.74510        9.89171        9.89883        205.539        94.7645        383.087       0.536503E+09    6.94281       0.694281        9.78000       0.523688E+09   0.954869E+07   0.326640E+07    470593.        6.94721        50.9504       -3.72823               0           0        1476
         249    9.64799        9.49713        9.84360        56.2432        184.073        50.5928       0.122986E+09    6.92207       0.692207        12.0200       0.122962E+09    4227.63        19813.5        53000.6       -54.1065       -197.125       -38.4517               0           1        1472
         250    10.2363        10.0658        10.2013        65.4216        117.975        1.71654       0.115429E+09    6.63097       0.663097        10.3700       0.115313E+09    106677.        9425.95        17032.6        315.787        160.377        186.449               0           1        1453
         251    9.81414        10.1206        9.96568       -2.47822        134.007       -42.9832       0.127312E+09    6.67184       0.667184        11.1100       0.123710E+09   0.358269E+07    19596.2        30641.3        50.3531        194.880        38.3008               0           1        1433
         252    10.2746        10.0264        9.78539        14.9741        180.135        33.1816       0.115389E+09    6.78186       0.678186        10.5200       0.115230E+09    133254.        25996.3        53823.9        339.873        135.618       -75.0487               0           1        1418
         253    9.70201        10.0538        9.82604        36.0453        32.6597       -36.9237       0.114746E+09    6.62406       0.662406        12.2100       0.114398E+09    88338.0        259310.        352564.       -20.1438        152.839       -49.4918               0           1        1401
         254    9.82269        9.65502        10.2814        120.887        170.015        56.1981       0.110204E+09    6.62217       0.662217        9.93000       0.110158E+09    45907.9        0.00000        0.00000        55.7286       -97.8582        236.790               1           1        1374
         255    9.76005        9.83052        9.68250        101.348        231.779        270.552       0.106119E+09    6.55050       0.655050        8.85000       0.106084E+09    34969.5        0.00000        0.00000        16.3464        12.4798       -139.736               1           1        1327
         256    9.95832        9.73589        9.87697        311.936        12.5816        28.7776       0.166740E+09    5.68854       0.568854        8.32000       0.166609E+09    126791.        4319.67        0.00000        141.000       -47.0147       -17.4718               0           1        1318
         257    10.2790        10.2300        9.81468        36.2444        135.492        50.5495       0.110153E+09    6.50838       0.650838        10.8200       0.106999E+09   0.309971E+07    53944.7        93518.1        342.639        263.654       -56.6339               0           1        1312
         259    10.0889        9.86311        10.1564        109.954        200.629       -22.1299       0.106943E+09    6.54547       0.654547        11.1000       0.106916E+09    27100.5        0.00000        0.00000        223.097        32.9694        158.201               1           1        1294
         260    9.84211        9.95032        9.92471        127.206        84.3271        338.131       0.481690E+09    6.54861       0.654861        11.1200       0.480289E+09    443617.        957087.        223561.        67.9381        87.7989        12.5427               0           1        1267
         261    10.0520        9.95835        10.4420        178.387        81.0438       -64.2849       0.120751E+09    6.39144       0.639144        8.17000       0.120717E+09    33840.9        0.00000        0.00000        199.916        92.8474        337.785               1           1        1253
         262    9.88845        10.3311        9.63008        180.231        80.3624        195.284       0.109830E+09    6.62909       0.662909        9.02000       0.109659E+09    170974.        0.00000        0.00000        97.0723        327.217       -172.693               1           1        1236
         263    9.52747        10.0303        10.0901        281.916        36.1037       -2.48888       0.156241E+09    7.46527       0.746527        11.0800       0.155552E+09    688791.        0.00000        0.00000       -129.878        138.070        116.537               1           1        1103
         265    10.4024        10.1242        9.63051        73.3559        207.166        215.956       0.183902E+09    7.76139       0.776139        9.95000       0.183819E+09    82967.3        0.00000        0.00000        420.215        197.118       -172.423               1           1        1027
         266    9.56281        10.4145        9.71831        198.199        35.7111        104.348       0.147013E+09    7.14274       0.714274        9.91000       0.146905E+09    107234.        0.00000        0.00000       -107.660        379.619       -117.222               1           1         974
         270    10.0687        10.1183        10.0848        30.7429        92.9382        211.498       0.122887E+10    6.84285       0.684285        13.9100       0.119429E+10   0.226041E+08   0.119769E+08   0.398312E+07    210.403        193.428        113.211               0           1         877
         273    9.92556        9.75149        9.90144        275.864       -126.184        8.42406       0.252621E+09    7.10125       0.710125        13.4100       0.252075E+09    545424.        0.00000        0.00000        120.404       -37.2069       -2.08731               1           1         817
