#          i      x              y              z              v_x            v_y            v_z            Mvir           Rvir     Rs (Rockstar)       v_max           Mdm           Mgas           Mstars    Avg age of stars     xc             yc             zc      flag DM only  flag outside Rvir  Np bound
# (h^-1 comoving Mpc) (h^-1 comoving Mpc) (h^-1 comoving Mpc) (km/s)         (km/s)         (km/s)         (Msun)         (kpc)         (kpc)           (km/s)         (Msun)         (Msun)         (Msun)         (yrs)          (kpc)          (kpc)          (kpc)
           1    9.91160        9.97126        9.98133        90.5869        103.554        216.882       0.643601E+12    125.849        12.5849        182.810       0.568269E+12   0.391121E+11   0.362198E+11   0.569603E+10    0.00000        0.00000        0.00000               0           0     8496908
           2    9.89651        9.96764        9.98032        229.278       -46.3194        82.7257       0.253565E+12    42.3200        4.23201        107.600       0.202620E+12   0.156656E+11   0.352793E+11   0.512155E+10   -10.5683       -2.53527      -0.707353               0           0      604476
           3    10.0920        10.0698        10.0344        57.1902        182.572        101.474       0.382410E+11    36.7845        3.67845        49.8000       0.342568E+11   0.276646E+10   0.121768E+10   0.266360E+09    126.357        68.9774        37.1606               0           1      231740
           4    10.1231        10.2068        10.3133        53.5415        52.7714        154.192       0.208453E+11    39.2623        3.92623        44.6100       0.202488E+11   0.416062E+09   0.180378E+09   0.471164E+08    148.096        164.939        232.474               0           1      185773
           5    10.3546        10.2475        10.2875        54.4753        52.1947        148.268       0.138600E+11    34.8249        3.48249        40.4100       0.136306E+11   0.194702E+09   0.346749E+08   0.383445E+08    310.269        193.493        214.405               0           1      131799
           6    10.0863        10.0088        10.2838        147.686        122.114        25.1020       0.922393E+10    29.4791        2.94791        39.8800       0.884231E+10   0.309543E+09   0.720773E+08   0.414708E+08    122.337        26.2631        211.814               0           1      108612
           7    10.2323        10.0520        9.95795        137.441        181.577        58.4195       0.990532E+10    27.0832        2.70832        33.8400       0.931345E+10   0.344057E+09   0.247816E+09   0.598261E+08    224.609        56.5112       -16.3742               0           1      107847
           8    10.2178        10.3568        9.97108        158.630        16.2883        182.821       0.119963E+11    32.5446        3.25446        42.5900       0.113620E+11   0.584045E+09   0.502383E+08   0.320871E+08    214.419        270.048       -7.17858               0           1       88761
           9    9.90394        10.1494        9.97934        35.6440       -5.73335        100.547       0.134075E+11    28.8852        2.88852        36.7400       0.129537E+11   0.377207E+09   0.765582E+08   0.386589E+08   -5.36468        124.760       -1.39370               0           0       87513
          10    10.0886        9.85367        9.95556        243.121        8.38962       -47.9234       0.574858E+10    24.7203        2.47202        32.1700       0.559429E+10   0.135987E+09   0.182967E+08   0.882179E+07    123.997       -82.3541       -18.0480               0           1       72094
          11    9.97161        10.0321        10.2854        123.954        49.5339        223.528       0.664833E+10    26.7590        2.67590        31.1800       0.663065E+10   0.104500E+08   0.722329E+07   0.601588E+07    42.0280        42.6303        212.948               0           1       61086
          12    10.1401        9.99735        9.99489        99.7400        137.160        22.1279       0.195586E+11    31.1039        3.11039        45.7400       0.187298E+11   0.473352E+09   0.355434E+09   0.117314E+09    160.044        18.2721        9.49674               0           1       60461
          13    10.0931        10.0589        10.3543        165.598        188.387       -36.1939       0.421178E+10    22.8818        2.28818        33.2700       0.386265E+10   0.304900E+09   0.442275E+08   0.346510E+08    127.113        61.3856        261.216               0           1       50780
          14    10.0421        10.3290        9.89566        190.604        70.1163        98.0247       0.269448E+10    20.6302        2.06302        29.6500       0.267641E+10   0.107730E+08   0.729563E+07   0.752390E+07    91.3746        250.550       -59.9990               0           1       46960
          15    10.5121        10.1325        10.1149        94.1500        52.0884        112.015       0.374518E+10    23.3854        2.33854        28.4200       0.373305E+10   0.877430E+07   0.335691E+07   0.572616E+07    420.588        112.917        93.5457               0           1       43816
          16    10.0931        10.2272        10.3186        87.4332        64.7043        166.632       0.546832E+10    20.6351        2.06351        28.7600       0.540538E+10   0.484230E+08   0.145170E+08   0.104535E+08    127.127        179.261        236.186               0           1       38758
          17    10.3485        9.93283        9.96928        203.012        171.190        62.2461       0.219528E+10    18.7918        1.87918        29.1400       0.216043E+10    570296.       0.342745E+08   0.211278E+08    305.983       -26.9144       -8.43921               0           1       36974
          18    9.97003        10.1803        9.91140        82.9749       -53.9555        48.3468       0.426843E+10    20.4859        2.04859        25.2000       0.416304E+10   0.989920E+08   0.640217E+07   0.395516E+07    40.9214        146.394       -48.9754               0           1       33770
          19    10.1669        10.1262        10.5727        199.961        54.3297       -48.6401       0.297748E+10    21.7361        2.17361        28.2400       0.297422E+10   0.170518E+07   0.155871E+07   0.261059E+07    178.834        108.505        414.187               0           1       30411
          20    9.95613        10.2679        10.0197        45.0979        181.589       -76.4315       0.324180E+10    20.9734        2.09734        29.1300       0.314298E+10   0.944403E+08   0.437958E+07   0.431225E+07    31.1866        207.780        26.8374               0           1       30350
          21    9.90115        10.0183        10.2743        96.4884        37.1168       -17.2575       0.289111E+10    20.1547        2.01547        27.1800       0.288709E+10   0.188770E+07   0.213146E+07   0.389529E+07   -7.31865        32.9585        205.153               0           1       28920
          22    10.0433        10.1929        10.0603       -4.94605        274.066       -70.1767       0.528819E+10    21.8705        2.18705        28.4800       0.454671E+10   0.736699E+09   0.478258E+07   0.463234E+07    92.2501        155.225        55.3416               0           1       26095
          23    10.3459        10.2497        10.3107        90.7924        89.3684        147.315       0.761290E+10    18.8576        1.88576        28.2400       0.751109E+10   0.691914E+08   0.326191E+08   0.347146E+08    304.169        194.984        230.695               0           1       23135
          24    10.2523        9.97670        9.84432        174.889        266.040        25.0972       0.179926E+10    17.4184        1.74184        26.7300       0.177259E+10   0.180027E+08   0.866270E+07   0.954582E+07    238.588        3.80990       -95.9549               0           1       23009
          25    9.99523        10.0159        10.0296        136.740        78.2872        4.16578       0.348059E+10    15.4875        1.54875        25.9000       0.287438E+10   0.573647E+09   0.325665E+08   0.230772E+08    58.5702        31.2636        33.8339               0           0       21027
          26    10.0149        9.83914        10.0200       -29.2290        149.791       -5.11011       0.138156E+10    15.8475        1.58475        20.6800       0.138043E+10    481747.        648557.        930637.        72.3321       -92.5302        27.0685               0           0       20845
          28    10.1237        10.6400        10.0822        82.4033        155.615       -2.41175       0.198648E+10    18.9557        1.89557        26.0000       0.198343E+10   0.176538E+07   0.128015E+07   0.200710E+07    148.572        468.338        70.6163               0           1       19763
          29    9.93699        10.1073        9.98883        304.280        36.3818       -27.2824       0.218598E+10    14.5624        1.45624        29.9800       0.207981E+10   0.366628E+08   0.695088E+08   0.751720E+08    17.7819        95.2616        5.25262               0           0       19356
          30    9.94661        10.1577        9.91699        54.1708       -44.2388        50.7289       0.268441E+10    16.6788        1.66788        22.3900       0.267551E+10   0.671542E+07   0.218683E+07   0.530842E+07    24.5192        130.594       -45.0605               0           1       18915
          31    10.0567        9.85550        9.92150       -29.1216        123.987        108.111       0.125920E+10    15.3895        1.53895        20.0000       0.125780E+10   0.128336E+07    119392.        98269.8        101.656       -81.0725       -41.9019               0           1       18226
          32    9.87756        10.0453        9.99486        43.6526        68.4817        100.777       0.217976E+10    12.7015        1.27015        27.3000       0.195203E+10   0.119937E+09   0.107792E+09   0.113484E+09   -23.8399        51.8469        9.47573               0           0       17957
          33    10.2655        10.2565        10.1678        50.8112        109.195        13.3089       0.142982E+10    16.2117        1.62117        22.3700       0.141102E+10   0.171198E+08   0.168343E+07   0.242423E+07    247.833        199.747        130.566               0           1       15889
          34    9.69320        10.2727        9.76212        93.9757        70.0585        52.4971       0.126841E+10    16.4939        1.64939        26.5300       0.126154E+10    588881.       0.628572E+07   0.703029E+07   -152.956        211.099       -153.524               0           1       15337
          35    9.92166        10.2025        10.0976        118.883        213.324        81.7209       0.128806E+10    15.5814        1.55814        23.7100       0.127110E+10   0.948709E+07   0.747231E+07   0.867764E+07    7.04552        161.935        81.4296               0           1       15293
          36    9.83721        9.96050        9.97061        67.2957        323.388       -54.9476       0.228884E+10    13.5896        1.35896        19.7400       0.222057E+10   0.668377E+08   0.143306E+07    836070.       -52.0990       -7.53576       -7.50775               0           0       14976
          37    9.88801        9.68920        9.87913        71.0543        104.763        30.2785       0.857199E+09    14.2409        1.42409        21.1200       0.855242E+09    509510.       0.144756E+07   0.277661E+07   -16.5212       -197.541       -71.5757               0           1       14777
          38    9.91423        9.86814        9.97571       -38.0866        247.782        11.5663       0.128647E+10    13.1659        1.31659        18.1100       0.128283E+10   0.292922E+07    704655.        666283.        1.84192       -72.2201       -3.93596               0           0       14462
          39    9.84024        10.3601        9.77556        75.8415        120.859       -29.9508       0.847352E+09    14.4034        1.44034        18.1900       0.846346E+09    908298.        96960.9        132756.       -49.9769        272.317       -144.111               0           1       14009
          40    9.90984        10.1255        9.98493        249.953        173.195        115.862       0.138337E+10    11.6517        1.16517        18.7300       0.137346E+10   0.711209E+07   0.279798E+07   0.192134E+07   -1.23262        108.029        2.52126               0           0       13758
          41    9.96223        10.0011        10.0603       -35.6931        73.7608        18.7823       0.150449E+10    13.1260        1.31260        21.2900       0.130062E+10   0.202320E+09   0.154947E+07   0.276892E+07    35.4587        20.8914        55.3136               0           0       13634
          42    10.0276        9.87797        10.2091        50.2099        49.1685        77.6707       0.105783E+10    15.1171        1.51171        20.8000       0.105635E+10    482213.        989718.       0.356187E+07    81.2195       -65.3356        159.547               0           1       13450
          43    10.2990        10.4223        10.1269        88.1687        171.862        119.069       0.213444E+09    8.79359       0.879359        12.3100       0.212335E+09   0.110854E+07    0.00000        0.00000        271.322        315.893        101.964               1           1       12970
          44    9.93372        10.2114        10.1995        67.1675        114.111        246.157       0.122834E+10    14.7914        1.47914        17.5200       0.122529E+10   0.304494E+07    0.00000        0.00000        15.4917        168.168        152.816               1           1       12091
          45    9.94960        10.1511        10.0915        4.05068        270.375        127.150       0.774790E+09    11.9921        1.19921        17.5100       0.748909E+09   0.215530E+08   0.432826E+07   0.367072E+07    26.6133        125.951        77.1505               0           1       11620
          46    10.3652        10.3882        10.1693        116.621        174.265        121.133       0.255410E+09    9.06533       0.906533        11.8100       0.254237E+09   0.108128E+07    92167.4        79743.7        317.672        292.025        131.645               0           1       11433
          47    9.96275        10.0978        10.0763        30.8138        71.6207       -5.16303       0.138034E+10    13.9846        1.39846        22.0600       0.133387E+10   0.434521E+08   0.300828E+07   0.220782E+07    35.8229        88.5942        66.5332               0           0       11384
          48    10.0637        10.1235        10.0432        127.158        137.121       -115.397       0.156394E+10    13.3634        1.33634        21.4300       0.138152E+10   0.178396E+09   0.403070E+07   0.806286E+07    106.544        106.635        43.3446               0           1       11300
          49    10.0887        10.0009        9.94992        149.248        214.654        13.3249       0.938703E+09    12.2043        1.22043        20.2100       0.933311E+09   0.199930E+07   0.339230E+07   0.510458E+07    124.039        20.7514       -21.9980               0           1       11294
          50    9.78388        10.3467        9.72827        83.3301        140.836       -5.47241       0.730959E+09    13.3515        1.33515        20.0300       0.730286E+09    269403.        403914.       0.109850E+07   -89.4487        262.932       -177.230               0           1       11141
          51    10.2619        10.2894        9.92739        69.7371        163.340        279.226       0.149210E+10    17.1053        1.71053        20.4000       0.148343E+10   0.866775E+07    0.00000        0.00000        245.318        222.774       -37.7769               1           1       10825
          52    9.84139        10.0957        9.89711        67.3183        142.231        65.0172       0.600744E+09    11.7799        1.17799        18.0400       0.598429E+09   0.161270E+07    702999.       0.106443E+07   -49.1715        87.1235       -58.9834               0           0       10725
          53    9.94429        10.0365        10.0924        380.331        144.731        139.738       0.230765E+10    16.3161        1.63160        21.3200       0.228091E+10   0.265641E+08    179936.        265107.        22.8944        45.7118        77.8018               0           0       10656
          54    10.1874        10.0544        10.0065        75.5098        261.353        65.3591       0.111932E+10    12.5951        1.25951        20.3200       0.106642E+10   0.486140E+08   0.428948E+07   0.529807E+07    193.177        58.2061        17.6208               0           1       10585
          55    10.3499        10.2624        9.92450        137.365       -3.99204        145.406       0.852680E+09    14.3488        1.43488        15.4300       0.852417E+09    246534.        16467.9        27171.1        306.949        203.914       -39.8009               0           1       10531
          56    10.1308        10.0256        9.89994        329.609        15.9884        21.2272       0.142549E+10    14.7991        1.47991        19.6300       0.141801E+10   0.637585E+07   0.110978E+07   0.114128E+07    153.524        38.0710       -57.0015               0           1       10320
          57    9.83087        9.97630        10.0758        37.1420        35.0695        36.5548       0.775166E+09    12.2995        1.22995        18.3900       0.773351E+09   0.111561E+07    698891.       0.119518E+07   -56.5392        3.52976        66.1340               0           0        9780
          58    10.1745        10.0300        10.1899        124.481        126.706        10.4201       0.849203E+09    13.6428        1.36428        21.1000       0.845183E+09   0.100568E+07   0.301417E+07   0.455039E+07    184.108        41.1175        146.086               0           1        9701
          59    10.1026        9.88027        10.0399        156.505       -53.9968        5.25977       0.725167E+09    11.9669        1.19669        15.3700       0.720060E+09   0.497135E+07    135702.        135376.        133.732       -63.7248        40.9915               0           1        9447
          60    9.81242        10.0014        9.98618        141.228        327.500        52.9912       0.784262E+09    10.8995        1.08996        16.1700       0.775182E+09   0.819599E+07    884121.        748577.       -69.4607        21.1295        3.39670               0           0        9336
          61    10.0380        10.1141        10.2055        103.030        15.3491        238.457       0.103201E+10    14.3264        1.43264        17.0000       0.102875E+10   0.323351E+07    23120.8        21045.4        88.5382        100.066        157.018               0           1        9297
          62    10.0684        10.1888        9.93935        125.970        59.2986        191.668       0.222725E+09    7.93356       0.793356        10.5700       0.222145E+09    564913.        15149.7        11225.8        109.780        152.375       -29.4007               0           1        9137
          63    10.2804        9.93040        10.0257        203.302        63.9373        169.131       0.539538E+09    11.4115        1.14115        13.5100       0.538819E+09    352225.        367257.        758934.        258.275       -28.6163        31.0535               0           1        9090
          64    10.1906        10.1353        10.2057        138.382        146.282       -22.2058       0.723966E+09    12.8129        1.28129        17.0800       0.723385E+09    581051.        0.00000        0.00000        195.419        114.871        157.165               1           1        8801
          65    9.92677        10.0572        9.92033        47.0149       -60.2576        116.762       0.124128E+10    12.9124        1.29123        17.5500       0.119254E+10   0.471943E+08   0.154017E+07   0.129052E+07    10.6243        60.1600       -42.7213               0           0        8703
          66    10.3243        10.3624        9.94085        28.0568        131.987        31.9538       0.681600E+09    12.8486        1.28486        17.5300       0.674084E+09   0.700510E+07    510450.        892995.        289.069        273.928       -28.3502               0           1        8527
          67    9.96230        10.1042        10.3323        172.757        60.7174        216.205       0.314561E+09    9.65222       0.965222        13.2600       0.314179E+09    381743.        0.00000        0.00000        35.5077        93.1255        245.809               1           1        8410
          68    10.2040        10.1458        10.2322        217.040        156.968        65.7699       0.802250E+09    12.4410        1.24410        17.1600       0.801618E+09    410977.        221167.        718260.        204.775        122.274        175.697               0           1        8368
          69    10.2731        10.4053        10.0009        160.256        28.2196        187.165       0.703782E+09    12.1490        1.21490        16.2500       0.695534E+09   0.818040E+07    67172.7        63988.5        253.148        303.980        13.7269               0           1        8319
          71    10.2054        9.93911        9.98092        53.7939        100.246        77.0457       0.593797E+09    11.4850        1.14850        17.3100       0.591029E+09   0.226978E+07    497761.        934280.        205.742       -22.5162      -0.287143               0           1        8036
          72    10.0270        9.90422        10.0351        47.1087        231.260        84.7729       0.324547E+09    8.92456       0.892456        13.0800       0.323657E+09    66104.7        823462.        357586.        80.8273       -46.9514        37.6368               0           0        7885
          73    10.2317        10.3087        10.1299        42.2873        77.5222        35.5401       0.767348E+09    12.9831        1.29831        17.0300       0.678158E+09   0.887767E+08    413286.        639377.        224.175        236.326        104.023               0           1        7787
          74    10.0693        10.2230        9.99299        167.210       -8.49959        119.428       0.290471E+09    9.09264       0.909264        14.1400       0.276102E+09   0.140343E+08    335103.        561006.        110.466        176.320        8.16608               0           1        7409
          75    9.88590        10.1406        9.98926        96.7809        169.872        98.2981       0.419009E+09    7.69965       0.769965        8.44000       0.416439E+09   0.195356E+07    615689.        183851.       -17.9990        118.625        5.55377               0           0        7279
          77    10.0742        10.0936        10.3032        162.058        182.974       -18.6054       0.257409E+09    8.84402       0.884402        12.1400       0.242597E+09   0.146483E+08    163201.        127273.        113.877        85.6668        225.457               0           1        6847
          78    10.0748        9.83011        10.0596        94.7793       -28.4139        167.965       0.326681E+09    9.74467       0.974467        12.4300       0.326401E+09    274407.        6490.80        14133.3        114.297       -98.8543        54.7883               0           1        6801
          79    10.0720        10.2025        9.91106        129.635        69.7843        193.282       0.212000E+09    7.99800       0.799800        10.9500       0.211587E+09    362867.        50627.2        76434.3        112.343        161.928       -49.2136               0           1        6773
          80    10.1241        9.95609        10.4409        177.554        96.4271        109.850       0.312882E+09    10.1782        1.01782        14.2200       0.312433E+09    404901.        43425.4        33018.7        148.852       -10.6243        321.881               0           1        6742
          81    10.3887        10.2386        10.2586        127.781        196.782       -5.62328       0.565206E+09    11.4115        1.14115        16.6100       0.564093E+09    392872.        720329.       0.112193E+07    334.109        187.224        194.165               0           1        6636
          82    9.97146        10.0417        10.2414        96.6296        42.0193        268.011       0.955487E+09    13.3599        1.33599        17.4700       0.954925E+09    490989.        71012.5        72526.9        41.9229        49.3256        182.161               0           1        6617
          83    9.80317        9.81883        9.83566        121.616        62.7688        82.3214       0.155769E+09    8.10655       0.810655        14.8900       0.136846E+09    387709.       0.185362E+08   0.249181E+08   -75.9389       -106.754       -102.020               0           1        6351
          84    10.1359        9.89864        10.0434        63.1619       -48.6301        51.5005       0.324552E+09    9.56748       0.956748        12.6100       0.324322E+09    176328.        53621.6        34990.6        157.067       -50.8594        43.4917               0           1        6341
          85    10.2015        10.3022        9.92721        219.692        115.084        71.1157       0.154528E+09    7.82501       0.782501        11.8300       0.151229E+09   0.320707E+07    92353.5        287727.        203.045        231.746       -37.9029               0           1        6341
          86    10.2984        10.2365        10.3231        80.3581        101.937        175.377       0.556451E+09    11.3135        1.13135        14.7600       0.555280E+09   0.104940E+07    122098.        291485.        270.923        185.796        239.365               0           1        6167
          87    10.0460        10.1020        9.98920        304.433        138.314        69.1936       0.771870E+09    10.6404        1.06404        17.3300       0.745003E+09   0.254204E+08   0.144650E+07    575074.        94.0990        91.5637        5.51175               0           1        6044
          88    9.97073        10.0645        10.0545       -67.6444        189.424        94.4076       0.669708E+09    10.1285        1.01285        13.7400       0.653218E+09   0.159956E+08    494780.        618756.        41.4117        65.3006        51.2446               0           0        6033
          89    9.94508        10.0623        10.0404       -64.1898        160.172        75.6974       0.554636E+09    9.37068       0.937068        12.7800       0.552038E+09   0.188663E+07    711261.        371500.        23.4477        63.7808        41.3767               0           0        5915
          90    10.0921        9.98087        10.1373        185.621        119.026        15.0524       0.203896E+09    8.72216       0.872216        15.7200       0.202941E+09    141398.        814449.       0.256845E+07    126.406        6.73036        109.206               0           1        5723
          91    10.0078        9.99193        10.4244        168.773        50.7623        161.551       0.338785E+09    10.0605        1.00605        10.9600       0.338539E+09    243415.        2428.29        14070.0        67.3596        14.4762        310.276               0           1        5717
          92    9.88364        10.2162        9.95640        18.7236        26.4000        46.3514       0.446369E+09    10.6705        1.06705        16.0700       0.444873E+09   0.129869E+07    197449.        321291.       -19.5818        171.537       -17.4597               0           1        5690
          94    9.80185        9.79187        9.96933        117.283        113.266        18.7086       0.258747E+09    9.04572       0.904572        15.1100       0.256814E+09    123114.       0.181002E+07   0.245487E+07   -76.8634       -125.636       -8.40420               0           1        5655
          95    10.1800        10.1808        10.2890        23.2439        57.7155        166.952       0.514495E+09    10.7455        1.07455        17.1500       0.512298E+09   0.185373E+07    343916.        672329.        187.946        146.765        215.505               0           1        5587
          96    9.87080        10.0125        9.99971       -35.7670      -0.236807        85.8115       0.151630E+10    10.6271        1.06271        19.5100       0.147506E+10   0.322915E+08   0.895327E+07   0.452127E+07   -28.5743        28.8964        12.8724               0           0        5570
          97    10.1103        9.96267        10.0493        139.513       -48.2021        234.650       0.667707E+09    11.3695        1.13695        16.1000       0.665355E+09   0.207272E+07    279676.        173235.        139.145       -6.01600        47.6028               0           1        5562
          98    9.88938        10.1396        9.95008        11.2027       -25.4495        100.475       0.949126E+09    10.9906        1.09906        15.9200       0.940963E+09   0.406980E+07   0.409338E+07   0.376470E+07   -15.5618        117.897       -21.8859               0           0        5346
          99    10.0708        10.0101        9.88387        304.796        147.088        37.9808       0.481640E+09    10.0150        1.00150        13.0900       0.480705E+09    322518.        612564.        648177.        111.475        27.1736       -68.2561               0           1        5297
         100    10.0199        10.0792        10.2435        187.554        95.1262       -15.6626       0.462365E+09    10.5291        1.05291        15.4200       0.458590E+09   0.359277E+07    181823.        331243.        75.8689        75.5677        183.625               0           1        5235
         101    9.95484        9.97209        10.1372        179.013        173.567       -105.629       0.399229E+09    10.5010        1.05011        15.6800       0.397983E+09   0.101219E+07    234083.        415207.        30.2831       0.581290        109.199               0           0        5187
         102    9.99848        9.86357        10.3300        98.4653        60.5924        131.774       0.404219E+09    10.8708        1.08708        13.9900       0.403885E+09    312528.        20866.4        25325.0        60.8464       -75.4206        244.212               0           1        5144
         103    10.0630        10.0429        10.2243        148.084        195.980       -2.37893       0.168208E+09    7.40760       0.740760        10.0800       0.165113E+09   0.309501E+07    0.00000        0.00000        106.005        50.2081        170.136               1           1        5076
         104    9.86426        10.0647        9.92688        62.0887        190.872        22.9247       0.234128E+09    7.32776       0.732776        9.23000       0.233452E+09    620409.        54994.5        61433.8       -33.1546        65.4127       -38.1340               0           0        4996
         105    9.94058        9.95726        9.97116        228.933        53.1655        116.256       0.887851E+09    6.10985       0.610985        10.7100       0.859906E+09   0.140041E+08   0.139413E+08   0.686932E+07    20.2961       -9.80489       -7.12256               0           0        4989
         106    10.2292        10.2068        9.99862        143.769        39.6014       -37.7035       0.288336E+09    9.65713       0.965713        15.5700       0.284748E+09   0.323675E+07    350725.        441071.        222.431        164.981        12.1090               0           1        4952
         107    10.0198        9.92113        10.0146       -88.7556        151.921        7.90542       0.427109E+09    9.05272       0.905272        12.3800       0.426416E+09    107732.        585649.        240816.        75.7708       -35.1085        23.3286               0           0        4909
         108    9.81095        10.0239        9.92637        119.020        284.104       -23.0365       0.404476E+09    8.71515       0.871516        10.7000       0.398232E+09   0.616215E+07    81893.8        55033.6       -70.4902        36.8524       -38.4912               0           0        4906
         109    10.1195        10.2529        9.97460        158.398        15.3832        145.195       0.155003E+09    7.68704       0.768704        10.5900       0.153723E+09   0.127997E+07    0.00000        0.00000        145.575        197.260       -4.71335               1           1        4822
         110    10.1089        10.0103        9.99410       -1.17556        90.7637        74.1191       0.837602E+09    9.69985       0.969985        16.5100       0.732365E+09   0.103970E+09   0.126752E+07   0.115474E+07    138.165        27.3346        8.94346               0           1        4765
         111    10.1974        9.90813        9.87975        32.3901        29.3421       -7.38879       0.184553E+09    7.88734       0.788734        10.3400       0.184484E+09    69186.4        0.00000        0.00000        200.125       -44.2131       -71.1415               1           1        4748
         112    9.93239        10.2154        10.1897        101.397        87.8285        242.082       0.711843E+09    9.31606       0.931606        12.8400       0.711167E+09    676328.        0.00000        0.00000        14.5603        170.990        145.960               1           1        4401
         113    10.1036        10.1777        10.0250       0.782236        123.410        143.785       0.136977E+09    7.00700       0.700700        9.90000       0.135266E+09   0.171074E+07    0.00000        0.00000        134.446        144.601        30.5492               1           1        4335
         114    9.97810        10.1228        10.1027        19.2918        259.708        162.278       0.444012E+09    9.30835       0.930835        14.5000       0.378279E+09   0.656580E+08    75093.5        111727.        46.5732        106.138        85.0084               0           1        4278
         115    10.1785        9.99985        10.0377        120.812        87.3773        27.0239       0.399103E+09    8.59049       0.859049        13.9200       0.396403E+09   0.121854E+07   0.148098E+07   0.307959E+07    186.951        20.0230        39.4787               0           1        4210
         116    10.1893        10.2030        10.2432        261.129        230.489        90.9739       0.302916E+09    9.51566       0.951566        12.4600       0.302540E+09    376042.        0.00000        0.00000        194.487        162.313        183.387               1           1        4175
         117    9.82182        10.0002        10.0673        69.5933        61.4551        40.5936       0.372676E+09    9.49044       0.949044        14.5100       0.372293E+09    94491.4        288596.        592730.       -62.8774        20.2471        60.2021               0           0        4160
         118    10.2782        10.3623        10.0592        163.207        172.089        9.66830       0.244924E+09    8.37829       0.837829        11.3600       0.212668E+09   0.321842E+08    72033.4        212177.        256.776        273.893        54.5222               0           1        4087
         119    9.92593        9.89181        10.1086        181.540        108.850        220.816       0.190204E+09    7.57148       0.757148        9.60000       0.189971E+09    63697.4        169408.        447836.        10.0360       -55.6428        89.1125               0           0        3964
         120    10.2348        10.3872        9.96302        106.229       -1.44589        190.816       0.795824E+09    11.5180        1.15180        15.5500       0.775513E+09   0.200805E+08    230354.        388611.        226.360        291.268       -12.8234               0           1        3951
         121    10.1477        10.1311        10.6039        228.405        55.7112       -54.9478       0.526303E+09    11.6272        1.16272        14.0300       0.525849E+09    453617.        0.00000        0.00000        165.353        111.951        435.989               1           1        3884
         122    9.85473        9.76939        9.88498        12.8667        148.277        30.2372       0.292541E+09    9.92046       0.992046        14.3200       0.292148E+09    38425.8        355247.        582420.       -39.8289       -141.380       -67.4787               0           1        3860
         123    9.99208        10.1240        9.99004        274.148        10.8033        48.2095       0.244339E+09    7.44262       0.744262        13.1900       0.238108E+09   0.562972E+07    600882.       0.219640E+07    56.3641        106.978        6.10005               0           0        3838
         124    10.0148        10.0015        10.0932        256.392        10.6891       -154.694       0.481492E+09    8.42241       0.842241        10.5700       0.470812E+09   0.106801E+08    0.00000        0.00000        72.2481        21.1576        78.3411               1           0        3817
         125    10.2561        10.3121        10.2088        112.605        15.2704        199.575       0.322272E+09    10.0108        1.00108        12.9800       0.320914E+09   0.135622E+07    2052.21        0.00000        241.298        238.686        159.274               0           1        3815
         127    10.4227        10.3033        10.3029        104.122        235.001        31.4310       0.115790E+09    6.95167       0.695167        10.9200       0.114814E+09    557835.        418464.        980078.        357.949        232.572        225.218               0           1        3662
         128    10.0615        9.68091        10.0809        156.384        2.18624        79.5113       0.230659E+09    9.09965       0.909965        12.6500       0.230625E+09    9630.80        24373.5        42753.1        104.968       -203.347        69.7688               0           1        3584
         129    10.0026        10.2419        10.0561        34.7511        170.309        288.332       0.229692E+09    8.61501       0.861501        10.6700       0.224889E+09   0.480342E+07    0.00000        0.00000        63.7528        189.529        52.3371               1           1        3520
         130    9.87229        10.1732        9.95656        282.234       -41.9808        142.068       0.374347E+09    9.71736       0.971736        11.2400       0.373457E+09    889791.        0.00000        0.00000       -27.5307        141.408       -17.3477               1           1        3513
         131    10.0393        10.1469        10.0244       -19.8294        99.2187        116.741       0.398587E+09    9.26703       0.926703        14.7300       0.369965E+09   0.282094E+08    412166.        424607.        89.4416        122.988        30.1571               0           1        3440
         132    10.1477        10.1759        10.2692        86.1773        32.3131        239.846       0.386077E+09    9.82871       0.982871        11.3800       0.379443E+09   0.663454E+07    0.00000        0.00000        165.339        143.306        201.582               1           1        3392
         133    9.90277        10.2712        9.94834        73.9660        168.594       -77.4618       0.255160E+09    9.04362       0.904362        12.9000       0.254486E+09    591330.        82890.7        86447.3       -6.18409        210.070       -23.1045               0           1        3374
         134    10.0955        10.1028        10.3785        161.807        97.4355        82.7186       0.212763E+09    8.45813       0.845813        13.6200       0.208012E+09   0.453227E+07    218364.        506560.        128.815        92.1170        278.158               0           1        3362
         135    10.3219        10.1248        10.1836        128.322        142.742        9.72338       0.147324E+09    7.75007       0.775007        11.2500       0.147155E+09    169362.        0.00000        0.00000        287.339        107.497        141.660               1           1        3340
         137    10.0536        10.0629        10.2135        111.632        4.83151        216.171       0.234217E+09    8.32156       0.832156        9.83000       0.232288E+09   0.192897E+07    0.00000        0.00000        99.4216        64.1940        162.628               1           1        3295
         138    10.0606        10.0016        10.2890        56.5836        39.7099        110.103       0.327198E+09    8.70045       0.870045        12.8500       0.324821E+09   0.237656E+07    0.00000        0.00000        104.359        21.2346        215.456               1           1        3258
         139    9.85757        10.3389        9.85317        84.0596        160.307       -47.6180       0.262808E+09    9.53106       0.953106        13.2000       0.262551E+09    172988.        85074.4        86187.7       -37.8399        257.505       -89.7568               0           1        3253
         140    9.89280        10.0913        9.98485       -16.8933        124.211        99.3843       0.420243E+09    8.47984       0.847984        14.6100       0.404550E+09   0.108280E+07   0.146096E+08   0.794674E+07   -13.1666        84.0420        2.46523               0           0        3211
         141    9.90415        10.0418        9.95271        259.616        315.008        29.8456       0.418976E+09    7.10295       0.710295        9.81000       0.401640E+09   0.156963E+08   0.163881E+07    531688.       -5.21760        49.4167       -20.0440               0           0        3160
         142    10.1395        10.0115        9.92680        55.8960        100.495        40.1690       0.230774E+09    7.99380       0.799379        12.1400       0.230210E+09    176627.        387272.        418866.        159.582        28.2031       -38.1901               0           1        3153
         143    10.0116        9.90370        9.96418        157.658        133.003        148.171       0.340261E+09    8.58979       0.858979        16.0900       0.337957E+09    223714.       0.208056E+07   0.412810E+07    70.0490       -47.3156       -12.0110               0           0        3138
         144    10.0222        9.98332        10.4323        166.695        56.0503        138.834       0.168480E+09    8.00640       0.800640        11.0700       0.168355E+09    125103.        0.00000        0.00000        77.4447        8.44622        315.858               1           1        3137
         145    9.87003        10.0367        9.98094        198.847        117.681        155.634       0.672769E+09    7.99870       0.799870        14.5900       0.604333E+09   0.577665E+08   0.106691E+08   0.296781E+07   -29.1135        45.8589      -0.273136               0           0        3064
         146    9.85265        10.0921        10.0021        110.127       -11.6454        218.198       0.437257E+09    9.57168       0.957168        15.1100       0.429242E+09   0.704697E+07    967375.        701888.       -41.2856        84.6373        14.5393               0           0        3056
         147    10.1235        9.99186        10.3717        201.500        100.965        54.2566       0.150770E+09    7.67864       0.767864        11.7700       0.150647E+09    123377.        0.00000        0.00000        148.411        14.4272        273.402               1           1        3050
         148    10.1315        9.92672        10.1139        94.0243        155.831        153.836       0.172588E+09    7.74447       0.774447        9.75000       0.172429E+09    159712.        0.00000        0.00000        153.979       -31.1936        92.8664               1           1        3044
         149    10.1925        9.84054        10.0489        247.248        40.6103       -17.9540       0.225313E+09    8.69765       0.869765        12.3100       0.225222E+09    91065.6        0.00000        0.00000        196.700       -91.5497        47.3436               1           1        3029
         150    10.0654        9.73806        10.0018        94.9314       -18.3616        109.865       0.179120E+09    8.42381       0.842381        10.7000       0.179080E+09    40280.6        0.00000        0.00000        107.707       -163.322        14.3292               1           1        3017
         151    10.0315        10.2053        10.0729       -8.10131        17.5164        22.7839       0.302131E+09    7.67724       0.767724        9.79000       0.282753E+09   0.191904E+08    187405.        84927.7        83.9789        163.938        64.1310               0           1        2974
         152    9.92583        10.0158        9.94181        399.919        78.2772       -13.3274       0.952248E+09    9.06953       0.906953        15.8000       0.879940E+09   0.711359E+08   0.117155E+07    769588.        9.96597        31.2216       -27.6778               0           0        2961
         153    10.2395        9.84866        9.98013        155.649        149.872       -27.9508       0.116628E+09    6.34867       0.634867        8.48000       0.116560E+09    68591.1        0.00000        0.00000        229.617       -85.8629      -0.840420               1           1        2929
         154    10.3016        10.0855        10.1198        111.488        138.634       -13.4123       0.273060E+09    9.28874       0.928874        13.8300       0.272943E+09    95487.9        22162.1        10737.7        273.157        80.0360        96.9844               0           1        2919
         155    9.85250        9.68280        9.87370        61.5022        89.7421        16.3989       0.184543E+09    8.30265       0.830265        12.9800       0.184318E+09    29008.6        196666.        408776.       -41.3907       -202.023       -75.3786               0           1        2857
         156    10.0173        10.2286        9.91697        62.5938       -25.9437        2.04403       0.183711E+09    7.90205       0.790205        11.7900       0.183569E+09    84458.9        56933.3        44903.5        74.0340        180.207       -45.0745               0           1        2819
         157    10.1918        10.1244        10.1089        54.2368        204.622       -52.4395       0.133332E+09    7.31586       0.731586        11.0000       0.133021E+09    310529.        0.00000        0.00000        196.231        107.245        89.3436               1           1        2811
         158    10.1428        10.0587        10.0881        32.3184        127.805        32.7485       0.302396E+09    9.03311       0.903311        12.6900       0.301626E+09    711510.        59104.7        115475.        161.907        61.2596        74.7973               0           1        2799
         159    9.93215        9.94400        9.96164        430.564        168.986       -117.807       0.136486E+10    8.36078       0.836078        13.1900       0.128059E+10   0.715679E+08   0.127039E+08   0.231993E+07    14.3922       -19.0915       -13.7899               0           0        2773
         160    9.84386        10.0400        10.1959        127.603        107.629        117.413       0.138279E+09    7.58689       0.758689        11.4100       0.138010E+09    83286.0        185754.        682080.       -47.4417        48.1420        150.295               0           1        2753
         161    9.86571        9.96900        9.95308        125.359       -37.8081        23.6704       0.373193E+09    6.24922       0.624922        9.66000       0.356247E+09   0.564094E+07   0.113054E+08   0.892138E+07   -32.1390       -1.58279       -19.7849               0           0        2667
         162    10.0883        10.0192        10.1707        94.8053        171.709       -9.70230       0.144970E+09    7.37188       0.737188        10.3500       0.143414E+09   0.154008E+07    16573.6        34653.3        123.766        33.5467        132.590               0           1        2653
         164    10.0892        10.2077        10.1617        84.0699        27.7103        260.113       0.198296E+09    8.40000       0.840000        10.7900       0.194211E+09   0.408464E+07    0.00000        0.00000        124.403        165.612        126.308               1           1        2577
         165    9.91321        10.0453        9.96279       -43.3995        299.679        30.1784       0.364088E+09    6.72826       0.672826        10.2900       0.346021E+09   0.172783E+08    789092.        159309.        1.12756        51.8819       -12.9845               0           0        2560
         166    9.80784        10.3396        9.82879        54.7850        179.762        6.07421       0.143647E+09    7.62191       0.762191        10.0900       0.143497E+09    150086.        0.00000        0.00000       -72.6683        257.960       -106.831               1           1        2557
         167    10.0444        9.82217        10.0092        104.352       -35.8423        20.0329       0.203925E+09    7.92376       0.792376        9.28000       0.203855E+09    70635.9        0.00000        0.00000        93.0274       -104.415        19.5047               1           1        2535
         168    10.3002        9.99145        9.97589        117.772        82.2192        79.6951       0.150659E+09    7.24372       0.724372        9.39000       0.150563E+09    95362.5        0.00000        0.00000        272.184        14.1401       -3.80990               1           1        2474
         169    10.3327        10.4095        10.0134        65.9750        141.086        243.045       0.275235E+09    9.29364       0.929364        11.7000       0.272777E+09   0.245892E+07    0.00000        0.00000        294.945        306.935        22.4742               1           1        2442
         170    9.81602        9.98893        9.90005       -14.4817        57.4936        3.88425       0.153729E+09    7.12396       0.712396        9.23000       0.153224E+09    396370.        108986.        180699.       -66.9394        12.3752       -56.9244               0           0        2405
         171    10.0006        10.0383        10.4245        170.270        49.0129        178.626       0.119865E+09    7.12116       0.712116        7.91000       0.119470E+09    394968.        0.00000        0.00000        62.3171        46.9444        310.339               1           1        2395
         172    10.0895        9.95403        10.0597        207.192       -93.4126        16.2488       0.148749E+09    7.04482       0.704482        9.00000       0.148402E+09    346806.        0.00000        0.00000        124.571       -12.0670        54.8584               1           1        2391
         173    10.4868        10.0581        9.97058        113.739        58.7960       -5.22573       0.192007E+09    8.66893       0.866893        10.9100       0.191966E+09    40464.2        0.00000        0.00000        402.862        60.8324       -7.52876               1           1        2383
         175    9.92303        10.0504        10.0589        351.384       -14.7065       -67.0954       0.300504E+09    8.24312       0.824312        10.9200       0.300046E+09    411128.        46738.9        33825.2        8.00500        55.4257        54.3191               0           0        2360
         176    9.94388        10.3516        9.96856        50.3295        160.558       -59.6038       0.154349E+09    7.69405       0.769405        10.0800       0.141335E+09   0.130143E+08    0.00000        0.00000        22.6073        266.364       -8.94346               1           1        2358
         177    10.1270        10.3127        10.0492        113.831        58.7703        270.984       0.147798E+09    7.55187       0.755187        10.1000       0.142499E+09   0.529921E+07    0.00000        0.00000        150.883        239.134        47.5187               1           1        2349
         179    10.1714        10.3782        10.1990        86.4184        60.8282       -5.67110       0.188428E+09    8.74807       0.874807        12.7500       0.188308E+09    120141.        0.00000        0.00000        181.923        285.021        152.424               1           1        2240
         180    9.88840        10.0737        9.93680       -25.8455        88.1306       -19.3722       0.214928E+09    7.34387       0.734387        11.6200       0.214580E+09    190260.        158426.        116777.       -16.2481        71.7368       -31.1866               0           0        2230
         181    9.85718        10.2324        9.91624        74.7817        48.4055       -22.2452       0.133942E+09    7.32006       0.732006        10.8000       0.133104E+09    818062.        19520.2        25151.3       -38.1130        182.910       -45.5858               0           1        2221
         182    9.79279        10.2892        9.81756        69.4311        131.700       -47.5260       0.158199E+09    8.08694       0.808694        10.6100       0.158046E+09    153258.        0.00000        0.00000       -83.2085        222.683       -114.696               1           1        2215
         183    10.5300        10.1780        10.1432        91.7044        72.8257        94.0314       0.167479E+09    8.11215       0.811215        11.3300       0.164447E+09   0.303160E+07    0.00000        0.00000        433.096        144.769        113.338               1           1        2188
         184    9.95055        9.82238        9.97778        224.875        64.9951       -30.4782       0.209388E+09    7.98119       0.798119        12.8700       0.209259E+09    92599.4        36550.2        56719.0        27.2786       -104.268       -2.48624               0           0        2162
         185    9.78297        10.0980        9.89140        187.716       -5.77972        100.674       0.145100E+09    7.58059       0.758059        11.5100       0.144744E+09    294348.        61880.7        76734.1       -90.0860        88.7413       -62.9824               0           1        2159
         186    10.1120        9.68120        10.0385        183.670        14.0036        65.2510       0.137532E+09    7.77038       0.777038        10.4500       0.137511E+09    14212.5        6914.96        14220.3        140.350       -203.143        40.0250               0           1        2142
         188    9.92334        10.0686        10.1058        170.127        106.990        334.632       0.185672E+09    7.14357       0.714357        9.16000       0.185565E+09    88671.6        18385.1        13472.5        8.22210        68.1720        87.1655               0           0        2101
         189    10.0416        10.2301        10.2657        33.6516        267.073       -37.5450       0.156730E+09    7.98539       0.798539        10.0000       0.154970E+09   0.176056E+07    0.00000        0.00000        91.0454        181.285        199.165               1           1        2071
         190    10.5803        10.1169        10.0344        107.448        70.3057        116.870       0.136374E+09    7.77599       0.777599        10.1600       0.136347E+09    27198.9        0.00000        0.00000        468.359        102.006        37.1816               1           1        2062
         191    10.1056        9.77330        10.0052        224.701      -0.695925        28.1133       0.133395E+09    7.48954       0.748954        9.28000       0.133271E+09    124173.        0.00000        0.00000        135.847       -138.641        16.7173               1           1        2048
         192    9.96673        10.1628        9.91996        72.2753       -52.4533        15.4645       0.418565E+09    7.62821       0.762821        11.4900       0.417686E+09    689558.        188767.        154486.        38.6103        134.131       -42.9805               0           1        2023
         193    9.97419        10.0935        10.3682        73.3189        62.0635        176.077       0.120712E+09    7.06163       0.706163        9.30000       0.120135E+09    576940.        0.00000        0.00000        43.8349        85.6388        270.958               1           1        2013
         194    9.94147        10.2530        10.1866        49.6859        126.588        254.777       0.165222E+09    7.89224       0.789224        10.4600       0.165113E+09    109823.        0.00000        0.00000        20.9194        197.309        143.747               1           1        1993
         196    9.89766        10.0145        10.3049        92.2055        23.2354        73.3382       0.117699E+09    6.64072       0.664072        10.5600       0.117641E+09    57896.1        0.00000        0.00000       -9.76287        30.3181        226.626               1           1        1970
         197    10.3407        10.2449        9.92505        142.324        8.85601        161.909       0.180039E+09    7.88734       0.788734        9.29000       0.179994E+09    44916.5        0.00000        0.00000        300.485        191.637       -39.4157               1           1        1962
         198    10.3785        10.1562        10.2217        130.925        171.604        12.5133       0.126048E+09    7.55257       0.755257        11.1000       0.125871E+09    67679.5        108803.        108147.        327.000        129.495        168.371               0           1        1946
         199    10.0256        9.96501        10.1152        246.871        137.046       -5.84309       0.134116E+09    7.17368       0.717369        11.9100       0.133853E+09    200194.        63651.7        121430.        79.8048       -4.37719        93.7418               0           0        1943
         200    10.0346        9.74025        10.0727        83.7111        8.95699        135.808       0.137602E+09    7.65763       0.765763        9.38000       0.137594E+09    8316.89        0.00000        0.00000        86.1430       -161.788        64.0190               1           1        1934
         201    9.94843        9.90454        9.77547        199.550        51.0802        26.5994       0.128521E+09    7.49585       0.749585        10.9700       0.128116E+09    279151.        126119.        314375.        25.7939       -46.7273       -144.174               0           1        1932
         202    10.2745        10.1220        10.0114        188.514        257.199        64.5241       0.143290E+09    7.19329       0.719329        10.3400       0.143164E+09    84003.9        41811.0        238310.        254.164        105.571        21.0945               0           1        1850
         203    10.3936        10.4098        10.2592        79.3845        139.370        239.019       0.124726E+09    7.35017       0.735017        9.14000       0.124541E+09    185304.        0.00000        0.00000        337.533        307.145        194.627               1           1        1816
         204    9.93366        9.87784        9.95649       -52.7092        223.900        132.404       0.181327E+09    7.22971       0.722971        10.1600       0.180826E+09    486641.        14917.7        4237.75        15.4497       -65.4267       -17.3967               0           0        1808
         205    9.78054        10.3488        9.75591        78.8822        124.415       -31.9147       0.136177E+09    7.62891       0.762891        11.0800       0.136097E+09    79628.3        0.00000        0.00000       -91.7878        264.431       -157.873               1           1        1807
         206    10.0823        10.1785        10.1234        163.169       -36.2960        220.660       0.177290E+09    7.17018       0.717018        8.24000       0.139922E+09   0.373680E+08    0.00000        0.00000        119.585        145.112        99.4847               1           1        1795
         207    9.86524        10.0513        10.1633        19.0359        122.918        222.826       0.144513E+09    7.29555       0.729555        11.4500       0.143081E+09    80808.7       0.135159E+07   0.198489E+07   -32.4682        56.0280        127.422               0           1        1756
         208    9.86506        9.87207        9.85789        166.606       -11.6967        19.5626       0.141795E+09    7.53367       0.753366        11.3300       0.141501E+09    180777.        113099.        135138.       -32.5943       -69.4677       -86.4512               0           0        1740
         209    10.2370        9.83073        9.92168        217.031        219.932       -23.9381       0.138432E+09    7.42161       0.742161        12.5300       0.138176E+09    53459.8        202472.        763289.        227.929       -98.4201       -41.7759               0           1        1712
         210    10.5353        10.1336        10.1311        74.3051        46.3200        92.9001       0.206136E+09    7.58479       0.758479        10.5500       0.205351E+09    773741.        11226.9        11788.4        436.843        113.709        104.912               0           1        1644
         211    10.1097        9.97259        10.2472        152.325        106.862        38.8691       0.196797E+09    7.68214       0.768214        12.3300       0.196622E+09    174652.        0.00000        0.00000        138.760       0.931465        186.230               1           1        1621
         212    9.73335        9.76420        9.91910        87.0980        241.839        71.2850       0.130514E+09    7.59039       0.759039        11.8500       0.130278E+09    214277.        21902.9        43240.3       -124.837       -145.014       -43.5828               0           1        1621
         214    10.1511        10.2820        10.1703        4.87550        259.433       -21.0095       0.149737E+09    7.80820       0.780820        10.6200       0.142499E+09   0.723796E+07    0.00000        0.00000        167.755        217.634        132.345               1           1        1611
         215    10.1203        10.4153        9.89311        187.314        49.6507        221.900       0.116913E+09    7.15548       0.715548        8.91000       0.116726E+09    186882.        0.00000        0.00000        146.184        310.948       -61.7848               1           1        1607
         217    10.4879        10.3865        9.90946        66.8061        209.645        229.355       0.193773E+09    8.47283       0.847283        9.14000       0.193712E+09    61222.4        0.00000        0.00000        403.604        290.806       -50.3341               1           1        1591
         218    10.0563        10.2498        10.3756        80.6931        51.2939        89.7793       0.168212E+09    8.00150       0.800150        11.4200       0.167856E+09    355390.        0.00000        0.00000        101.306        195.103        276.092               1           1        1588
         219    10.2817        10.2524        9.85568       -3.81327        176.064        82.5189       0.126380E+09    7.52526       0.752526        10.6000       0.126287E+09    67063.5        25939.9        43885.2        259.192        196.875       -87.9989               0           1        1578
         221    9.88627        10.3092        9.87439        60.4180        136.151       -55.1819       0.117246E+09    7.19119       0.719119        10.3000       0.117059E+09    126109.        60984.2        75687.3       -17.7399        236.683       -74.8954               0           1        1549
         222    10.0850        9.99900        10.2398        118.699        156.027       -3.06388       0.192009E+09    7.71015       0.771015        11.1300       0.191301E+09    708311.        0.00000        0.00000        121.476        19.4277        181.047               1           1        1534
         223    10.0923        10.5372        10.0631        55.0421        100.923        37.5466       0.117439E+09    7.41320       0.741320        8.86000       0.117308E+09    130860.        0.00000        0.00000        126.532        396.370        57.2606               1           1        1523
         224    9.84557        9.92743        10.2477        112.722        86.3580       -40.0028       0.125190E+09    7.64992       0.764992        11.2300       0.125040E+09    100028.        50204.5        249650.       -46.2441       -30.6963        186.538               0           1        1522
         226    10.2710        10.0716        10.3400        168.947        103.007       -93.9523       0.134194E+09    7.28504       0.728504        8.22000       0.134019E+09    175402.        0.00000        0.00000        251.713        70.2871        251.194               1           1        1517
         227    9.93285        9.99627        9.92161        138.791        128.684       -174.778       0.283542E+09    6.73737       0.673737        11.1500       0.251826E+09   0.316124E+08    104026.        80358.9        14.8824        17.5157       -41.8249               0           0        1481
         228    9.79982        10.0620        9.83295        120.685       -9.24783        54.7727       0.119445E+09    7.30815       0.730815        12.1000       0.118805E+09    381865.        258584.        288814.       -78.2851        63.5427       -103.918               0           1        1458
         229    9.98255        9.89636        10.3218        136.522        215.044        6.26457       0.115103E+09    7.36558       0.736558        9.61000       0.114980E+09    122798.        0.00000        0.00000        49.6898       -52.4562        238.462               1           1        1444
         230    10.3114        10.2250        10.1907        52.4693        132.657       -10.9843       0.118697E+09    7.32006       0.732006        10.5500       0.114398E+09   0.428961E+07    9398.76        13916.6        280.028        177.714        146.646               0           1        1413
         231    10.0491        9.96470        10.2688        246.110        82.6923        224.084       0.165580E+09    7.38099       0.738099        8.52000       0.165029E+09    550951.        0.00000        0.00000        96.2841       -4.59429        201.322               1           1        1381
         232    10.3702        10.2564        10.3044        61.0800        65.6601        158.177       0.378718E+09    7.00000       0.700000        10.2200       0.375951E+09   0.262242E+07    144417.        345940.        321.194        199.733        226.269               0           1        1357
         234    10.3211        10.3897        9.90176        30.5502        116.440        88.7990       0.110807E+09    7.17719       0.717719        10.5800       0.110158E+09    594588.        53776.9        76702.8        286.828        293.082       -55.7268               0           1        1281
         235    10.3671        10.5000        10.0415        130.774        47.3607        191.209       0.106520E+09    7.21010       0.721010        9.32000       0.105253E+09   0.126670E+07    0.00000        0.00000        318.988        370.324        42.1330               1           1        1251
         236    10.2828        9.94099        10.0157        199.956        57.3686        173.878       0.259382E+09    8.18289       0.818289        12.4400       0.259225E+09    98254.7        59099.9        109817.        259.949       -21.1996        24.0990               0           1        1225
         238    10.0465        10.1831        10.0686        143.408        33.2773        305.512       0.512361E+09    6.98179       0.698179        9.28000       0.453768E+09   0.585625E+08    30511.7        30972.6        94.5052        148.355        61.0985               0           1        1191
         241    9.82586        10.4484        9.85780        221.998        17.1739        117.431       0.138748E+09    7.23391       0.723392        9.16000       0.138675E+09    73463.2        0.00000        0.00000       -60.0480        334.172       -86.5142               1           1        1070
         243    9.97293        10.0369        10.2433        99.8262        50.2314        297.149       0.575429E+09    7.23391       0.723392        12.0600       0.575316E+09    53110.8        60144.9        60398.7        42.9524        45.9499        183.443               0           1         934
         246    9.89650        9.96771        9.98036        210.226       -29.5235        46.8647       0.228318E+11    6.68484       0.668484        12.8000       0.155272E+11   0.183972E+10   0.546486E+10   0.768149E+09   -10.5753       -2.48624      -0.679339               0           0         793
