#          i      x              y              z              v_x            v_y            v_z            Mvir           Rvir     Rs (Rockstar)       v_max           Mdm           Mgas           Mstars    Avg age of stars     xc             yc             zc      flag DM only  flag outside Rvir  Np bound
# (h^-1 comoving Mpc) (h^-1 comoving Mpc) (h^-1 comoving Mpc) (km/s)         (km/s)         (km/s)         (Msun)         (kpc)         (kpc)           (km/s)         (Msun)         (Msun)         (Msun)         (yrs)          (kpc)          (kpc)          (kpc)
           1    9.80386        9.85965        9.93548        141.575        116.991        53.9237       0.602809E+12    115.609        11.5609        158.640       0.525565E+12   0.487003E+11   0.285433E+11   0.546743E+10    0.00000        0.00000        0.00000               0           0     7448260
           2    9.41916        9.44356        9.76151        33.8061        37.7484        12.9995       0.215213E+12    87.2908        8.72908        272.130       0.178424E+12   0.129073E+08   0.367760E+11   0.162645E+11   -252.920       -273.558       -114.376               0           1     4407054
           3    9.85466        9.93760        9.93434        6.93535        138.391        41.2082       0.156764E+12    44.1207        4.41207        96.0800       0.130223E+12   0.207671E+11   0.577444E+10   0.114638E+10    33.3984        51.2481      -0.749491               0           0      610118
           4    10.0314        9.92271        9.94729        94.0364        224.371        117.266       0.723718E+11    42.4843        4.24843        56.3300       0.652961E+11   0.554892E+10   0.152677E+10   0.397328E+09    149.616        41.4587        7.76447               0           1      367378
           5    10.0841        10.1617        10.1863        55.2348        64.1085        188.997       0.194663E+11    37.2786        3.72786        45.7900       0.185847E+11   0.698060E+09   0.183551E+09   0.484389E+08    184.276        198.556        164.888               0           1      185996
           6    10.1106        9.91990        9.92909        200.467        177.927        21.3791       0.190372E+11    28.6036        2.86036        35.5600       0.181282E+11   0.644909E+09   0.264054E+09   0.704227E+08    201.659        39.6113       -4.20110               0           1      124646
           7    9.97557        9.92742        10.2493        150.571        97.0275        69.2313       0.118001E+11    29.1414        2.91414        40.6300       0.111936E+11   0.534358E+09   0.721491E+08   0.444547E+08    112.890        44.5553        206.314               0           1      109042
           8    9.89532        10.1294        9.90881       -3.98152        52.5630        92.9720       0.103125E+11    28.3143        2.83143        39.9600       0.956078E+10   0.677832E+09   0.738560E+08   0.411120E+08    60.1302        177.373       -17.5342               0           1      101043
           9    10.3108        10.2103        10.1790        65.7566        54.2662        150.612       0.133625E+11    32.4201        3.24201        38.3100       0.128426E+11   0.485646E+09   0.342018E+08   0.401427E+08    333.267        230.521        160.128               0           1       97860
          10    10.0993        10.3414        9.84150        167.332        31.5170        170.211       0.925984E+10    29.6825        2.96825        42.3700       0.869678E+10   0.524006E+09   0.390522E+08   0.340411E+08    194.223        316.713       -61.7870               0           1       73861
          11    10.0397        9.91786        9.98030        175.829        76.9258        38.9882       0.402624E+11    31.5247        3.15247        46.5700       0.336761E+11   0.517013E+10   0.141610E+10   0.368478E+09    155.066        38.2701        29.4668               0           1       70580
          12    9.88935        9.99957        10.0958        102.463        46.4024        292.935       0.760286E+10    24.9239        2.49239        32.5600       0.741330E+10   0.181687E+09   0.788211E+07   0.699402E+07    56.2053        91.9902        105.376               0           1       67381
          13    10.2811        10.1854        10.1846        84.9239        83.3408        191.192       0.710649E+10    23.7175        2.37175        32.4300       0.703670E+10   0.595086E+08   0.102809E+08   0.258146E+08    313.767        214.177        163.803               0           1       60242
          14    9.97108        9.92393        10.3674        163.950        179.328        1.71011       0.391585E+10    21.4065        2.14065        32.8600       0.359278E+10   0.279404E+09   0.436615E+08   0.369736E+08    109.939        42.2608        283.939               0           1       51552
          15    9.90305        10.2654        9.83336        184.687        104.067        71.5188       0.298227E+10    19.6301        1.96301        29.5900       0.297081E+10   0.415866E+07   0.729485E+07   0.820339E+07    65.2123        266.766       -67.1386               0           1       51046
          16    9.88847        9.88416        9.99690        311.437       -89.5830       -39.6075       0.103795E+11    22.4413        2.24413        32.7800       0.952155E+10   0.838879E+09   0.190844E+08   0.114944E+08    55.6267        16.1141        40.3805               0           0       45012
          17    10.1804        9.81863        9.92870        255.890        135.292        48.6328       0.283015E+10    18.8800        1.88800        28.8100       0.279414E+10   0.113077E+07   0.348857E+08   0.229722E+08    247.569       -26.9685       -4.45750               0           1       44490
          18    10.4383        10.1011        10.0342        105.198        32.9109        105.561       0.375997E+10    22.0048        2.20048        28.9100       0.372898E+10   0.276349E+08   0.335998E+07   0.621431E+07    417.118        158.754        64.8770               0           1       43895
          19    9.91169        10.2011        9.89419        71.7898      -0.247413        4.60828       0.533684E+10    22.7622        2.27622        26.6400       0.519239E+10   0.137440E+09   0.701389E+07   0.838675E+07    70.8927        224.473       -27.1460               0           1       38584
          20    10.0416        10.1655        10.1800        51.3193        103.056        206.538       0.493656E+10    19.4414        1.94414        28.9000       0.483888E+10   0.888633E+08   0.882081E+07   0.112648E+08    156.269        201.094        160.753               0           1       36557
          21    9.93284        10.1098        10.0749        21.4998        246.631       -67.4662       0.313267E+10    19.7353        1.97353        29.2700       0.292108E+10   0.206997E+09   0.459971E+07   0.469242E+07    84.7977        164.480        91.6483               0           1       31812
          22    9.84338        9.99531        10.2716        61.2609        27.0372        24.1825       0.274981E+10    18.9431        1.89431        26.9600       0.272148E+10   0.261880E+08   0.214006E+07   0.422932E+07    25.9824        89.1895        220.988               0           1       29961
          23    10.0195        10.0890        10.6044        199.214        47.0565       -38.2986       0.267614E+10    20.2711        2.02711        28.6300       0.267375E+10    825620.       0.156208E+07   0.286766E+07    141.798        150.812        439.748               0           1       28513
          24    10.0442        9.97059        10.1039        7.73054        319.027       -44.0592       0.407410E+10    20.6038        2.06038        28.6300       0.403107E+10   0.395610E+08   0.346902E+07   0.440078E+07    157.991        72.9373        110.714               0           1       27442
          25    9.81026        9.86435        9.94009        162.473        156.984       -83.9188       0.714959E+11    10.7578        1.07578        24.0200       0.437437E+11   0.812741E+10   0.196248E+11   0.337789E+10    4.20767        3.09001        3.03084               0           0       27151
          26    10.1097        9.78835        9.84566        213.850        238.192       -29.1106       0.238928E+10    16.6920        1.66920        26.9000       0.237228E+10   0.824421E+07   0.875512E+07   0.103171E+08    201.100       -46.8761       -59.0520               0           1       26474
          27    10.1067        9.86501        9.95806        144.663        238.837        70.0978       0.136200E+10    12.5152        1.25152        20.4800       0.134843E+10   0.911128E+07   0.446445E+07   0.544489E+07    199.095        3.52392        14.8452               0           1       22719
          28    9.85793        9.91203        9.92900        86.6677        257.255        2.92029       0.120508E+11    12.9484        1.29485        29.6900       0.746758E+10   0.403031E+10   0.552954E+09   0.157065E+09    35.5482        34.4372       -4.26027               0           0       21565
          30    9.87437        9.94865        9.99371        185.283        112.261        103.373       0.532827E+10    15.5480        1.55480        26.9700       0.449422E+10   0.805300E+09   0.287483E+08   0.256614E+08    46.3567        58.5129        38.2832               0           0       20981
          31    9.83883        9.63060        9.86568        62.7186        49.9049        5.79760       0.114450E+10    14.5079        1.45079        20.8400       0.114257E+10    446643.       0.148179E+07   0.307644E+07    22.9910       -150.589       -45.8899               0           1       20931
          32    10.0312        9.76098        10.0187       -13.9210        65.2581        10.8513       0.148611E+10    15.0188        1.50188        20.3100       0.148519E+10    336182.        590235.        874456.        149.491       -64.8704        54.7326               0           1       20837
          33    9.85035        9.77232        10.0026       -47.7989        176.053       -10.2421       0.137830E+10    14.1641        1.41641        20.0900       0.137553E+10   0.253073E+07    244463.        361406.        30.5648       -57.4150        44.1082               0           0       20546
          34    10.0730        9.78923        9.85908       -12.4677        58.2166        61.9933       0.168770E+10    14.4731        1.44731        19.9400       0.167367E+10   0.139070E+08    126772.        111881.        176.919       -46.2975       -50.2291               0           1       20446
          35    10.0696        10.5176        10.0868        64.3861        177.093       -7.36146       0.195119E+10    17.7084        1.77084        25.5100       0.194918E+10    729074.       0.128382E+07   0.219602E+07    174.684        432.581        99.4983               0           1       19466
          36    9.79313        10.2618        9.80945        49.5661        147.173       -61.7043       0.947805E+09    13.7657        1.37657        18.5600       0.946861E+09    847138.        97053.7        146885.       -7.05442        264.399       -82.8582               0           1       18938
          37    10.2265        10.1724        10.1559        53.4944        116.762        18.4002       0.161777E+10    15.2521        1.52521        22.1500       0.159451E+10   0.215974E+08   0.166153E+07   0.266707E+07    277.890        205.650        144.902               0           1       18624
          38    9.72883        10.0504        10.0060        253.086        111.536       -16.0459       0.105735E+10    13.8183        1.38183        30.1000       0.964901E+09   0.255337E+08   0.669123E+08   0.809252E+08   -49.3284        125.435        46.3896               0           1       18470
          39    9.91813        10.1741        9.89941        27.8207      -0.316595       0.655558       0.276212E+10    16.7137        1.67137        22.3500       0.271974E+10   0.399877E+08   0.238692E+07   0.571240E+07    75.1266        206.715       -23.7142               0           1       18319
          40    9.98966        9.86095        10.1363        54.1969       -3.36168        121.830       0.120469E+10    14.7834        1.47834        20.6000       0.119603E+10   0.767574E+07    990427.       0.394559E+07    122.154       0.854683        132.035               0           1       17166
          41    9.97998        9.95154        10.0066       -8.28866        66.3298        115.833       0.158743E+10    12.5671        1.25671        21.8500       0.158230E+10   0.369232E+07   0.144156E+07   0.296622E+07    115.790        60.4129        46.7249               0           1       16459
          42    9.84912        10.0205        10.0221        78.3333        284.979        128.769       0.212729E+10    15.2331        1.52331        24.4400       0.207248E+10   0.470455E+08   0.775656E+07   0.985045E+07    29.7561        105.724        56.9153               0           1       16238
          43    9.63450        10.2173        9.73193        64.7350        81.3145        29.0724       0.127358E+10    15.5427        1.55427        26.6200       0.126503E+10   0.225119E+07   0.629989E+07   0.762028E+07   -111.345        235.169       -133.824               0           1       15457
          44    10.2354        10.2852        10.0362        85.2424        200.197        125.054       0.220445E+09    8.22008       0.822008        12.4900       0.213832E+09   0.661326E+07    0.00000        0.00000        283.722        279.744        66.2379               1           1       14915
          45    9.89721        10.1127        9.99976        33.7562        160.085        290.023       0.142445E+10    13.5796        1.35796        17.2800       0.113459E+10   0.289448E+09    411085.        318338.        61.3728        166.361        42.2608               0           1       14384
          46    9.95414        9.92529        9.97624        3.41060        331.392        189.328       0.166829E+10    11.3745        1.13745        18.4100       0.155985E+10   0.103327E+09   0.511109E+07   0.461058E+07    98.8014        43.1549        26.7976               0           0       14372
          47    9.96452        10.0074        10.1180        141.181        170.798       -82.6431       0.122400E+10    13.1227        1.31227        20.6100       0.108412E+10   0.136232E+09   0.364300E+07   0.860431E+07    105.626        97.1380        119.997               0           1       14364
          48    9.75104        9.96144        9.90842        166.008        275.582        83.3637       0.125314E+10    12.1161        1.21161        19.0200       0.124608E+10   0.585488E+07   0.120231E+07   0.171633E+07   -34.7264        66.9217       -17.7906               0           0       14016
          49    9.94349        9.73330        9.97360       -35.2198        128.132        1.18441       0.981098E+09    13.0017        1.30017        18.2300       0.979288E+09   0.149458E+07    315758.        515677.        91.7995       -83.0686        25.0619               0           1       13635
          50    9.97060        9.94892        10.0213        200.495       -119.005        59.2434       0.118216E+10    11.3482        1.13482        15.6900       0.117725E+10   0.367062E+07   0.123768E+07    908961.        109.623        58.6904        56.4354               0           1       13395
          51    9.94762        10.0287        10.0586        17.5599        114.884        50.7524       0.112725E+10    13.3633        1.33633        22.0400       0.111488E+10   0.959314E+07   0.277642E+07   0.232076E+07    94.5148        111.148        80.9122               0           1       12793
          52    10.2778        10.2525        10.0778        120.764        191.858        124.896       0.314906E+09    8.62244       0.862244        12.1200       0.270033E+09   0.447811E+08    92369.9        87858.3        311.571        258.252        93.5549               0           1       12512
          53    9.80487        9.86565        9.93345        58.5093        100.035       -98.8757       0.549048E+11    8.20430       0.820430        17.5800       0.315989E+11   0.541391E+10   0.178920E+11   0.315087E+10   0.664023        3.94469       -1.33462               0           0       11922
          54    10.0162        9.91207        9.95968       -56.6143        200.596        157.965       0.286541E+10    9.71249       0.971249        18.8200       0.208040E+10   0.761429E+09   0.235854E+08   0.515507E+07    139.576        34.4634        15.9103               0           1       11808
          55    9.73169        10.2358        9.74361        57.1651        160.201       -36.7509       0.755530E+09    12.8393        1.28393        20.0800       0.754396E+09    729945.        404357.       0.121231E+07   -47.4481        247.326       -126.145               0           1       11533
          56    9.95715        9.85958        9.96052        209.640        156.804       -28.3013       0.128879E+10    12.0379        1.20379        20.2200       0.128067E+10   0.291534E+07   0.520860E+07   0.558172E+07    100.780      -0.460214E-01    16.4625               0           0       11309
          57    9.99016        9.89487        10.3459        186.492        68.7034        149.144       0.456537E+09    10.0892        1.00892        14.4100       0.455597E+09    896700.        43494.7        36340.5        122.483        23.1553        269.797               0           1       11013
          58    10.0724        9.94433        10.1702        152.462        105.764        44.4838       0.906347E+09    12.9044        1.29044        21.0800       0.902465E+09    867568.       0.301469E+07   0.502233E+07    176.531        55.6727        154.297               0           1       10760
          59    9.81845        9.96709        9.88274       -3.63579        215.247       -38.0346       0.137994E+10    12.1819        1.21819        20.1000       0.136580E+10   0.127864E+08   0.135043E+07   0.172941E+07    9.59217        70.6363       -34.6738               0           0       10717
          60    9.83919        9.95000        10.0059       -50.3993        51.3034        163.550       0.196213E+10    12.0537        1.20537        20.5700       0.178051E+10   0.180351E+09   0.127210E+07   0.170127E+07    23.2277        59.4005        46.2844               0           0       10569
          61    9.72475        9.79032        9.79389        87.7462        13.6974        26.0981       0.186527E+09    7.99655       0.799655        15.1800       0.165528E+09    107100.       0.208912E+08   0.299144E+08   -52.0107       -45.5809       -93.0881               0           1       10310
          62    9.86734        10.0069        9.91809        377.787        57.8709       -70.3271       0.203238E+10    13.7315        1.37315        19.1500       0.196283E+10   0.679927E+08   0.156107E+07   0.116152E+07    41.7348        96.8290       -11.4330               0           0       10024
          63    9.68532        9.91491        9.94893        296.645        186.124        227.607       0.198288E+10    15.5335        1.55335        21.7100       0.190620E+10   0.762180E+08    461814.        490469.       -77.9339        36.3306        8.84268               0           0        9982
          65    10.0793        10.0295        10.2162        162.498        141.747       -2.13205       0.816169E+09    12.3397        1.23396        17.5200       0.815669E+09    499899.        0.00000        0.00000        181.088        111.648        184.546               1           1        9518
          66    10.2410        10.2677        9.82367        151.336       -10.2832        126.794       0.940386E+09    13.7874        1.37874        16.7600       0.931564E+09   0.880630E+07    16468.1        30080.6        287.371        268.285       -73.5093               0           1        9343
          67    9.80399        9.85940        9.94430        234.988        144.451        109.928       0.450691E+11    7.31017       0.731017        14.6200       0.214800E+11   0.937130E+10   0.142178E+11   0.245958E+10   0.854683E-01  -0.164362        5.79870               0           0        9339
          68    10.0896        9.94594        9.95522        70.4570        94.4585        43.6696       0.771558E+09    9.40809       0.940809        16.6800       0.763876E+09   0.710840E+07    573946.        837005.        187.840        56.7312        12.9780               0           1        9268
          69    9.96321        10.0943        10.0088        106.170        44.6755        291.801       0.107279E+10    13.1575        1.31575        17.0100       0.927490E+09   0.145274E+09    28045.4        51822.3        104.764        154.257        48.1844               0           1        9253
          70    9.89922        10.0802        9.87104        29.6482       -5.12383        27.0146       0.102759E+10    12.5823        1.25822        18.2500       0.102609E+10   0.129766E+07    201885.        319313.        62.6943        144.974       -42.3660               0           1        9225
          71    10.1136        9.91282        9.89049        263.863        20.6475        152.929       0.705461E+09    8.63296       0.863296        13.4800       0.695952E+09   0.886370E+07    645229.        370261.        203.632        34.9565       -29.5786               0           1        9165
          72    10.2065        10.1646        9.72715        79.9349        172.955        260.797       0.131685E+10    15.6972        1.56972        20.7400       0.131566E+10   0.119045E+07    0.00000        0.00000        264.702        200.502       -136.966               1           1        9155
          73    9.97931        9.76639        9.96060        79.2470        142.475        109.600       0.536740E+09    9.44359       0.944359        12.9100       0.535410E+09   0.113368E+07    195785.        228338.        115.349       -61.3136        16.5151               0           1        8978
          74    10.3001        10.2622        9.92562        37.1510        138.809        10.7718       0.669229E+09    12.0609        1.20609        17.5600       0.662944E+09   0.576393E+07    521343.        997406.        326.246        264.643       -6.48244               0           1        8879
          75    10.0354        10.0276        10.1736        239.178        163.756        94.2129       0.801149E+09    11.9866        1.19866        17.1400       0.731865E+09   0.690607E+08    222969.        791743.        152.219        110.405        156.578               0           1        8544
          76    10.1476        9.88552        9.93002        110.221        46.7390        61.4101       0.105529E+10    10.8887        1.08887        17.0400       0.104680E+10   0.779634E+07    699163.       0.101918E+07    225.978        17.0082       -3.58967               0           1        8495
          77    9.77219        9.77205        9.94574       -15.7448        255.052        56.5568       0.923617E+09    10.9754        1.09754        16.1600       0.919096E+09   0.406178E+07    458714.        830755.       -20.8214       -57.5925        6.74542               0           0        8320
          78    9.72604        9.93644        10.0702        276.160        1.83872       -109.265       0.860359E+09    13.0070        1.30070        15.9800       0.855408E+09   0.488042E+07    69735.7        146665.       -51.1626        50.4855        88.5912               0           0        8185
          79    10.1519        10.3754        9.86420        166.948        52.1867        184.684       0.739398E+09    12.0339        1.20339        16.1000       0.737186E+09   0.214515E+07    67273.3        70356.1        228.838        339.059       -46.8629               0           1        7871
          80    10.2015        10.2453        10.1012        39.3876        93.5608        43.9381       0.672010E+09    12.1990        1.21990        17.2600       0.657457E+09   0.141400E+08    413795.        708615.        261.408        253.565        108.933               0           1        7821
          81    9.90320        10.1407        9.90339       -32.2322        31.6049        23.6327       0.380182E+10    11.1694        1.11694        17.5800       0.354638E+10   0.192325E+09   0.631137E+08   0.315427E+08    65.3109        184.802       -21.0975               0           1        7786
          82    9.80527        9.86071        9.94343        240.984        195.010        68.4646       0.358279E+11    6.19711       0.619711        11.0400       0.169562E+11   0.595334E+10   0.129184E+11   0.217136E+10   0.927002       0.696895        5.22672               0           0        7724
          83    9.99548        9.83569        10.0560        287.484       -29.4513        8.96865       0.259238E+09    8.45545       0.845545        12.2600       0.258809E+09    429080.        0.00000        0.00000        125.980       -15.7525        79.2160               1           1        7433
          84    9.92879        9.83398        10.2175        90.1656        17.8672        176.262       0.555217E+09    10.9465        1.09465        14.4300       0.554615E+09    581723.        20910.1        27985.7        82.1350       -16.8767        185.394               0           1        7387
          85    10.0325        10.2088        9.88665        237.313        142.258        41.2987       0.184807E+09    7.37329       0.737329        11.8200       0.181574E+09   0.314044E+07    92527.2        317478.        150.319        229.522       -32.1032               0           1        7273
          86    10.1590        10.1371        10.1553        34.1372        60.5017        193.599       0.462396E+09    10.3193        1.03193        17.4100       0.459505E+09   0.254987E+07    341315.        733913.        233.480        182.403        144.547               0           1        7058
          87    9.90361        9.95081        10.3126        153.385        33.8438        186.996       0.164426E+09    7.46073       0.746073        10.9500       0.164364E+09    61950.9        0.00000        0.00000        65.5805        59.9330        247.963               1           1        6917
          88    9.91239        9.93424        9.91473       -13.3322        171.667        87.9780       0.177624E+10    10.7276        1.07276        19.5700       0.153109E+10   0.239367E+09   0.578510E+07   0.472773E+07    71.3529        49.0391       -13.6421               0           0        6865
          89    9.73195        9.73784        9.95905        68.5748        26.9060        12.1998       0.385795E+09    9.32262       0.932262        15.0100       0.383516E+09    265271.       0.201349E+07   0.295333E+07   -47.2771       -80.0838        15.4961               0           0        6804
          90    9.99566        9.89688        10.2330        128.106        119.331        22.7318       0.268142E+09    7.46270       0.746270        11.0200       0.268038E+09    104817.        0.00000        0.00000        126.099        24.4768        195.597               1           1        6792
          91    9.95668        9.95629        10.3024        155.380        186.014        21.9288       0.283059E+09    8.31278       0.831278        12.6100       0.273442E+09   0.945381E+07    163596.        140289.        100.471        63.5358        241.251               0           1        6724
          92    9.99009        9.88500        9.92701        140.441       -123.232        178.177       0.610307E+09    9.08068       0.908068        12.1000       0.607825E+09   0.163084E+07    851748.        717438.        122.437        16.6663       -5.56859               0           1        6682
          93    10.0716        9.83870        10.0014       -51.5448        76.3946        30.2604       0.340419E+09    8.67766       0.867766        12.6800       0.340285E+09    105241.        29495.6        45550.1        176.045       -13.7735        43.3259               0           1        6574
          94    9.77160        9.87622        9.98247        105.569        160.994        38.5179       0.583247E+09    7.71056       0.771056        12.5300       0.576897E+09   0.241636E+07   0.393410E+07   0.846014E+07   -21.2093        10.8939        30.8935               0           0        6539
          95    9.88820        10.1739        9.92877       -28.9774        88.8226        32.1939       0.514973E+09    10.3759        1.03758        16.6100       0.500492E+09   0.142837E+08    197707.        354813.        55.4492        206.603       -4.41148               0           1        6221
          97    9.94485        9.90705        10.1063        210.896        82.9340        71.9547       0.263227E+09    8.39365       0.839365        16.1800       0.262218E+09    186306.        822596.       0.282435E+07    92.6937        31.1631        112.332               0           1        6073
          98    10.2419        10.1614        10.1809        72.4208        100.283        209.258       0.610953E+09    10.5724        1.05724        14.9600       0.609403E+09   0.142780E+07    122312.        323608.        288.015        198.398        161.344               0           1        6009
          99    9.96889        10.1316        9.81284        141.358        92.6548        149.962       0.205128E+09    7.41339       0.741339        10.6000       0.204853E+09    275800.        0.00000        0.00000        108.499        178.773       -80.6295               1           1        5934
         100    10.1133        10.1730        10.0318        167.108        52.2308       -50.0264       0.349013E+09    9.05175       0.905175        15.5900       0.278846E+09   0.698156E+08    351308.        484347.        203.441        205.998        63.3517               0           1        5791
         101    9.90791        10.0042        10.0156        82.7924        68.1349        346.558       0.132321E+10    12.2575        1.22575        14.7300       0.111023E+10   0.212502E+09    471039.        312049.        68.4075        95.0605        52.6682               0           1        5738
         102    9.94323        10.2125        9.90865        173.203        37.9897        110.041       0.310401E+09    8.44098       0.844098        14.7600       0.273857E+09   0.362081E+08    335541.        620438.        91.6286        232.007       -17.6393               0           1        5705
         103    10.0707        9.96189        9.99332        124.304       -103.044        94.2253       0.616038E+09    9.09120       0.909120        12.6900       0.609735E+09   0.538264E+07    919448.        524586.        175.447        67.2175        38.0268               0           1        5702
         104    10.2865        10.0990        10.2613        145.354        183.808        3.03351       0.434352E+09    10.6822        1.06822        16.5500       0.432485E+09   0.114578E+07    721785.       0.121862E+07    317.331        157.347        214.236               0           1        5581
         105    9.88544        10.0063        10.2388        174.293        102.584        27.5093       0.413028E+09    9.94260       0.994259        15.3500       0.411950E+09    895881.        182064.        366105.        53.6346        96.4411        199.404               0           1        5476
         106    9.81030        9.96336        9.94433        308.203        267.531        61.5192       0.150328E+10    10.2786        1.02785        18.1700       0.142733E+10   0.735374E+08   0.241273E+07   0.127878E+07    4.23397        68.1840        5.81842               0           0        5425
         107    9.81622        9.78635        9.97444        8.22139        258.219       -12.0289       0.437034E+09    7.73225       0.773225        11.5300       0.433067E+09   0.373798E+07    228999.        247184.        8.12606       -48.1910        25.6142               0           0        5275
         108    9.98973        9.92169        9.96122       -47.3479        203.717        127.400       0.143648E+10    8.88279       0.888279        15.3300       0.101338E+10   0.420711E+09   0.238957E+07    932101.        122.200        40.7881        16.9227               0           1        5238
         109    9.78356        9.80585        10.0456        132.359        81.8797        170.735       0.233983E+09    7.03141       0.703141        8.34000       0.232704E+09    791812.        486967.        738361.       -13.3462       -35.3707        72.4311               0           0        5234
         110    9.84513        10.0557        10.1521        144.156        74.6078        272.994       0.303498E+09    9.04518       0.904518        13.2600       0.299963E+09   0.349157E+07    43882.8        39443.9        27.1329        128.906        142.410               0           1        5229
         111    9.88897        9.96058        10.2883        155.615        29.5330        207.984       0.385555E+09    9.56522       0.956522        11.1700       0.385512E+09    43487.2        0.00000        0.00000        55.9554        66.3563        231.948               1           1        5107
         112    9.99263        10.0159        9.87800        179.639       -68.3192        204.652       0.536278E+09    10.6803        1.06803        15.5500       0.534911E+09    966370.        400638.        195809.        124.107        102.713       -37.7901               0           1        4949
         113    9.86014        9.88032        9.96873       -14.1967        280.356       -77.1480       0.817278E+09    8.19707       0.819707        11.2600       0.780008E+09   0.350963E+08   0.217411E+07    761523.        37.0012        13.5895        21.8602               0           0        4935
         114    10.1256        10.2073        9.93558        128.275        66.8662        175.466       0.119696E+09    6.53833       0.653833        10.0500       0.116394E+09   0.224681E+07   0.105559E+07   0.111951E+07    211.554        228.555       0.657448E-01           0           1        4906
         115    9.99893        10.2300        9.87298        166.908        48.2271        130.376       0.158868E+09    7.20169       0.720169        10.7800       0.156466E+09   0.240156E+07    0.00000        0.00000        128.248        243.473       -41.0905               1           1        4849
         116    9.94384        9.70428        10.0190        164.380       -69.9648        92.9765       0.373085E+09    9.66778       0.966778        12.6100       0.372625E+09    434889.        24404.2        47386.2        92.0296       -102.148        54.8838               0           1        4830
         117    9.80341        9.87729        9.90593        105.958       -148.875        194.321       0.268459E+10    8.63887       0.863887        14.7100       0.238844E+10   0.906187E+08   0.205528E+09   0.161808E+08  -0.295852        11.5974       -19.4276               0           0        4803
         118    9.96255        9.91233        9.95624        35.4387        299.485        228.063       0.103058E+10    8.83085       0.883085        14.7800       0.793724E+09   0.235190E+09   0.166602E+07    853961.        104.331        34.6344        13.6486               0           0        4768
         119    9.79173        9.81467        9.96846       -71.1862        220.485       -43.3417       0.937361E+09    9.11421       0.911421        13.2600       0.933899E+09   0.281925E+07    642858.        432469.       -7.97485       -29.5720        21.6827               0           0        4720
         120    10.1085        9.75675        10.0054        197.984        94.6310       -35.2932       0.126333E+09    6.42656       0.642656        8.79000       0.126287E+09    45721.2        0.00000        0.00000        200.292       -67.6514        45.9622               1           1        4704
         121    9.97148        10.1394        9.78515        140.499        99.1453        146.871       0.218839E+09    7.59287       0.759287        10.7900       0.218404E+09    384542.        50706.8        84478.5        110.202        183.908       -98.8342               0           1        4646
         122    9.82499        9.90349        9.90515        359.115        153.262       -130.696       0.187885E+10    9.33183       0.933183        15.9000       0.179565E+10   0.644134E+08   0.187848E+08   0.431375E+07    13.8919        28.8225       -19.9404               0           0        4616
         123    9.82851        9.85570        10.1924        161.140        143.776       -48.4392       0.344105E+09    9.88605       0.988605        15.5300       0.343693E+09    177525.        234356.        459127.        16.2061       -2.59692        168.931               0           1        4601
         124    10.1624        9.90421        9.90396        75.7197       -15.6130       -57.4278       0.281389E+09    7.43377       0.743377        10.4700       0.270864E+09   0.105033E+08    21556.5        23872.1        235.741        29.2959       -20.7228               0           1        4595
         125    10.2119        10.2528        10.0374        145.861        178.358        154.127       0.126343E+09    6.51860       0.651860        9.77000       0.123294E+09   0.304914E+07    0.00000        0.00000        268.278        258.443        67.0137               1           1        4540
         126    9.84079        9.97319        9.92106        29.1457        302.048        69.0327       0.558599E+09    7.24574       0.724574        11.7400       0.544141E+09   0.124700E+08   0.198817E+07    447137.        24.2796        74.6467       -9.48041               0           0        4418
         127    10.0626        9.94478        10.0034        196.018        70.7062        75.5130       0.565910E+09    8.60797       0.860797        14.4200       0.556111E+09   0.761417E+07   0.218472E+07   0.423108E+07    170.141        55.9686        44.6276               0           1        4417
         128    9.85322        9.68370        9.87587       -5.77772        80.4796       -6.53507       0.321878E+09    9.59546       0.959546        14.5700       0.321246E+09    275927.        355864.        642484.        32.4517       -115.678       -39.1905               0           1        4376
         129    10.1704        10.2437        10.0786        126.786        176.599        133.096       0.123186E+09    6.58566       0.658566        10.1700       0.123128E+09    41968.6        16367.1        26119.9        240.981        252.493        94.0809               0           1        4313
         130    10.0500        9.83151        9.98266        130.433        94.1687        197.543       0.267050E+09    7.64941       0.764941        11.0900       0.266707E+09    343010.        0.00000        0.00000        161.798       -18.5006        31.0184               1           1        4272
         131    9.81131        9.94579        10.0017       -40.2442        98.3155        146.568       0.703068E+09    9.24438       0.924438        17.0600       0.699359E+09   0.320154E+07    506935.        877345.        4.89799        56.6326        43.5560               0           0        4178
         132    10.1517        10.3766        9.82814        117.952        26.8353        173.732       0.543672E+09    11.1240        1.11240        15.8600       0.535327E+09   0.811403E+07    230779.        430450.        228.654        339.888       -70.5705               0           1        4078
         133    9.80714        10.2074        9.89811        50.6906        198.653       -73.9226       0.288110E+09    9.04321       0.904321        12.9800       0.287741E+09    283386.        85232.8        95170.3        2.15643        228.641       -24.5688               0           1        4046
         134    9.98929        10.0255        10.1677        277.957        249.689        118.903       0.329911E+09    9.06227       0.906227        12.6700       0.309274E+09   0.206368E+08    0.00000        0.00000        121.911        109.012        152.692               1           1        4039
         135    10.1547        10.2259        10.0543        169.525        196.862        5.44556       0.205190E+09    7.69215       0.769215        11.8700       0.177666E+09   0.274515E+08    72178.6        234002.        230.686        240.810        78.1115               0           1        4035
         136    10.0269        9.97672        10.1967        50.1436        30.1871        140.572       0.252556E+09    8.36669       0.836669        12.4100       0.251077E+09   0.147841E+07    0.00000        0.00000        146.644        76.9675        171.712               1           1        4025
         137    9.98916        9.78271        9.92322        117.087       -106.165        97.8497       0.243820E+09    7.95250       0.795250        11.0500       0.243429E+09    391665.        0.00000        0.00000        121.825       -50.5841       -8.06032               1           1        4014
         138    9.81425        9.63562        9.87116        40.8200        33.9470       -9.54360       0.238840E+09    8.24769       0.824769        13.2600       0.238440E+09    202837.        196901.        454082.        6.83089       -147.288       -42.2871               0           1        3888
         139    9.80736        9.87635        9.92251        207.624       -118.599        128.383       0.349409E+10    5.71783       0.571783        10.0100       0.266820E+10   0.287639E+09   0.538249E+09   0.572063E+08    2.30107        10.9794       -8.52711               0           0        3844
         140    10.3794        10.1158        10.3160        147.909        205.164        11.5512       0.238211E+09    8.76248       0.876247        14.5300       0.237360E+09    174186.        677256.        712392.        378.401        168.386        250.146               0           1        3835
         141    9.95477        9.90310        10.2137        143.716        175.003        31.9317       0.154537E+09    6.96106       0.696107        10.3700       0.154305E+09    232882.        0.00000        0.00000        99.2156        28.5661        182.948               1           1        3821
         142    9.76836        9.95932        10.0859        74.4148        115.042        184.701       0.217415E+09    7.85783       0.785783        11.7700       0.217074E+09    154942.        185986.        754067.       -23.3394        65.5279        98.9197               0           1        3797
         143    9.86307        10.1234        10.0116        32.6030        233.990       -86.7785       0.298521E+09    8.59877       0.859877        13.1800       0.291399E+09   0.703812E+07    83050.4        95464.9        38.9275        173.389        50.0647               0           1        3787
         144    10.0480        10.0515        9.94055        1.50098        155.311        109.314       0.288094E+09    8.77431       0.877431        14.7800       0.275686E+09   0.123057E+08    101957.        234924.        160.536        126.099        3.33326               0           1        3677
         146    9.91459        9.95333        9.92176       -11.6790        248.242        58.6268       0.820342E+09    8.45873       0.845873        14.9200       0.751573E+09   0.523488E+08   0.164202E+08   0.939702E+07    72.7993        61.5898       -9.02019               0           0        3648
         147    10.1743        10.2949        10.0533        108.818        34.2385        220.405       0.310716E+09    9.32525       0.932525        12.5800       0.303704E+09   0.701237E+07    0.00000        0.00000        243.552        286.174        77.4869               1           1        3630
         148    9.79236        10.0898        9.95640        253.703        82.6932        45.1906       0.137766E+09    7.08138       0.708138        13.4300       0.136762E+09    411469.        592127.       0.241305E+07   -7.56066        151.338        13.7538               0           1        3550
         149    9.89212        9.93909        9.94720       -48.7892        136.848        79.2338       0.987916E+09    7.83153       0.783153        14.3500       0.865059E+09   0.975048E+08   0.253520E+08   0.124423E+08    58.0264        52.2277        7.70530               0           0        3492
         150    10.0362        10.1872        10.0450        13.0943        105.799        119.698       0.140596E+09    6.30756       0.630756        9.21000       0.134268E+09   0.632824E+07    0.00000        0.00000        152.752        215.334        72.0366               1           1        3488
         151    10.0056        9.80389        10.0155        2.49869        6.54423        102.655       0.157795E+09    7.04325       0.704325        9.49000       0.157713E+09    79984.6        2125.10        13062.6        132.627       -36.6593        52.6353               0           1        3449
         152    9.97683        10.0303        10.2999        159.875        100.993        130.183       0.321222E+09    7.96630       0.796630        13.5700       0.319251E+09   0.175232E+07    218616.        559407.        113.719        112.174        239.614               0           1        3431
         153    9.87382        10.1326        9.99827        58.3899        142.896        277.058       0.335852E+09    8.67635       0.867635        12.3500       0.307528E+09   0.283234E+08    0.00000        0.00000        45.9951        179.477        41.2812               1           1        3423
         154    10.0800        9.94213        9.92415        107.434        97.3017       -34.9229       0.457993E+09    7.53568       0.753568        12.4600       0.447117E+09   0.104257E+08    449501.        432537.        181.528        54.2264       -7.44889               0           1        3414
         155    9.85970        9.93967        9.96566       -21.9478        40.3674       -84.0540       0.827457E+09    6.97027       0.697027        12.1200       0.648647E+09   0.164351E+09   0.144581E+08   0.117606E+07    36.7119        52.6090        19.8418               0           0        3325
         157    9.78008        10.1959        9.83464        18.9807        212.504       -22.6292       0.157741E+09    7.60734       0.760734        10.3000       0.157547E+09    194160.        0.00000        0.00000       -15.6341        221.100       -66.2971               1           1        3295
         158    10.1020        9.96437        10.0479        80.1583        129.021        75.7186       0.344578E+09    8.79732       0.879732        13.1300       0.343527E+09   0.100402E+07    46562.4        122803.        196.012        68.8480        73.9169               0           1        3268
         159    9.88032        10.0059        10.2740        154.172        41.9526        229.868       0.144194E+09    6.83089       0.683089        8.15000       0.143995E+09    198669.        0.00000        0.00000        50.2685        96.1584        222.553               1           1        3231
         160    10.0600        10.1192        10.1735        79.9269        73.5606        150.044       0.155138E+09    6.74674       0.674674        10.8500       0.154803E+09    269892.        64659.3        84414.3        168.419        170.634        156.460               0           1        3196
         161    9.79276        9.89931        9.89651        16.0717        241.547        33.4401       0.850792E+09    8.14184       0.814184        16.7900       0.792644E+09   0.552880E+08   0.286071E+07   0.251019E+07   -7.29768        26.0744       -25.6208               0           0        3157
         162    9.96955        9.76377        9.96713        96.4073       -78.9435        150.757       0.272540E+09    7.31017       0.731017        10.4000       0.271779E+09    691752.        69181.7        47506.6        108.933       -63.0362        20.8082               0           1        3134
         164    9.86814        9.84951        9.88159        234.018        12.5230        55.1090       0.400243E+09    8.36472       0.836472        16.5000       0.390666E+09   0.736667E+07   0.220961E+07   0.482054E+07    42.2608       -6.66653       -35.4299               0           0        3081
         165    9.80191        10.0732        9.84548        35.6627        56.5125        193.356       0.275168E+09    9.08134       0.908134        15.0600       0.273358E+09    823300.        985821.        810680.       -1.28202        140.411       -59.1704               0           1        3069
         166    9.68289        9.90525        9.99824        254.244        177.086       -77.9796       0.320372E+09    8.93736       0.893736        15.2700       0.319500E+09    721767.        149881.        227865.       -79.5315        29.9797        41.2615               0           0        2962
         167    10.0544        9.77042        10.0088        246.155        35.1491       -40.0942       0.161159E+09    6.44563       0.644563        8.01000       0.161122E+09    37271.8        0.00000        0.00000        164.737       -58.6641        48.2173               1           1        2951
         168    9.97080        9.92732        10.3181        210.705        74.0630        93.0451       0.194784E+09    7.25889       0.725889        12.2700       0.184733E+09   0.100503E+08    0.00000        0.00000        109.754        44.4895        251.566               1           1        2925
         169    10.3523        10.3637        10.0382        86.0599        136.557        242.334       0.282403E+09    9.08462       0.908462        14.0000       0.277349E+09   0.488212E+07    171709.        442290.        360.604        331.413        67.5594               0           1        2914
         170    9.98019        10.0939        9.84315        34.2076        226.035        278.114       0.196361E+09    7.94592       0.794592        10.3200       0.196040E+09    321348.        0.00000        0.00000        115.928        154.014       -60.7022               1           1        2895
         171    9.67171        9.92099        10.0501        287.894        4.97881       -88.6579       0.318318E+09    9.27463       0.927463        13.5500       0.318170E+09    123343.        24639.1        62915.7       -86.8818        40.3279        75.3765               0           1        2876
         172    9.87124        9.93920        9.96338       -74.7261        71.4713       -143.951       0.183070E+10    8.26807       0.826807        13.4000       0.115738E+10   0.648040E+09   0.252746E+08   0.423979E+07    44.2989        52.3000        18.3428               0           0        2856
         173    10.0251        10.1742        9.95909        91.5964        63.9724        286.179       0.183990E+09    7.75263       0.775263        10.6700       0.175255E+09   0.872988E+07    4978.44        0.00000        145.421        206.787        15.5224               0           1        2855
         174    9.97068        9.69474        9.98972        200.981       -56.1424        67.9170       0.222676E+09    8.18261       0.818260        11.0100       0.222478E+09    191441.        6917.28        15760.5        109.676       -108.420        35.6600               0           1        2806
         175    9.90867        9.98999        9.92566        350.182        23.0175       -63.9304       0.111604E+10    10.8229        1.08229        15.2800       0.110208E+10   0.132478E+08    708155.        579614.        68.9072        85.6918       -6.45614               0           0        2767
         176    9.97079        10.0582        10.0329        118.902        19.0701        270.292       0.245194E+09    7.85585       0.785585        10.0300       0.214995E+09   0.301986E+08    0.00000        0.00000        109.748        130.523        64.0355               1           1        2757
         177    9.92767        9.80800        9.98434        259.042       -100.648        35.7405       0.206153E+09    7.08006       0.708006        10.8800       0.206017E+09    136939.        0.00000        0.00000        81.3987       -33.9572        32.1229               1           0        2756
         178    9.96540        9.95295        10.2315        138.075        188.504        52.2995       0.279472E+09    6.33583       0.633583        10.2100       0.209259E+09   0.702129E+08    0.00000        0.00000        106.204        61.3399        194.624               1           1        2705
         179    10.0114        9.90169        10.1635        113.954        146.076        28.9021       0.147110E+09    7.05968       0.705968        10.4900       0.147072E+09    21464.6        16591.1        38195.3        136.453        27.6391        149.938               0           1        2699
         180    9.97088        9.87320        9.81472        109.175        80.6160       -149.966       0.138430E+09    6.73556       0.673556        9.15000       0.136596E+09   0.183403E+07    0.00000        0.00000        109.807        8.90843       -79.3935               1           1        2665
         181    10.1121        10.3248        10.2005        74.8866        83.6560        2.34880       0.230256E+09    8.21153       0.821153        12.2000       0.230127E+09    128843.        0.00000        0.00000        202.685        305.845        174.263               1           1        2650
         182    9.74864        9.84675        9.91802       -6.55531        304.623        6.32798       0.485570E+09    6.76317       0.676317        10.3800       0.455930E+09   0.293354E+08    304191.        314081.       -36.3043       -8.48109       -11.4791               0           0        2624
         183    9.89104        10.1287        9.90980       -29.3419        51.5373        30.4807       0.250573E+10    6.65469       0.665469        12.4800       0.234030E+10   0.108123E+09   0.573117E+08   0.294291E+08    57.3164        176.906       -16.8833               0           1        2600
         184    9.95402        9.88795        9.98829        148.598       -138.295        48.7709       0.319351E+09    7.23719       0.723719        9.74000       0.310604E+09   0.871893E+07    27576.5        37454.9        98.7225        18.6058        34.7199               0           0        2597
         185    10.2061        9.98754        10.1268        146.711        126.609       -4.80758       0.236835E+09    8.84531       0.884531        14.2000       0.236778E+09    57383.2        0.00000        0.00000        264.426        84.0811        125.816               1           1        2588
         186    10.2973        10.2988        9.84473        34.4730        130.323        65.3266       0.116554E+09    6.81840       0.681840        10.5800       0.115895E+09    605442.        53868.8        84783.1        324.398        288.699       -59.6635               0           1        2574
         187    9.91684        9.96350        9.97582       -25.8014        208.260       -55.8617       0.425208E+09    7.24311       0.724311        11.7800       0.411118E+09   0.136530E+08    436251.        271978.        74.2785        68.2760        26.5215               0           0        2565
         189    9.89742        9.94338        10.0414       -29.4507        256.991        167.256       0.218920E+09    6.99854       0.699854        10.8700       0.214912E+09   0.371176E+07    295865.        253731.        61.5109        55.0482        69.6304               0           0        2529
         190    10.3033        10.2072        10.1703        116.550        52.3516        181.908       0.167337E+10    7.87295       0.787295        12.9300       0.162663E+10   0.278918E+08   0.188550E+08   0.744823E+07    328.356        228.476        154.356               0           1        2467
         191    9.92947        10.0458        10.2193        48.7690        69.9347        228.140       0.125630E+09    6.73951       0.673951        9.59000       0.124957E+09    673420.        0.00000        0.00000        82.5821        122.404        186.610               1           1        2452
         192    9.75538        10.1824        9.86369        30.9234        160.635       -76.9699       0.187546E+09    7.81904       0.781904        10.6100       0.187061E+09    485012.        0.00000        0.00000       -31.8731        212.218       -47.1982               1           1        2446
         193    10.1912        9.93943        9.92238        180.667        64.2861        64.1764       0.135940E+09    6.87691       0.687691        9.66000       0.135848E+09    91590.7        0.00000        0.00000        254.643        52.4512       -8.61258               1           1        2429
         194    10.0827        10.1494        10.0814        92.5380        42.7755        265.547       0.293927E+09    9.13393       0.913393        11.7200       0.292563E+09   0.133753E+07    25604.2        9586.21        183.316        190.502        95.9217               0           1        2411
         195    10.2174        10.0230        10.1738        154.739        132.288        18.9261       0.148667E+09    7.40090       0.740090        11.3300       0.148568E+09    99367.8        0.00000        0.00000        271.855        107.407        156.690               1           1        2383
         196    10.0460        10.2575        9.84674        108.922        89.5946        272.887       0.162935E+09    7.43246       0.743246        9.94000       0.158378E+09   0.455633E+07    0.00000        0.00000        159.181        261.553       -58.3420               1           1        2357
         197    10.3948        10.0221        9.98132        132.954        39.4744       -24.2041       0.175655E+09    7.99786       0.799786        10.7100       0.175588E+09    66836.2        0.00000        0.00000        388.499        106.822        30.1374               1           1        2342
         198    10.1078        9.90117        9.90087        268.950        16.9651        157.494       0.817868E+09    8.51988       0.851988        13.0000       0.805446E+09   0.115762E+08    846346.        942487.        199.845        27.2973       -22.7543               0           1        2306
         199    10.2822        10.2975        9.83387        69.6869        160.373        238.582       0.232690E+09    8.57181       0.857181        12.1400       0.231789E+09    900439.        0.00000        0.00000        314.458        287.897       -66.8033               1           1        2289
         200    9.80200        9.88026        9.78763        193.049        16.6212       -68.5038       0.206799E+09    7.58104       0.758104        11.6400       0.206183E+09    242662.        373628.        510092.       -1.22285        13.5500       -97.2038               0           0        2221
         201    10.0456        10.2437        9.67697        51.0791        116.258       -24.1500       0.115196E+09    6.69874       0.669874        8.94000       0.114481E+09    715100.        0.00000        0.00000        158.951        252.506       -169.957               1           1        2177
         202    10.4586        10.1287        10.0740        101.688        61.0062        92.9114       0.174215E+09    7.72042       0.772042        11.3200       0.172346E+09   0.186925E+07    0.00000        0.00000        430.445        176.893        91.0698               1           1        2158
         203    9.82447        9.99856        10.1840        246.263        1.47795       -97.0169       0.173485E+09    7.83613       0.783613        10.2900       0.171514E+09   0.197105E+07    0.00000        0.00000        13.5500        91.3262        163.415               1           1        2156
         204    9.78455        9.83116        9.99585        208.806       -96.4023        14.8801       0.427578E+09    7.75592       0.775592        13.8300       0.424254E+09   0.307983E+07    244462.        204228.       -12.6953       -18.7307        39.6902               0           0        2103
         205    9.67860        10.1904        9.85845        244.720       -10.5572        125.818       0.256059E+09    9.03663       0.903663        11.2800       0.255650E+09    408567.        0.00000        0.00000       -82.3520        217.445       -50.6433               1           1        2089
         206    9.81594        9.95003        9.83716        117.155        223.520        335.460       0.129165E+09    6.86442       0.686442        8.99000       0.127950E+09   0.119277E+07    22444.5        18342.7        7.94198        59.4202       -64.6403               0           0        2087
         207    10.2885        10.2411        9.94625        29.4820        150.128        31.2959       0.178245E+09    7.82364       0.782364        11.6900       0.177583E+09    644032.        17310.6        29004.5        318.600        250.784        7.08072               0           1        2079
         208    9.73251        10.2495        9.78889        49.2499        146.687       -58.3964       0.135392E+09    7.23193       0.723193        10.7700       0.135183E+09    203713.        5866.79        7358.39       -46.9089        256.326       -96.3754               0           1        2071
         209    9.97288        10.2325        9.92831        57.8729        17.0912       -26.6775       0.158958E+09    7.43246       0.743246        11.8500       0.157298E+09   0.166059E+07    0.00000        0.00000        111.122        245.143       -4.71391               1           1        2044
         210    10.1128        9.92261        9.96202        257.897        281.231        75.0992       0.298401E+09    6.83155       0.683155        10.7600       0.292563E+09   0.445191E+07   0.138591E+07    413280.        203.092        41.3930        17.4487               0           1        1991
         211    9.96821        9.75795        9.87953       -38.3143        113.931        79.3146       0.124480E+09    6.91570       0.691570        10.5300       0.124375E+09    105398.        0.00000        0.00000        108.052       -66.8625       -36.7842               1           1        1972
         212    10.0589        10.4552        10.0364        35.6213        121.270        34.0840       0.125949E+09    7.04653       0.704653        9.03000       0.125705E+09    243917.        0.00000        0.00000        167.669        391.524        66.3694               1           1        1967
         213    10.0264        10.0231        10.2829        13.2384        291.117       -5.18881       0.152635E+09    7.38315       0.738315        10.2400       0.149067E+09   0.356762E+07    0.00000        0.00000        146.315        107.473        228.398               1           1        1966
         216    10.4964        10.0716        9.95172        120.578        52.8775        106.139       0.139902E+09    7.40221       0.740221        10.5700       0.139839E+09    63063.3        0.00000        0.00000        455.309        139.359        10.6770               1           1        1924
         217    9.83955        9.91696        10.0829        221.436        123.828        234.875       0.189484E+09    6.95252       0.695252        10.7800       0.189140E+09    183079.        161808.        783670.        23.4643        37.6784        96.9079               0           0        1918
         218    9.83760        9.88104        10.0897        254.165        92.0939        79.2607       0.137617E+09    6.97882       0.697882        11.8700       0.137428E+09    117815.        71718.9        156567.        22.1823        14.0628        101.405               0           0        1900
         219    9.85423        10.1931        9.92627        24.1830        183.194       -82.2035       0.119608E+09    6.79999       0.679999        10.3200       0.118805E+09    742106.        61087.6        83630.9        33.1157        219.213       -6.05510               0           1        1867
         220    9.76195        9.90461        9.88493        89.6042       -61.5410       -114.308       0.353567E+09    7.33778       0.733778        12.7400       0.350843E+09   0.232370E+07    399757.        427056.       -27.5537        29.5589       -33.2340               0           0        1840
         221    10.2744        10.0332        10.2099        150.279        160.576        21.0012       0.124046E+09    7.12411       0.712411        11.6700       0.123876E+09    60578.4        108986.        119336.        309.376        114.074        180.424               0           1        1838
         222    10.3374        10.3024        10.0760        75.1931        151.677        255.904       0.136678E+09    7.06954       0.706954        9.11000       0.133354E+09   0.332441E+07    0.00000        0.00000        350.795        291.098        92.3649               1           1        1819
         223    9.90391        10.0049        10.0003        93.7818        56.0177        365.042       0.608679E+09    8.53697       0.853697        12.6800       0.534828E+09   0.736802E+08    171017.        137486.        65.7777        95.5075        42.5961               0           1        1810
         224    10.3833        10.3021        9.92103        95.7876        179.737       -52.9291       0.124008E+09    6.71058       0.671058        9.92000       0.123045E+09    951820.        11196.9        13189.2        380.978        290.888       -9.50013               0           1        1810
         225    9.91728        10.1405        9.98419        18.5982        187.232        291.558       0.193033E+09    7.15633       0.715633        10.0400       0.155385E+09   0.376404E+08    7557.92        9765.29        74.5678        184.644        32.0243               0           1        1806
         226    9.66475        10.0933        9.83079        135.587        17.3154        65.7747       0.132517E+09    7.22010       0.722010        11.8300       0.131940E+09    514974.        61995.4        84818.7       -91.4577        153.587       -68.8283               0           1        1800
         227    9.87098        9.94950        9.96081       -22.7561        174.011        335.390       0.841016E+09    6.88217       0.688217        12.9500       0.752573E+09   0.812218E+08   0.722097E+07   0.283728E+07    44.1279        59.0717        16.6532               0           0        1789
         228    9.84132        9.99803        9.95211       -100.806        247.648        44.2065       0.309782E+09    6.81182       0.681182        11.2500       0.302290E+09   0.687684E+07    614575.        588650.        24.6280        90.9777        10.9334               0           0        1786
         229    9.92202        10.1731        9.91499        42.9159       -15.3413       -25.8916       0.313516E+09    6.98802       0.698802        9.64000       0.311934E+09   0.155105E+07    30918.8        11269.2        77.6841        206.058       -13.4711               0           1        1778
         230    9.91655        10.2149        10.0162        25.5324        213.077       -65.0648       0.133952E+09    7.24245       0.724245        10.1900       0.132273E+09   0.167862E+07    0.00000        0.00000        74.0879        233.545        53.0824               1           1        1764
         231    10.1479        10.0785        10.1823        8.33505        285.642       -11.1065       0.185405E+09    7.45612       0.745612        10.4900       0.179246E+09   0.615866E+07    0.00000        0.00000        226.208        143.909        162.304               1           1        1760
         232    10.2292        10.2417        9.81344        157.134       0.181938        140.498       0.136904E+09    7.17802       0.717802        8.80000       0.136097E+09    806709.        0.00000        0.00000        279.639        251.152       -80.2350               1           1        1739
         233    9.79276        9.84738        10.0591        192.258        214.853       -107.911       0.144375E+09    6.96304       0.696304        11.0900       0.143580E+09    782612.        12472.1        5977.71       -7.29768       -8.06689        81.2475               0           0        1731
         234    10.4726        10.1072        10.0615        94.2060        25.9505        96.2822       0.186669E+09    7.23588       0.723588        10.4100       0.186063E+09    594602.        11249.6        13001.1        439.688        162.758        82.8319               0           1        1729
         235    9.77438        9.87269        10.2648        80.3211        61.9580       -6.39638       0.169273E+09    7.17276       0.717276        11.4900       0.169103E+09    119818.        50273.0        276147.       -19.3816        8.57313        216.504               0           1        1725
         236    10.0639        9.68585        9.94820        251.983        168.747       -45.7222       0.138732E+09    6.99591       0.699591        12.6400       0.138259E+09    264750.        208293.        869007.        170.996       -114.265        8.36274               0           1        1716
         237    9.99065        9.90929        10.2069        170.551        67.5324        68.7571       0.194184E+09    7.36342       0.736342        12.2800       0.193878E+09    305294.        0.00000        0.00000        122.805        32.6357        178.418               1           1        1678
         238    10.2497        10.2010        9.98437        59.2777        82.4669       -1.02921       0.126539E+09    6.80394       0.680394        9.38000       0.123128E+09   0.341116E+07    0.00000        0.00000        293.084        224.427        32.1427               1           1        1652
         239    9.86641        9.91967        10.0806        247.823        43.0075        298.889       0.286465E+09    7.13529       0.713529        11.4500       0.282753E+09   0.363953E+07    72078.4        48231.3        41.1234        39.4601        95.4155               0           0        1581
         240    10.1399        9.96944        10.1417        86.8642        209.771       -36.1047       0.115498E+09    6.65338       0.665338        10.8100       0.115396E+09    102370.        0.00000        0.00000        220.929        72.1813        135.559               1           1        1567
         241    9.91592        10.1846        9.91959        63.6700       -1.94109       -2.60404       0.238930E+09    6.88743       0.688743        11.3000       0.237775E+09   0.105435E+07    100595.        99248.5        73.6737        213.618       -10.4469               0           1        1557
         242    9.67881        9.59817        9.87165        63.6854        207.613        58.3520       0.125875E+09    7.21418       0.721418        11.9300       0.125788E+09    47375.5        39161.2        55057.9       -82.2139       -171.910       -41.9649               0           1        1527
         243    10.4386        10.2314        9.74347        67.9218        208.528        220.814       0.193858E+09    8.19181       0.819181        10.5000       0.193712E+09    146307.        0.00000        0.00000        417.302        244.426       -126.237               1           1        1501
         244    9.72955        10.0639        9.81499        70.0812        8.17565       -3.89893       0.119268E+09    6.37462       0.637462        11.2600       0.117558E+09   0.145177E+07    258990.        319461.       -48.8550        134.258       -79.2160               0           1        1501
         245    10.2693        10.1282        10.1995        61.6256        124.485       -9.56733       0.124628E+09    6.93082       0.693082        10.5700       0.124541E+09    77664.4        9414.86        15416.0        306.036        176.551        173.560               0           1        1500
         248    10.2803        10.1197        9.80711        7.23835        181.640        50.6996       0.117803E+09    7.11557       0.711557        10.8100       0.117724E+09    53689.9        25972.9        48670.8        313.228        171.002       -84.3967               0           1        1445
         249    9.95778        10.1911        9.95039        171.027        2.89163        244.807       0.136067E+09    6.68494       0.668494        8.28000       0.127534E+09   0.853249E+07    0.00000        0.00000        101.194        217.911        9.80256               1           1        1411
         250    10.3158        10.1892        10.1632        107.615        43.0483        142.908       0.162010E+09    6.62774       0.662774        10.7500       0.160706E+09   0.130393E+07    0.00000        0.00000        336.554        216.656        149.701               1           1        1410
         251    9.82015        10.1797        9.94239        27.0179        95.6041       -43.8696       0.121418E+09    6.93477       0.693477        11.1400       0.121132E+09    265917.        19564.6        27788.7        10.7098        210.384        4.54297               0           1        1405
         252    9.73608        9.99188        10.3575        48.5945        103.733        199.175       0.111783E+09    6.43050       0.643050        9.51000       0.111655E+09    128116.        0.00000        0.00000       -44.5619        86.9344        277.443               1           1        1392
         253    9.98261        10.3698        9.73476        183.794        69.8191        207.283       0.113029E+09    6.84930       0.684930        8.97000       0.112819E+09    210314.        0.00000        0.00000        117.519        335.424       -131.963               1           1        1340
         254    9.88603        9.74734        10.3056        125.597        188.012        36.7905       0.110125E+09    6.90847       0.690847        9.93000       0.110075E+09    49522.2        0.00000        0.00000        54.0225       -73.8380        243.361               1           1        1333
         256    9.67865        10.0456        10.0856        305.410        21.4478       -16.5174       0.161667E+09    7.49689       0.749689        11.1200       0.159376E+09   0.229046E+07    0.00000        0.00000       -82.3191        122.233        98.6830               1           1        1307
         258    10.0061        10.2062        10.2974        58.3883        67.9058        123.448       0.147708E+09    7.54488       0.754488        10.6300       0.147570E+09    137200.        0.00000        0.00000        132.969        227.819        237.944               1           1        1144
         263    9.66765        10.4316        9.77352        207.698        29.0194        110.071       0.141874E+09    7.44692       0.744692        9.73000       0.141584E+09    289428.        0.00000        0.00000       -89.5511        376.008       -106.480               1           1         979
         267    9.96694        10.0279        10.2960        171.820        153.363       -32.3679       0.292745E+09    7.45612       0.745612        11.4100       0.290817E+09   0.172251E+07    205188.        451000.        107.217        110.583        237.030               0           1         736
         270    9.85471        9.93758        9.93437       -8.90243        134.946        67.6345       0.191606E+11    8.10897       0.810897        19.1900       0.139544E+11   0.134202E+10   0.386417E+10   0.675722E+09    33.4313        51.2350      -0.729768               0           0         600
         273    9.74227        9.86805        9.94781        310.137        165.777        263.539       0.106244E+10    9.53366       0.953366        14.2700       0.985358E+09   0.767312E+08    353611.        407948.       -40.4923        5.52257        8.10634               0           0         545
