#          i      x              y              z              v_x            v_y            v_z            Mvir           Rvir     Rs (Rockstar)       v_max           Mdm           Mgas           Mstars    Avg age of stars     xc             yc             zc      flag DM only  flag outside Rvir  Np bound
# (h^-1 comoving Mpc) (h^-1 comoving Mpc) (h^-1 comoving Mpc) (km/s)         (km/s)         (km/s)         (Msun)         (kpc)         (kpc)           (km/s)         (Msun)         (Msun)         (Msun)         (yrs)          (kpc)          (kpc)          (kpc)
           1    9.32767        10.0550        10.1227        58.8180       -12.1003        49.8820       0.576244E+12    72.9128        7.29128        247.120       0.508923E+12   0.348613E+11   0.324598E+11   0.144588E+11    0.00000        0.00000        0.00000               0           0     6826750
           2    9.49065        10.5590        10.4316        78.3266       -139.974       -119.704       0.435501E+11    31.0624        3.10624        84.1300       0.401522E+11   0.240055E+10   0.997270E+09   0.542618E+09    65.2526        201.803        123.687               0           1      477060
           3    9.99641        9.82972        10.2060        99.7186        5.96419       -35.7187       0.183562E+11    21.9055        2.19055        52.2100       0.154225E+11   0.273506E+10   0.198682E+09   0.929611E+08    267.745       -90.1838        33.3710               0           1      163412
           4    9.28455        10.0329        10.1878       -33.1817        55.8414       -220.451       0.308577E+11    18.5032        1.85032        58.9000       0.287059E+11   0.171015E+10   0.441569E+09   0.329466E+09   -17.2640       -8.85222        26.0602               0           0      124233
           5    9.85742        10.6383        10.4961        80.1898       -112.177       -130.559       0.169224E+11    22.2675        2.22675        54.4600       0.152563E+11   0.158509E+10   0.810476E+08   0.492985E+08    212.097        233.557        149.503               0           1      106325
           6    9.91106        10.7275        10.5191        73.0306       -139.910       -112.513       0.119008E+11    19.7055        1.97055        46.2400       0.108059E+11   0.103410E+10   0.607646E+08   0.289506E+08    233.573        269.266        158.703               0           1       82231
           7    8.83582        10.0764        10.1449        178.322        10.7296       -90.3997       0.771967E+10    16.9926        1.69926        41.7900       0.678189E+10   0.856760E+09   0.810272E+08   0.553589E+08   -196.923        8.57997        8.90828               0           1       73752
           8    9.29891        10.1412        10.1088        259.873       -170.576        164.231       0.834246E+10    14.4194        1.44194        38.7500       0.778798E+10   0.507107E+09   0.473664E+08   0.241180E+08   -11.5147        34.5361       -5.58118               0           0       47705
           9    9.54227        10.0514        10.0375       -29.3754       -23.4092       -169.590       0.717327E+10    14.6039        1.46040        35.8000       0.668940E+10   0.430376E+09   0.534884E+08   0.525861E+08    85.9198       -1.41732       -34.1117               0           1       44940
          10    9.01816        10.0568        9.88764        124.563        111.643        105.286       0.365167E+10    13.8204        1.38204        38.1800       0.362827E+10   0.103508E+08   0.130450E+08   0.416145E+08   -123.919       0.720670       -94.1114               0           1       44094
          12    10.0232        9.80664        10.1401        63.9823       -38.7362       -13.1813       0.424317E+10    13.4713        1.34713        33.5700       0.405603E+10   0.159160E+09   0.279790E+08   0.362788E+08    278.471       -99.4244        6.97048               0           1       37569
          13    9.73323        10.7756        10.6162        100.137       -129.853       -179.059       0.431265E+10    14.5571        1.45571        41.2300       0.417445E+10   0.128607E+09   0.959415E+07   0.217940E+08    162.375        288.516        197.588               0           1       35828
          14    9.48874        9.97133        9.98656       -23.0486        85.2870       -178.310       0.305200E+10    12.0460        1.20460        33.3900       0.302727E+10   0.122810E+08   0.124487E+08   0.191953E+08    64.4879       -33.4871       -54.5066               0           1       35713
          15    9.32539        10.1561        10.1689        227.352       -197.727        89.1945       0.386425E+10    11.2777        1.12777        30.5200       0.343084E+10   0.419820E+09   0.135860E+08   0.184931E+08  -0.912848        40.4696        18.4892               0           0       30694
          16    9.31366        10.2558        10.4460        136.840       -96.4080       -179.813       0.353551E+10    13.3968        1.33968        32.7200       0.325641E+10   0.276856E+09   0.223520E+07   0.605516E+07   -5.60921        80.3907        129.432               0           1       30108
          17    9.90304        10.7425        10.5485        53.5547       -170.135       -160.924       0.424121E+10    11.1263        1.11263        27.3900       0.395186E+10   0.279458E+09   0.989533E+07   0.922906E+07    230.362        275.272        170.494               0           1       29834
          18    9.27319        10.1323        10.1582        202.997       -256.208       -173.711       0.432405E+10    11.3954        1.13954        32.5100       0.355863E+10   0.755912E+09   0.950892E+07   0.144167E+08   -21.8123        30.9447        14.2292               0           0       28186
          19    9.25426        10.7390        10.5546        99.6632       -135.917       -144.028       0.330842E+10    12.8263        1.28263        30.1900       0.299542E+10   0.307316E+09   0.567484E+07   0.454763E+07   -29.3913        273.858        172.913               0           1       24436
          20    9.74090        10.1988        10.2359        32.8730        60.4921        58.4002       0.199357E+10    11.3333        1.13333        30.4100       0.198543E+10   0.160690E+07   0.652951E+07   0.970205E+07    165.446        57.5855        45.3221               0           1       24224
          21    9.47388        10.4466        10.3716        92.6890       -95.3299       -118.538       0.201860E+10    10.3900        1.03900        27.9800       0.161737E+10   0.389723E+09   0.115054E+08   0.917510E+07    58.5384        156.798        99.6566               0           1       23731
          22    9.48304        10.0621        9.94470        201.840        45.3251       -79.5662       0.700907E+09    7.08217       0.708217        17.4700       0.695120E+09    215632.       0.557163E+07   0.148931E+08    62.2058        2.85065       -71.2662               0           1       23369
          23    9.72373        10.0324        10.2836        3.19353       -7.10526        27.1866       0.252508E+10    10.8597        1.08597        27.5300       0.201653E+10   0.497755E+09   0.107951E+08   0.888598E+07    158.571       -9.04841        64.4319               0           1       22969
          24    8.87312        10.2330        9.81527        138.593       -115.327       -49.5995       0.278171E+10    11.7369        1.17369        30.4800       0.257946E+10   0.195147E+09   0.710563E+07   0.104011E+08   -181.989        71.2662       -123.086               0           1       22180
          25    9.34588        10.1323        10.1810        208.165       -206.883        56.7204       0.340587E+10    9.14969       0.914969        26.2500       0.295046E+10   0.445205E+09   0.102056E+08   0.122195E+08    7.29077        30.9648        23.3417               0           0       20077
          26    9.53206        10.0539        10.3241       -34.0787        21.5003       -23.9284       0.172319E+10    10.2988        1.02988        29.6400       0.171423E+10   0.391378E+07   0.504700E+07   0.111676E+08    81.8320      -0.424394        80.6229               0           1       19105
          27    8.63154        10.0709        10.1382        146.179        33.1716       -100.672       0.314670E+10    12.3082        1.23082        30.0900       0.279503E+10   0.337747E+09   0.139298E+08   0.122009E+08   -278.711        6.38193        6.20977               0           1       18189
          28    9.84488        10.6254        10.4937       -1.87976       -68.0951       -56.2552       0.738686E+10    9.70741       0.970741        31.2600       0.687748E+10   0.434039E+09   0.753342E+08   0.435658E+08    207.076        228.364        148.546               0           1       16315
          29    9.87922        10.4503        10.4293        63.9832       -92.0781       -125.694       0.138455E+10    9.89318       0.989318        25.5000       0.134726E+10   0.358312E+08   0.145905E+07   0.319996E+07    220.825        158.263        122.766               0           1       16306
          30    9.11493        10.4063        10.2242        153.217       -137.792       -99.9711       0.138056E+10    9.89718       0.989718        24.9400       0.131990E+10   0.582758E+08   0.238229E+07   0.346315E+07   -85.1751        140.683        40.6337               0           1       15395
          31    9.71946        10.0025        10.2256        91.9602        72.8611       -190.420       0.300719E+10    11.7165        1.17165        31.1300       0.276120E+10   0.234798E+09   0.111941E+08   0.882224E+07    156.862       -21.0155        41.1783               0           1       15288
          32    9.49411        10.8015        10.6931        92.3730       -120.838       -170.791       0.122174E+10    9.53204       0.953204        23.1800       0.119329E+10   0.278636E+08    587319.       0.287095E+07    66.6379        298.878        228.356               0           1       14705
          33    9.06043        10.1540        9.89642        152.475       -41.2477        98.3869       0.842870E+09    7.95658       0.795658        20.2300       0.734110E+09   0.970180E+08   0.117425E+08   0.280375E+07   -106.995        39.6528       -90.5962               0           1       14651
          34    9.18108        10.6381        10.7318        96.8667       -98.9725       -161.942       0.136350E+10    10.0021        1.00021        26.5500       0.135515E+10   0.721310E+07   0.113750E+07   0.332548E+07   -58.6905        233.489        243.883               0           1       14636
          35    9.62477        10.0168        10.0939        135.189       -46.5066       -19.6594       0.411863E+09    6.12648       0.612648        15.4900       0.398897E+09    933942.       0.120325E+08   0.111804E+08    118.951       -15.2702       -11.5107               0           1       14536
          36    9.72729        10.6239        10.4740        74.3379       -89.5582       -108.357       0.127437E+10    9.38991       0.938991        24.5300       0.115737E+10   0.115780E+09   0.121821E+07   0.551779E+07    159.997        227.780        140.643               0           1       14256
          37    9.90007        9.72833        9.17466        67.5900        41.7858        100.220       0.113104E+10    9.37790       0.937790        23.1300       0.112594E+10   0.479615E+07    307970.        364640.        229.173       -130.777       -379.569               0           1       13676
          38    9.53679        10.0285        10.0240       -14.2558        19.1431       -173.486       0.179393E+10    8.40820       0.840820        24.5300       0.177402E+10   0.150781E+08   0.482991E+07   0.129651E+08    83.7258       -10.5938       -39.5087               0           1       13262
          39    9.44736        10.4194        10.3472        93.7226       -84.0399       -125.749       0.165072E+10    9.87356       0.987356        23.3900       0.149093E+10   0.157930E+09   0.186159E+07   0.177020E+07    47.9205        145.892        89.8835               0           1       13238
          41    9.96847        10.0080        10.3622        64.1256       -19.1063        48.0790       0.122253E+10    9.21415       0.921415        24.1600       0.109468E+10   0.121143E+09   0.670921E+07   0.127257E+08    256.558       -18.8055        95.8971               0           1       12609
          42    9.93553        10.8202        10.6146        73.3578       -148.977       -155.747       0.108965E+10    9.05400       0.905400        23.9100       0.103158E+10   0.569942E+08   0.108101E+07   0.360988E+07    243.370        306.373        196.923               0           1       12456
          43    9.45105        10.0870        9.94897       -35.5737        51.3012       -57.6478       0.138544E+10    8.69647       0.869647        23.3200       0.137179E+10   0.125808E+08   0.107444E+07   0.240481E+07    49.3979        12.8119       -69.5566               0           1       11784
          44    9.24043        9.99870        10.1413        175.059        38.6918       -10.6938       0.279878E+09    4.75641       0.475641        13.4600       0.272860E+09    51444.6       0.696671E+07   0.101705E+08   -34.9284       -22.5289        7.45092               0           0       11645
          45    9.12568        9.61731        10.9332        98.8785        17.3598       -108.323       0.103607E+10    8.83380       0.883380        20.8700       0.950103E+09   0.857295E+08    238418.        509553.       -80.8711       -175.227        324.481               0           1       11559
          46    9.33933        10.0621        10.0434        263.763        36.2581       -103.264       0.174283E+10    6.90681       0.690681        19.8700       0.166212E+10   0.669172E+08   0.137920E+08   0.172135E+08    4.66834        2.85465       -31.7375               0           0       11275
          47    8.85299        10.2610        9.75980        164.631        48.7408        13.4071       0.815204E+09    8.08310       0.808310        20.3600       0.760215E+09   0.547240E+08    264275.        656550.       -190.049        82.4886       -145.295               0           1       11098
          48    9.04670        9.81707        10.6867        117.241       -12.1616       -139.257       0.871653E+09    8.41301       0.841300        20.8900       0.849173E+09   0.217614E+08    718524.       0.217224E+07   -112.493       -95.2485        225.822               0           1       10889
          49    9.53455        10.5786        10.1729        68.7443       -148.588       -40.1115       0.819121E+09    8.43022       0.843022        21.0400       0.818578E+09    148530.        394301.       0.145459E+07    82.8289        209.651        20.0907               0           1       10514
          50    10.0450        10.0983        10.0047        64.6906       -101.105        35.7277       0.814656E+09    8.31852       0.831852        20.2200       0.788233E+09   0.262034E+08    219975.        573706.        287.195        17.3601       -47.2599               0           1       10278
          51    9.47184        10.3092        10.3120        73.6024       -101.213       -169.176       0.667941E+09    7.80724       0.780724        20.1400       0.667433E+09    62230.2        445301.       0.292669E+07    57.7216        101.795        75.8104               0           1       10254
          52    9.31222        10.1899        10.2429       -80.7410       -1.78745        8.75919       0.552395E+09    6.45519       0.645519        16.7600       0.550957E+09   0.125969E+07    178284.        413472.       -6.18575        54.0382        48.1167               0           0       10230
          53    9.12522        10.2435        9.90278        189.526       -32.8497        80.6227       0.593008E+09    7.50616       0.750616        20.3300       0.583464E+09   0.818677E+07   0.135798E+07   0.330925E+07   -81.0553        75.4781       -88.0498               0           1       10109
          54    10.5085        9.69509        10.2918        209.510       -41.9233        77.1168       0.872382E+09    7.92776       0.792775        22.0200       0.845183E+09   0.263985E+08    801185.       0.283483E+07    472.791       -144.086        67.6829               0           1        9579
          55    9.23818        10.0778        10.1512        248.392       -57.7000       -1.18168       0.703627E+09    6.01758       0.601758        15.1700       0.691712E+09   0.131077E+07   0.106047E+08   0.527696E+07   -35.8293        9.12848        11.4146               0           0        9517
          56    9.19875        9.99948        9.96468        257.269       -105.724        22.2043       0.600531E+09    7.13822       0.713822        17.1400       0.599592E+09    122738.        816181.       0.105752E+07   -51.6160       -22.2166       -63.2668               0           1        9350
          57    9.74432        10.9157        10.2195        77.0101       -133.858       -58.0445       0.845137E+09    8.44183       0.844183        20.2600       0.832629E+09   0.125078E+08    0.00000        0.00000        166.815        344.608        38.7640               1           1        9338
          58    9.42939        9.94628        10.2423       -72.5444        48.5680        91.6482       0.651064E+09    6.94164       0.694164        17.3200       0.650140E+09    725764.        197693.        324540.        40.7258       -43.5164        47.8765               0           1        9321
          59    9.71194        9.91616        10.1449        31.5275        75.1720       -42.4994       0.799169E+09    7.94897       0.794897        21.4400       0.754479E+09   0.429184E+08   0.177141E+07   0.509381E+07    153.851       -55.5756        8.87224               0           1        9313
          60    9.13711        10.1529        10.1264        66.4728        23.2101        71.9212       0.532902E+09    6.04160       0.604160        14.4100       0.516039E+09    650165.       0.162127E+08   0.452049E+07   -76.2949        39.1924        1.48538               0           1        9277
          61    9.13898        10.4728        10.2766        125.117       -141.996       -113.076       0.102059E+10    8.94590       0.894590        21.3400       0.980532E+09   0.400548E+08    0.00000        0.00000       -75.5462        167.295        61.6172               1           1        9214
          62    10.3961        9.81652        10.3005        174.359       -6.17908        56.2699       0.810956E+09    7.88452       0.788451        21.2300       0.792224E+09   0.182311E+08    501009.       0.167822E+07    427.753       -95.4687        71.1701               0           1        9095
          63    9.32645        10.0307        10.3542       -43.5607        74.8692       -28.0915       0.325143E+09    5.91188       0.591188        16.2500       0.323657E+09   0.123670E+07    249238.        888336.      -0.488454       -9.72904        92.6821               0           1        8900
          64    9.32262        10.7054        10.5063        119.207       -141.422       -134.788       0.781271E+09    8.13675       0.813675        19.0900       0.762045E+09   0.183317E+08    894200.       0.231174E+07   -2.02188        260.398        153.599               0           1        8804
          65    9.10907        10.5434        10.2953        139.399       -139.059       -111.567       0.610400E+09    7.61186       0.761186        20.1600       0.592359E+09   0.174810E+08    559205.        817838.       -87.5213        195.554        69.1042               0           1        8667
          66    9.32848        10.2135        10.2127        217.383       -123.757        46.1798       0.508144E+09    6.63375       0.663375        18.6100       0.506727E+09    716385.        700253.       0.189796E+07   0.324301        63.4550        36.0455               0           1        8057
          67    9.44506        10.0425        10.0153       -74.9247        132.557       -84.2135       0.610166E+09    5.81860       0.581860        15.6100       0.593109E+09   0.165635E+08    493345.        657753.        46.9997       -4.99264       -42.9959               0           0        8031
          68    9.18055        9.92476        10.1022        81.8113       -14.8739        37.6643       0.365024E+09    6.21977       0.621977        19.2400       0.361901E+09    592575.       0.253086E+07   0.975849E+07   -58.9027       -52.1324       -8.21563               0           1        7933
          69    9.60132        10.4264        9.94971        49.7913       -139.516      -0.508687       0.526658E+09    7.23391       0.723391        17.7900       0.526431E+09    54882.7        172506.        728291.        109.562        148.706       -69.2603               0           1        7922
          70    9.61118        9.96891        10.1173       -32.5046        80.3907       -32.5568       0.558782E+09    6.09325       0.609325        16.4200       0.444706E+09   0.108193E+09   0.588304E+07   0.398218E+07    113.509       -34.4560       -2.17002               0           1        7921
          71    9.30514        10.2060        9.94243        42.6982        103.296       -75.9766       0.313530E+09    5.76855       0.576855        14.0500       0.312517E+09    311479.        702496.       0.261526E+07   -9.02038        60.4522       -72.1751               0           1        7843
          72    8.80562        10.5162        10.1865        137.816       -109.564       -87.6359       0.731941E+09    8.01744       0.801744        20.4500       0.720226E+09   0.114861E+08    228634.        880856.       -209.014        184.668        25.5597               0           1        7834
          73    9.72730        10.7718        10.6241        85.5020       -141.400       -149.152       0.295060E+10    7.37084       0.737084        25.6300       0.288145E+10   0.595748E+08   0.957691E+07   0.216995E+08    160.001        287.015        200.750               0           1        7779
          74    9.52158        10.0159        10.0786       -71.1389        96.8087       -124.447       0.100830E+10    6.87438       0.687438        19.1800       0.982532E+09   0.175016E+08   0.827113E+07   0.563935E+07    77.6361       -15.6385       -17.6684               0           1        7665
          75    9.33362        10.1266        9.97543       -38.4752        100.780        48.3976       0.544286E+09    6.76788       0.676788        18.5900       0.541146E+09   0.233762E+07    802092.       0.134038E+07    2.38221        28.6826       -58.9628               0           0        7634
          76    9.19270        10.2011        10.6164        126.184       -63.2860       -169.340       0.549239E+09    7.30598       0.730598        18.0100       0.547714E+09   0.144981E+07    75246.1        364673.       -54.0382        58.5184        197.656               0           1        7556
          77    9.45269        10.5444        10.4265        171.808       -113.473       -70.6110       0.989624E+09    5.50310       0.550311        18.1600       0.896236E+09   0.856979E+08   0.769021E+07   0.191993E+08    50.0545        195.954        121.633               0           1        7343
          78    9.91096        10.7261        10.5252        27.8732       -180.939       -159.171       0.367963E+10    6.84955       0.684955        18.8800       0.335694E+10   0.270270E+09   0.524240E+08   0.180046E+08    233.533        268.718        161.134               0           1        7331
          79    8.95024        9.77943        10.8097        112.266       -13.1686       -132.408       0.635069E+09    7.67552       0.767552        18.8900       0.631351E+09   0.341143E+07    306527.        818109.       -151.112       -110.318        275.072               0           1        7285
          80    9.28333        10.0895        10.0508       -129.869       -13.9494        57.2786       0.718442E+09    6.09646       0.609646        16.5100       0.713161E+09   0.459910E+07    682490.       0.284380E+07   -17.7525        13.8248       -28.8028               0           0        7200
          81    9.16584        10.1323        10.1566        89.0042       -10.7425        77.3786       0.217349E+09    4.48456       0.448456        12.6000       0.215993E+09    39815.4       0.131590E+07   0.101741E+07   -64.7922        30.9568        13.5846               0           1        6693
          83    9.35542        10.4388        10.6982        90.7574       -95.3123       -183.824       0.530934E+09    7.32640       0.732640        18.1300       0.530421E+09    511929.        0.00000        0.00000        11.1103        153.695        230.430               1           1        6496
          84    9.17898        10.1045        10.1761        157.322       -38.0662        39.6001       0.202507E+09    4.60387       0.460387        14.7000       0.200945E+09    102057.       0.145941E+07   0.483513E+07   -59.5313        19.8224        21.3638               0           0        6482
          85    9.54009        9.93174        10.1281        35.0231       -24.5392       -253.799       0.445424E+09    6.14570       0.614570        15.6400       0.424171E+09   0.212530E+08    0.00000        0.00000        85.0470       -49.3378        2.14599               1           1        6472
          86    9.11527        10.1819        10.0353        253.590       -43.3999       -98.1927       0.565803E+09    7.31519       0.731519        21.0000       0.562347E+09   0.237656E+07   0.107933E+07   0.356696E+07   -85.0390        50.8072       -35.0085               0           1        6449
          87    9.96139        10.6152        10.7551        85.0515       -104.710       -164.678       0.505798E+09    7.17826       0.717826        18.5000       0.502155E+09   0.347735E+07    165889.        873042.        253.724        224.296        253.211               0           1        6445
          88    9.53411        9.95846        10.2111        50.1583       -68.6554       -251.792       0.534270E+09    6.73625       0.673625        18.4800       0.525599E+09   0.843587E+07    234749.        294346.        82.6528       -38.6399        35.3769               0           1        6334
          89    9.64596        9.91884        10.3330       -10.9922        21.5653        77.8658       0.434450E+09    6.81832       0.681833        16.9600       0.434231E+09    70391.9        148519.        370054.        127.434       -54.5026        84.1902               0           1        6311
          90    9.24656        10.7620        10.5660        147.858       -136.310       -145.314       0.687499E+09    6.95125       0.695125        17.3300       0.653134E+09   0.343417E+08    24062.7        12768.0       -32.4742        283.055        177.497               0           1        5921
          91    9.50475        10.5434        10.4280        14.5379       -72.0565       -96.0821       0.812942E+09    3.79232       0.379232        13.2000       0.735612E+09   0.675896E+08   0.974008E+07   0.158018E+08    70.8979        195.558        122.246               0           1        5843
          92    9.68879        9.97507        10.0859        9.89929        10.9900       -137.919       0.543692E+09    6.90601       0.690601        18.4600       0.535160E+09   0.826993E+07    262153.        536423.        144.582       -31.9897       -14.7497               0           1        5683
          93    8.76175        10.3436        9.67955        145.547        18.3469        21.5569       0.580133E+09    7.30438       0.730438        19.5000       0.569996E+09   0.953579E+07    601654.       0.200691E+07   -226.578        115.543       -177.425               0           1        5676
          94    9.25614        10.8031        10.6238        98.7493       -146.017       -162.492       0.499428E+09    7.10099       0.710099        17.1000       0.494755E+09   0.416391E+07    508291.        596941.       -28.6386        299.510        200.634               0           1        5624
          95    9.97081        9.82193        10.2846        85.3209       -11.8656       -43.6261       0.324339E+09    5.80739       0.580739        16.1700       0.310604E+09   0.135373E+08    197197.        531017.        257.495       -93.3027        64.8082               0           1        5620
          96    10.0599        10.1687        9.95832        65.3112       -96.9619        64.7522       0.447448E+09    6.79150       0.679150        17.6000       0.430157E+09   0.171857E+08    105240.        700822.        293.168        45.5303       -65.8131               0           1        5490
          97    9.03624        10.0521        10.0156        174.605       -41.2855        103.733       0.301945E+09    5.90428       0.590428        17.5700       0.298965E+09   0.214230E+07    837369.       0.243001E+07   -116.680       -1.13706       -42.8959               0           1        5458
          98    9.51188        10.1300        10.2643        123.176        74.1083        56.3491       0.190199E+09    4.78884       0.478884        13.1200       0.189306E+09    191261.        702057.       0.166496E+07    73.7525        30.0239        56.6927               0           1        5440
          99    9.09050        9.64796        10.9881        108.035        24.4040       -112.364       0.726897E+09    7.93456       0.793456        18.6300       0.702268E+09   0.246285E+08    0.00000        0.00000       -94.9562       -162.955        346.482               1           1        5418
         100    9.41038        10.0042        10.2452        119.122       -202.080       -65.6285       0.269312E+09    5.05629       0.505629        16.1000       0.259724E+09   0.921932E+07    368968.       0.167323E+07    33.1148       -20.3389        49.0536               0           0        5288
         101    9.85592        10.6075        10.4917        97.9381       -122.637       -108.066       0.123324E+10    5.81780       0.581780        16.0500       0.117384E+10   0.576855E+08   0.170996E+07   0.143895E+07    211.496        221.226        147.757               0           1        4946
         102    9.28590        10.2330        10.1887        261.426       -13.0885        117.618       0.301348E+09    5.59199       0.559199        13.8600       0.301127E+09    221402.        0.00000        0.00000       -16.7235        71.2582        26.4326               1           1        4919
         103    9.59456        10.0626        10.1636        144.781       -58.6188       -67.5227       0.141744E+09    4.31400       0.431400        13.3500       0.122463E+09   0.136623E+08   0.561877E+07   0.442362E+07    106.855        3.07085        16.3672               0           1        4833
         104    9.25426        10.0056        10.0986       -9.04135       -105.799        12.8780       0.213311E+09    3.90242       0.390242        10.1700       0.212834E+09    254658.        222359.        383172.       -29.3913       -19.7584       -9.65297               0           0        4824
         105    10.0947        10.1295        9.96757        55.9491       -115.789        24.3127       0.406430E+09    6.63215       0.663215        15.9200       0.403553E+09   0.284967E+07    27775.4        65282.9        307.085        29.8397       -62.1097               0           1        4808
         106    9.46118        10.2567        10.3862        101.591       -93.6248       -204.726       0.432438E+09    6.75106       0.675106        16.0500       0.432402E+09    35852.8        0.00000        0.00000        53.4537        80.7630        105.482               1           1        4800
         107    8.78927        10.3250        9.68348        95.5062       -36.1349        46.9370       0.448714E+09    6.60132       0.660132        16.5700       0.428827E+09   0.198155E+08    71249.8        120107.       -215.560        108.104       -175.851               0           1        4704
         108    9.05958        10.2222        10.0357        180.404        52.9962        115.357       0.196216E+09    5.05349       0.505349        12.4300       0.196123E+09    93087.0        0.00000        0.00000       -107.336        66.9422       -34.8324               1           1        4663
         110    9.35752        9.99792        10.0640        290.559       -18.3084       -244.428       0.366251E+09    4.54742       0.454742        12.9600       0.365060E+09    830169.        360899.        214188.        11.9511       -22.8412       -23.5018               0           0        4623
         111    10.0450        9.88680        9.68513        73.8188        30.1480        127.140       0.365838E+09    6.41195       0.641195        15.8200       0.365226E+09    156180.        456123.       0.151085E+07    287.195       -67.3306       -175.191               0           1        4603
         112    9.43544        10.0021        10.1816       -113.775       -57.5677       -98.9902       0.409836E+09    5.58158       0.558158        14.8100       0.396237E+09   0.123897E+08   0.121004E+07    520792.        43.1481       -21.1637        23.5899               0           0        4593
         113    9.59378        9.88705        10.3460       -14.8420        9.29552        72.0727       0.321378E+09    6.08124       0.608124        17.4200       0.321080E+09    88479.7        209529.       0.123799E+07    106.543       -67.2305        89.4191               0           1        4539
         114    9.23190        10.1235        10.2288       -7.87038       -103.592       -30.0919       0.146569E+09    4.30680       0.430680        11.5300       0.146240E+09    328526.        0.00000        0.00000       -38.3436        27.4575        42.4915               1           0        4463
         115    9.52806        10.0292        10.2255        44.3961       -120.528       -239.236       0.480092E+09    6.01278       0.601278        14.5100       0.396652E+09   0.834287E+08    11535.7        89367.0        80.2305       -10.3336        41.1662               0           1        4440
         116    9.35929        10.1218        10.1934        171.757       -222.523        102.337       0.929533E+09    5.55715       0.555716        16.3200       0.737023E+09   0.191398E+09   0.111203E+07    957273.        12.6598        26.7488        28.2903               0           0        4384
         117    9.85017        10.6480        10.5071        72.6135       -128.587       -89.0493       0.231262E+10    5.60840       0.560840        15.4800       0.208390E+10   0.180146E+09   0.485735E+08   0.117239E+08    209.194        237.445        153.907               0           1        4384
         118    9.54254        10.3571        10.0893        47.9252       -166.992       -35.2786       0.432395E+09    6.84315       0.684315        16.3500       0.432319E+09    58499.0        17621.2        55529.4        86.0279        120.976       -13.3804               0           1        4351
         119    10.3674        9.78977        10.3016        162.385       -31.2934        86.4454       0.662792E+09    6.90040       0.690040        17.7500       0.573571E+09   0.887793E+08    442469.        468919.        416.287       -106.179        71.6225               0           1        4322
         120    9.39730        10.0502        10.0485       -119.824        122.917       -130.183       0.629798E+09    5.25327       0.525327        14.8200       0.568832E+09   0.586078E+08   0.235813E+07    751669.        27.8779       -1.92979       -29.7076               0           0        4184
         121    9.56643        9.96689        10.0971       -57.4690       -120.961        86.2452       0.505359E+09    5.25768       0.525768        13.0400       0.382685E+09   0.122165E+09    508575.        827781.        95.5928       -35.2648       -10.2295               0           1        4180
         122    9.36898        10.1995        10.2300        245.084       -87.4681        62.9709       0.215464E+09    4.64951       0.464951        12.5100       0.214746E+09    669902.        48070.8        177998.        16.5394        57.8698        42.9399               0           1        4060
         123    9.25064        10.0371        10.0599        30.7511       -50.9483       -104.944       0.164139E+09    3.68262       0.368262        9.13000       0.163699E+09    156850.        282934.        724300.       -30.8407       -7.14264       -25.1554               0           0        3944
         124    9.92989        10.7685        10.5609        60.4007       -199.410       -81.2194       0.364751E+09    5.53874       0.553874        13.4900       0.329310E+09   0.353295E+08    111024.        185277.        241.112        285.697        175.459               0           1        3934
         125    9.38884        10.5479        10.4635        124.241       -114.342       -104.823       0.170371E+09    4.70677       0.470677        13.6200       0.168022E+09    972334.       0.137585E+07   0.244405E+07    24.4908        197.351        136.439               0           1        3925
         126    9.15143        10.6808        10.6640        124.952       -103.676       -149.753       0.277831E+09    5.88186       0.588186        14.6200       0.276102E+09   0.172940E+07    0.00000        0.00000       -70.5616        250.549        216.705               1           1        3912
         127    9.61699        10.0168        10.2902       -18.1667        5.27212       -25.3278       0.203269E+09    4.85010       0.485010        12.9000       0.164198E+09   0.389294E+08    141616.        310823.        115.836       -15.2822        67.0463               0           1        3901
         128    9.26707        9.98756        10.0398        117.134       -51.7094       -75.1136       0.168351E+09    3.98330       0.398330        9.45000       0.167523E+09    68622.8        759065.       0.160119E+07   -24.2625       -26.9891       -33.1708               0           0        3892
         129    9.76516        10.0412        10.3282        22.9198        20.9911       0.389496       0.319193E+09    5.91509       0.591509        15.3700       0.315343E+09   0.344664E+07    402861.        672289.        175.159       -5.50912        82.2644               0           1        3871
         130    9.49543        9.92511        10.2005       -75.9344       -13.8525        110.763       0.394237E+09    5.65284       0.565284        14.7500       0.393160E+09   0.102339E+07    52835.8        50753.0        67.1664       -51.9923        31.1529               0           1        3809
         131    9.29441        10.2387        9.89823        39.9925        69.7432       -62.5111       0.238999E+09    5.13676       0.513677        15.5800       0.235946E+09   0.241618E+07    637037.       0.242094E+07   -13.3164        73.5483       -89.8715               0           1        3802
         132    9.56135        9.94411        10.0654        19.8488       -14.3860       -241.464       0.199776E+09    4.89694       0.489694        12.8800       0.199449E+09    327756.        0.00000        0.00000        93.5589       -44.3852       -22.9453               1           1        3799
         133    9.08148        10.1075        10.8568        104.335       -54.8717       -151.286       0.406524E+09    6.62895       0.662895        16.2600       0.404384E+09   0.213955E+07    0.00000        0.00000       -98.5676        21.0435        293.905               1           1        3796
         134    9.49895        10.0334        10.1145       -91.4742        84.6553        22.8098       0.389953E+09    4.93658       0.493658        13.3900       0.320498E+09   0.691919E+08    263228.        470453.        68.5757       -8.63602       -3.26303               0           0        3792
         135    9.26365        10.0515        9.97514        317.035        77.0376       -38.7228       0.318322E+09    5.80258       0.580258        16.6600       0.316923E+09   0.108149E+07    318001.        956489.       -25.6318       -1.38529       -59.0789               0           0        3784
         136    9.66293        9.74600        10.6723        122.585        54.1423       -162.446       0.310317E+09    6.09726       0.609726        15.0800       0.308110E+09   0.196876E+07    238112.        666204.        134.229       -123.703        220.032               0           1        3756
         137    8.85352        10.2563        9.80087        112.757       -54.1513        67.1660       0.189085E+09    4.46614       0.446614        12.0100       0.186728E+09   0.226305E+07    93392.4        112009.       -189.836        80.5989       -128.852               0           1        3683
         138    10.0106        9.83517        10.1809        84.0542        6.64507       -145.487       0.451514E+09    4.80286       0.480286        13.4200       0.376699E+09   0.747150E+08    100352.        199717.        273.418       -88.0018        23.2936               0           1        3571
         139    9.71327        10.0412        10.1596        83.5289        49.4506       -192.083       0.292760E+09    5.38660       0.538660        14.4200       0.292231E+09    232199.        296835.       0.135345E+07    154.383       -5.51713        14.7617               0           1        3538
         140    9.16260        9.04693        10.3397        105.473        74.0015       -44.7651       0.333828E+09    6.26621       0.626621        14.9800       0.333634E+09    176087.        17950.9        42187.2       -66.0894       -403.591        86.8967               0           1        3510
         141    9.41051        9.90177        10.1614        93.9716       -52.7773       -132.929       0.189427E+09    4.93017       0.493017        15.1900       0.186396E+09   0.259377E+07    437129.       0.117470E+07    33.1668       -61.3370        15.4984               0           0        3499
         142    9.16659        10.7461        10.4621        127.296       -140.177       -98.1453       0.246300E+09    5.63563       0.563563        14.8800       0.245923E+09    377647.        0.00000        0.00000       -64.4919        276.701        135.902               1           1        3476
         143    9.89799        10.6930        10.4935        80.9033       -130.793       -91.1715       0.438045E+09    5.61201       0.561201        15.1900       0.406213E+09   0.314576E+08    373926.        628258.        228.340        255.457        148.442               0           1        3434
         144    8.96014        10.2143        10.8649        110.139       -77.7766       -139.727       0.326598E+09    6.21336       0.621336        14.9200       0.324572E+09   0.202651E+07    0.00000        0.00000       -147.149        63.7993        297.152               1           1        3416
         145    9.61318        10.2114        10.2451        6.74006        43.1467        48.3230       0.249106E+09    5.60120       0.560120        14.9000       0.248750E+09    47965.2        308381.        726148.        114.310        62.6382        49.0095               0           1        3380
         146    9.49761        9.91761        10.1885        3.30628        124.909       -83.2236       0.220203E+09    4.76802       0.476802        12.5500       0.218487E+09   0.165620E+07    59314.8        88766.2        68.0392       -54.9951        26.3485               0           1        3375
         147    9.90501        10.8303        10.6551        102.194       -147.856       -172.540       0.409384E+09    6.43197       0.643197        15.2500       0.403386E+09   0.599802E+07    0.00000        0.00000        231.151        310.420        213.174               1           1        3356
         148    9.69603        9.86920        10.3273       -9.98307       -6.14257        83.6032       0.223458E+09    5.45986       0.545987        14.0600       0.223309E+09    69100.8        79813.6        185438.        147.481       -74.3771        81.9081               0           1        3337
         149    9.47170        9.92069        10.1682       -64.0352       -3.28657        131.213       0.187215E+09    4.78043       0.478043        12.8000       0.182488E+09   0.472634E+07    0.00000        0.00000        57.6656       -53.7619        18.2049               1           1        3288
         150    9.97306        9.82861        10.3101        52.8635       -100.876        87.2199       0.253523E+09    5.21043       0.521043        13.5900       0.250828E+09   0.254826E+07    147119.        293431.        258.396       -90.6282        75.0257               0           1        3287
         151    9.84590        10.8035        10.3366        63.9074       -140.922       -48.6305       0.248743E+09    5.67166       0.567166        14.7600       0.247087E+09   0.121919E+07    437225.       0.120860E+07    207.485        299.702        85.6476               0           1        3238
         152    10.0335        9.83201        10.1822        66.7603       -38.7204       -125.070       0.119518E+10    7.54500       0.754500        18.5900       0.110316E+10   0.915205E+08    495782.        472052.        282.579       -89.2669        23.8021               0           1        3212
         153    9.28595        10.0961        10.2793       -98.8194        93.7669       -79.6406       0.238093E+09    5.19122       0.519122        13.7200       0.237360E+09    381324.        351916.        474139.       -16.7035        16.4633        62.7063               0           0        3183
         154    9.16601        9.58979        10.8864        108.182        11.3115       -98.0895       0.295689E+09    5.90308       0.590308        13.9200       0.287658E+09   0.803096E+07    0.00000        0.00000       -64.7241       -186.245        305.768               1           1        3163
         155    9.37994        10.0957        10.0872       -46.3944       -189.125        103.469       0.588486E+09    4.69876       0.469876        15.5200       0.582467E+09    176981.       0.584202E+07   0.706888E+07    20.9274        16.3031       -14.2332               0           0        3123
         156    9.17727        10.1945        10.6930        105.626       -71.4978       -175.614       0.208624E+09    5.33975       0.533975        14.2800       0.208428E+09    180301.        15975.5        96863.0       -60.2159        55.8559        228.344               0           1        3105
         157    9.61652        9.69584        10.6599        134.504        42.6764       -150.158       0.273788E+09    5.78977       0.578977        13.5900       0.267289E+09   0.649895E+07    0.00000        0.00000        115.647       -143.786        215.088               1           1        3097
         158    9.43965        9.99166        10.1468        120.677       -215.397        93.2779       0.219177E+09    4.55222       0.455222        12.3300       0.218404E+09    497602.        274982.        542533.        44.8337       -25.3475        9.62895               0           0        3061
         159    10.0485        9.88871        10.3134        79.6842       -34.0719        27.9256       0.273206E+09    5.30692       0.530692        14.5700       0.269368E+09   0.375868E+07    79068.6        168313.        288.616       -66.5658        76.3709               0           1        3059
         160    9.46743        9.97929        9.85086        54.2404       -28.7756       -39.2217       0.181580E+09    5.04828       0.504828        15.2300       0.179412E+09   0.138558E+07    781928.       0.176470E+07    55.9560       -30.3001       -108.837               0           1        3035
         161    9.58788        10.1948        10.4309        70.0339       -96.6951       -197.740       0.220691E+09    5.46427       0.546427        13.7200       0.220649E+09    42538.3        0.00000        0.00000        104.181        55.9880        123.395               1           1        3025
         162    8.80406        9.98089        9.82843        131.024        102.157        7.80416       0.213506E+09    5.38540       0.538540        13.1800       0.213333E+09    173003.        0.00000        0.00000       -209.639       -29.6596       -117.817               1           1        3018
         163    9.84691        10.6079        10.4937        65.2706       -95.0537       -164.117       0.945571E+09    5.08392       0.508392        13.5300       0.919267E+09   0.247425E+08   0.156134E+07   0.141842E+07    207.889        221.362        148.526               0           1        2963
         164    9.35675        9.71480        10.6742        128.124        93.2812       -87.8093       0.203667E+09    5.21844       0.521844        13.0400       0.194543E+09   0.912405E+07    0.00000        0.00000        11.6428       -136.195        220.809               1           1        2961
         165    9.69327        9.76190        10.6791        129.232        34.7321       -153.839       0.256783E+09    5.66325       0.566325        14.0800       0.254902E+09   0.176028E+07    120879.        184011.        146.376       -117.337        222.763               0           1        2939
         166    10.2658        10.7308        9.87622        97.6287       -101.731       -37.8187       0.237861E+09    5.59799       0.559799        13.6800       0.237526E+09    334790.        0.00000        0.00000        375.585        270.587       -98.6837               1           1        2939
         167    9.12819        10.2533        9.95684        192.278        84.3415        80.2391       0.187016E+09    5.02106       0.502106        12.7900       0.181491E+09   0.551151E+07    13597.2        43873.5       -79.8662        79.3938       -66.4057               0           1        2930
         168    9.20350        10.1435        10.1727        152.444       -2.52085        42.7500       0.157861E+09    4.09740       0.409740        11.4800       0.157298E+09    463555.        99538.3        399232.       -49.7142        35.4569        20.0026               0           0        2894
         169    9.44863        10.5946        10.4690        186.156       -178.990       -132.030       0.129478E+09    4.24954       0.424954        10.8800       0.129363E+09    79655.1        35671.7        150318.        48.4290        216.065        138.657               0           1        2890
         170    9.55905        10.1315        10.0182       0.961504       -177.874        47.6311       0.171792E+09    4.86972       0.486972        11.8900       0.171015E+09    776788.        0.00000        0.00000        92.6381        30.6445       -41.8469               1           1        2878
         171    9.02755        10.1341        9.95773        180.184       -157.405       -59.6621       0.133183E+09    4.41409       0.441410        11.0200       0.127783E+09   0.539996E+07    0.00000        0.00000       -120.160        31.6814       -66.0494               1           1        2834
         172    9.51071        10.0121        10.2630        57.4961       -98.9614       -247.147       0.175981E+09    4.72638       0.472638        12.2900       0.172262E+09   0.367832E+07    40351.9        88617.7        73.2841       -17.1679        56.1722               0           1        2820
         173    9.85859        10.0230        10.3552        45.0838       -18.0142        43.3366       0.200675E+09    5.20523       0.520523        13.7800       0.198202E+09   0.189539E+07    578224.        565454.        212.565       -12.7919        93.0665               0           1        2817
         174    9.43345        10.2034        10.2526       -55.4475        1.25425        41.7353       0.144280E+09    4.47735       0.447735        11.2100       0.144079E+09    115625.        85580.3        137730.        42.3513        59.4112        52.0003               0           1        2814
         175    9.00000        10.5106        10.2827        134.490       -139.816       -89.8776       0.228102E+09    5.50471       0.550471        14.6400       0.227716E+09    309216.        77591.6        109750.       -131.190        182.429        64.0395               0           1        2803
         176    8.99629        10.1584        9.92884        162.364       -74.9047        74.3048       0.201099E+09    5.10033       0.510033        12.9400       0.194128E+09   0.691846E+07    52829.5        122974.       -132.675        41.3985       -77.6161               0           1        2799
         177    10.2128        9.81875        10.3202        117.109       -24.8113        63.3713       0.133971E+09    4.40809       0.440809        12.1800       0.132024E+09   0.180459E+07    142496.        389308.        354.365       -94.5759        79.0655               0           1        2764
         178    9.47018        10.5635        10.4055        208.637       -214.665       -103.629       0.607171E+09    5.00744       0.500745        15.9500       0.585544E+09   0.205311E+08   0.109592E+07   0.171078E+07    57.0570        203.585        113.221               0           1        2751
         179    9.29660        10.1414        10.1041        254.514       -162.388        156.656       0.190489E+10    4.41129       0.441129        16.5500       0.170892E+10   0.155214E+09   0.407527E+08   0.192980E+08   -12.4396        34.6122       -7.46293               0           0        2740
         180    9.58102        10.0487        10.1276       -1.38656        15.4319       -226.460       0.471500E+09    6.02679       0.602679        15.7800       0.458091E+09   0.127964E+08    612478.        926294.        101.434       -2.51033        1.94981               0           1        2737
         181    9.01797        9.01714        10.1600        90.7354        69.9342       -26.7418       0.177475E+09    5.09352       0.509353        12.8200       0.176586E+09    849599.        39913.5        91908.1       -123.995       -415.518        14.9299               0           1        2708
         182    9.63433        9.93090        10.1140       -37.0754       -101.105        71.1106       0.149671E+09    4.24153       0.424153        10.5000       0.129613E+09   0.199248E+08    133668.        74791.1        122.778       -49.6741       -3.49925               0           1        2702
         183    9.18195        9.67200        10.9232        98.4074        8.57927       -109.468       0.210957E+09    5.37939       0.537939        14.2200       0.208594E+09   0.223965E+07    123244.        420477.       -58.3422       -153.330        320.506               0           1        2698
         184    9.72029        10.0285        10.2186       -1.53691        10.9501      -0.917324       0.197610E+09    4.31200       0.431200        10.8400       0.196705E+09    849384.        55391.0        130595.        157.194       -10.5858        38.4117               0           1        2675
         185    10.0535        10.4224        10.8498        95.3557       -105.249       -163.634       0.249030E+09    5.62842       0.562842        15.0900       0.248500E+09    439104.        90263.1        682410.        290.594        147.093        291.122               0           1        2674
         186    9.62014        9.92863        10.2517        47.4042       -73.8377       -221.274       0.178549E+09    5.01866       0.501866        12.9000       0.178332E+09    192256.        24826.1        35894.6        117.097       -50.5830        51.6320               0           1        2664
         187    9.45012        10.0382        9.99944       -56.1030        101.723       -140.222       0.263080E+09    4.66793       0.466793        13.7900       0.261802E+09   0.101506E+07    262376.        444612.        49.0255       -6.71424       -49.3498               0           0        2657
         188    9.10222        10.2163        9.99208        215.470       -53.6191        63.3447       0.189669E+09    5.04828       0.504828        13.0900       0.181906E+09   0.753374E+07    228747.        401191.       -90.2639        64.6000       -52.2966               0           1        2650
         189    9.86042        9.99384        10.2484        42.3954       -11.5282       0.144403       0.202370E+09    5.12035       0.512035        13.5000       0.199532E+09   0.277786E+07    60382.1        189329.        213.298       -24.4747        50.3228               0           1        2607
         190    9.80994        9.97722        10.5056        144.555        66.9753       -156.085       0.364192E+09    6.40474       0.640474        15.8500       0.361984E+09   0.196423E+07    244259.        738856.        193.087       -31.1289        153.294               0           1        2599
         191    10.0683        9.87195        9.73195        75.0349        31.7739        121.090       0.205470E+09    5.28010       0.528010        14.8500       0.204936E+09    62140.1        471712.       0.137083E+07    296.535       -73.2761       -156.445               0           1        2598
         192    9.51102        10.0784        10.1127       -3.51258        198.223        97.6621       0.243362E+09    4.27637       0.427637        10.7300       0.241350E+09   0.178741E+07    224159.        507440.        73.4082        9.38872       -4.00372               0           1        2594
         193    8.97345        9.99251        10.0317        190.725       -5.05802       -145.972       0.170307E+09    4.93738       0.493738        12.1900       0.170184E+09    123154.        0.00000        0.00000       -141.820       -25.0072       -36.4298               1           1        2532
         194    9.87177        10.5805        10.5286        15.4668       -96.2256       -115.415       0.254481E+09    4.52019       0.452019        11.3600       0.254070E+09    409799.        867.868        22797.4        217.842        210.387        162.527               0           1        2523
         195    9.38660        10.2880        10.5883        98.6221       -87.5656       -196.093       0.168754E+09    4.96621       0.496621        12.6600       0.168521E+09    232331.        0.00000        0.00000        23.5939        93.3147        186.421               1           1        2435
         196    9.08882        10.2826        9.90728        161.627       -25.6197        95.8992       0.112865E+09    4.25475       0.425475        10.7000       0.112403E+09    379252.        83188.6        151981.       -95.6288        91.1207       -86.2481               0           1        2419
         197    8.35888        9.98980        10.1482        124.554        5.55147       -37.0802       0.143681E+09    4.64511       0.464511        10.9700       0.140254E+09   0.341099E+07    15621.3        40551.2       -387.876       -26.0922        10.2215               0           1        2415
         198    9.68336        9.71505        10.5957        128.885        54.3661       -147.426       0.177760E+09    5.04228       0.504228        12.1900       0.177334E+09    426534.        0.00000        0.00000        142.408       -136.094        189.364               1           1        2409
         199    9.32076        10.2114        10.1189        261.582       -136.097        94.4101       0.186819E+09    4.94339       0.494339        13.9700       0.186396E+09    281065.        142334.        326028.       -2.76657        62.6262       -1.50940               0           0        2404
         200    9.53627        10.4431        10.1021        64.6471       -154.308       -39.5777       0.236122E+09    5.54514       0.554514        13.1200       0.236113E+09    8985.06        0.00000        0.00000        83.5176        155.416       -8.23565               1           1        2384
         201    9.18398        10.6788        10.6363        114.650       -92.0661       -145.373       0.183347E+09    5.10874       0.510874        12.8400       0.182239E+09   0.110834E+07    0.00000        0.00000       -57.5294        249.780        205.639               1           1        2383
         202    8.39541        10.0172        10.1502        132.687        12.7221       -63.8302       0.145590E+09    4.68074       0.468074        11.5900       0.143829E+09   0.176034E+07    0.00000        0.00000       -373.251       -15.1421        11.0142               1           1        2362
         203    9.19804        10.3024        10.8092        96.7898       -88.3299       -170.238       0.156274E+09    4.82407       0.482408        11.3900       0.155635E+09    600691.        38331.1        48966.8       -51.9002        99.0720        274.847               0           1        2357
         204    8.61557        10.1874        9.75845        141.911       -33.7703       -42.4606       0.199742E+09    5.23526       0.523526        13.8600       0.199366E+09    193515.        183029.        587109.       -285.105        53.0333       -145.835               0           1        2348
         205    9.61856        9.92747        10.1578       -47.9379       -47.3092        115.878       0.175771E+09    4.72398       0.472398        11.8100       0.170600E+09   0.517127E+07    0.00000        0.00000        116.464       -51.0474        14.0611               1           1        2288
         206    9.40757        10.0932        10.0749        358.466        129.349       -30.3595       0.215817E+09    3.86639       0.386639        11.3900       0.214663E+09   0.110384E+07    50615.6        23449.7        31.9897        15.3222       -19.1378               0           0        2278
         207    9.89128        9.82537        10.3345        75.9070       -3.29285        94.4915       0.130167E+09    4.47415       0.447415        11.5000       0.130028E+09    138592.        0.00000        0.00000        225.654       -91.9254        84.7788               1           1        2276
         208    9.30887        9.62243        10.8357        99.9840        34.1408       -119.582       0.195374E+09    5.21043       0.521043        12.7700       0.192631E+09   0.274232E+07    0.00000        0.00000       -7.52699       -173.177        285.481               1           1        2269
         209    9.29524        9.96248        10.0812       -125.812       -100.399       -129.742       0.164963E+09    3.99410       0.399411        11.6700       0.164863E+09    100049.        0.00000        0.00000       -12.9841       -37.0304       -16.5994               1           0        2261
         210    9.15660        9.76012        10.8525        119.449        29.7125       -103.187       0.180646E+09    5.11515       0.511515        12.3600       0.180410E+09    38534.0        197457.        445520.       -68.4916       -118.050        292.175               0           1        2257
         211    9.84121        10.7603        10.3764        66.1142       -143.574       -48.1080       0.193453E+09    5.25167       0.525167        13.1800       0.192964E+09    489466.        0.00000        0.00000        205.607        282.410        101.566               1           1        2236
         212    9.28466        9.98105        9.99953        289.512       -63.0136        78.8453       0.160334E+09    4.24193       0.424194        11.4700       0.159875E+09    103452.        355775.        542083.       -17.2200       -29.5955       -49.3138               0           0        2203
         213    9.25576        10.2596        10.1207        256.020       -70.4054        89.3975       0.108230E+09    4.06537       0.406537        11.0500       0.106916E+09   0.128162E+07    32576.5        83187.3       -28.7907        81.9321      -0.812755               0           1        2164
         214    9.92963        10.0224        9.41404        63.4313        29.7309        101.877       0.134975E+09    4.57064       0.457064        10.7800       0.134933E+09    41385.9        0.00000        0.00000        241.008       -13.0201       -283.728               1           1        2161
         215    9.05926        10.2971        9.93095        65.2222       -63.7642        130.040       0.143434E+09    4.64911       0.464911        11.5900       0.143081E+09    353054.        0.00000        0.00000       -107.464        96.9220       -76.7713               1           1        2160
         216    8.15274        10.1834        9.75021        86.6056       -15.8808       -47.4584       0.209636E+09    5.34896       0.534896        13.1600       0.209093E+09    513207.        30036.0        88070.8       -470.409        51.4038       -149.135               0           1        2154
         217    9.32760        10.0548        10.1229        97.5531       -109.656       -40.8752       0.765832E+11    6.12448       0.612448        32.4500       0.464686E+11   0.315149E+10   0.269630E+11   0.108714E+11  -0.280260E-01  -0.680632E-01   0.800744E-01           0           0        2153
         218    10.0829        9.90732        10.2680        52.4077       -105.148        93.5372       0.184514E+09    4.97021       0.497021        12.9200       0.169103E+09   0.153020E+08    109217.        333655.        302.389       -59.1149        58.1540               0           1        2135
         219    9.45943        9.67432        10.7105        121.598        30.6252       -137.574       0.141901E+09    4.68835       0.468835        12.0500       0.140587E+09   0.127295E+07    41203.2        73452.6        52.7530       -152.402        235.343               0           1        2123
         220    8.47255        10.0100        10.1695        135.013        4.75893       -45.8028       0.154191E+09    4.56584       0.456584        11.9100       0.149483E+09   0.467854E+07    30278.8        58742.0       -342.366       -17.9967        18.7334               0           1        2084
         221    9.85117        10.6388        10.5013        80.1464       -109.112       -106.335       0.198404E+10    3.89521       0.389521        12.7500       0.171791E+10   0.208536E+09   0.575898E+08   0.132031E+08    209.595        233.761        151.577               0           1        2081
         222    9.88662        10.1008        9.29605        51.2512        28.2752        98.5187       0.141432E+09    4.66112       0.466112        11.7700       0.141418E+09    14043.3        0.00000        0.00000        223.788        18.3370       -330.967               1           1        2051
         223    9.31079        10.1173        10.0216       -79.0964        83.8109        79.5051       0.145205E+09    4.26596       0.426596        11.4600       0.139839E+09   0.508361E+07    282981.        359762.       -6.75828        24.9512       -40.4856               0           0        2040
         224    8.97120        10.1732        9.80331        141.624       -42.2703        80.2280       0.132402E+09    4.33362       0.433362        10.8300       0.116560E+09   0.158418E+08    0.00000        0.00000       -142.721        47.3240       -127.875               1           1        2030
         225    9.67989        10.0098        10.3247       0.711007       -28.9762       0.658285       0.127756E+09    4.24554       0.424554        11.5800       0.111821E+09   0.159079E+08    27514.9        86188.0        141.019       -18.0848        80.8871               0           1        2015
         226    9.62954        10.2206        10.0572        18.8541       -165.530       -20.0907       0.195681E+09    5.26328       0.526328        13.3600       0.195624E+09    56957.2        0.00000        0.00000        120.860        66.3256       -26.2284               1           1        1995
         227    10.2525        10.4809        9.60556        85.3996       -49.5093        38.6862       0.191198E+09    5.24527       0.524527        13.5700       0.190470E+09    717703.        10494.5        17209.1        370.288        170.542       -207.048               0           1        1990
         228    9.87289        10.7124        10.4573        53.9725       -143.878       -30.1681       0.120178E+09    4.38126       0.438126        11.2000       0.119220E+09    957462.        0.00000        0.00000        218.291        263.201        133.976               1           1        1989
         229    9.44819        10.2568        10.4312        89.1934       -91.1498       -205.114       0.117923E+09    4.39167       0.439167        10.4300       0.117890E+09    33297.0        0.00000        0.00000        48.2528        80.8151        123.495               1           1        1981
         230    9.57731        10.2540        10.6083        89.4465       -93.4642       -196.212       0.151698E+09    4.77083       0.477083        11.4900       0.149732E+09   0.196633E+07    0.00000        0.00000        99.9489        79.6780        194.441               1           1        1976
         231    9.13653        9.98208        9.85633        177.581       -51.4159        72.7745       0.145414E+09    4.75001       0.475001        11.8900       0.145159E+09    178791.        76240.3        136070.       -76.5271       -29.1831       -106.647               0           1        1976
         232    9.84548        10.6208        10.5163        42.5064       -135.543       -134.152       0.231040E+09    3.56411       0.356411        10.3800       0.229378E+09   0.138562E+07    276569.        72901.8        207.317        226.558        157.578               0           1        1960
         233    9.32948        10.0131        10.0742       -17.9158       -234.684       -217.832       0.312562E+09    3.63097       0.363097        11.9200       0.306032E+09   0.610320E+07    426873.        285372.       0.724673       -16.7636       -19.4301               0           0        1957
         234    9.71955        10.0363        10.3098        105.410        26.8139       -206.583       0.209946E+09    4.92377       0.492377        13.0600       0.206349E+09   0.349101E+07    106215.        182269.        156.898       -7.47494        74.9256               0           1        1946
         235    9.39383        10.3333        10.2939        127.539       -152.527       -119.938       0.134375E+09    4.61788       0.461788        12.4000       0.134351E+09    24058.5        0.00000        0.00000        26.4886        111.428        68.5317               1           1        1940
         236    9.22718        9.54145        11.0693        105.320        63.8295       -86.7347       0.366267E+09    6.39794       0.639794        16.4100       0.363148E+09   0.311905E+07    0.00000        0.00000       -40.2334       -205.599        378.992               1           1        1909
         237    9.35770        9.11392        10.3406        105.602        74.4412       -42.6318       0.113665E+09    4.33682       0.433682        10.3900       0.113650E+09    14655.4        0.00000        0.00000        12.0232       -376.770        87.2451               1           1        1906
         238    9.07297        10.2583        10.9197        89.6735       -80.5893       -158.168       0.165280E+09    4.92737       0.492737        11.5600       0.164780E+09    500366.        0.00000        0.00000       -101.975        81.4156        319.084               1           1        1904
         239    8.78703        10.2458        9.79264        162.490        46.5717        13.1377       0.117995E+09    4.34003       0.434003        10.3000       0.117641E+09    299040.        55480.8        68998.2       -216.457        76.3990       -132.147               0           1        1900
         240    9.96063        10.8061        10.5134        64.8174       -180.255       -87.4850       0.129424E+09    4.53621       0.453621        11.5100       0.129114E+09    309871.        0.00000        0.00000        253.419        300.731        156.437               1           1        1875
         241    9.90120        10.7263        10.5811        24.9066       -132.882       -133.982       0.161359E+09    4.31961       0.431961        11.5100       0.159127E+09   0.223277E+07    0.00000        0.00000        229.625        268.770        183.551               1           1        1865
         242    8.86806        10.5239        10.1937        132.443       -119.610       -117.061       0.170059E+09    4.91576       0.491576        11.6300       0.163450E+09   0.660917E+07    0.00000        0.00000       -184.015        187.762        28.4384               1           1        1845
         243    10.0579        10.0154        10.4332        91.4524       -133.041       -150.418       0.142671E+09    4.65552       0.465552        12.7000       0.142499E+09    136256.        35461.2        107859.        292.356       -15.8227        124.336               0           1        1844
         244    9.47768        10.2460        10.3588        92.3692       -102.346       -199.592       0.119890E+09    4.21871       0.421871        10.5300       0.119885E+09    5021.65        0.00000        0.00000        60.0598        76.4750        94.5078               1           1        1814
         246    9.43589        10.4157        10.3224        107.933       -80.7405       -127.837       0.217940E+09    4.43732       0.443732        12.0900       0.217822E+09    8414.35        109360.        133410.        43.3283        144.426        79.9543               0           1        1803
         247    9.50768        9.20584        9.57307        79.1149        51.1702        62.2001       0.139604E+09    4.70757       0.470757        12.0000       0.139506E+09    70873.7        27399.5        85545.8        72.0710       -339.968       -220.056               0           1        1791
         249    9.01257        10.9648        10.5332        96.7254       -127.636       -112.049       0.171500E+09    4.96461       0.496461        13.1500       0.170267E+09   0.123247E+07    0.00000        0.00000       -126.157        364.278        164.369               1           1        1761
         250    9.28058        10.1064        10.1504        47.9914       -74.0363       -241.377       0.382030E+09    4.28798       0.428798        12.5900       0.328063E+09   0.537934E+08    173591.        211341.       -18.8535        20.5871        11.1063               0           0        1756
         252    8.97273        10.5686        10.2811        122.560       -143.527       -81.5910       0.154607E+09    4.77003       0.477003        11.2200       0.153057E+09   0.154933E+07    0.00000        0.00000       -142.108        205.639        63.4269               1           1        1747
         253    9.60070        10.5876        10.3936        24.5774       -90.7443       -106.832       0.126658E+09    4.29999       0.429999        11.1300       0.125539E+09   0.111891E+07    0.00000        0.00000        109.314        213.242        108.441               1           1        1724
         254    9.04301        10.0211        9.79917        160.503       -79.8640        29.6817       0.126220E+09    4.47535       0.447535        11.0100       0.126121E+09    24690.3        74621.2        103740.       -113.970       -13.5606       -129.532               0           1        1716
         255    9.45703        10.2397        10.3474        73.2073       -105.108       -204.636       0.151156E+09    4.52219       0.452220        11.3600       0.151145E+09    10715.6        0.00000        0.00000        51.7921        73.9527        89.9636               1           1        1712
         256    9.63962        10.2395        10.0591        16.0365       -172.084       -13.3314       0.109339E+09    4.28237       0.428237        10.8100       0.109327E+09    12450.6        0.00000        0.00000        124.896        73.8806       -25.4516               1           1        1705
         257    9.92977        10.3817        10.4343        67.6323       -88.8504       -133.274       0.130113E+09    4.57464       0.457464        11.6800       0.130028E+09    16399.3        68068.2        112251.        241.064        130.810        124.764               0           1        1698
         258    9.00675        10.1031        9.70773        166.743       -48.0327        18.6887       0.127885E+09    4.54742       0.454742        11.1300       0.127035E+09    849745.        0.00000        0.00000       -128.487        19.2699       -166.142               1           1        1692
         259    10.0157        10.4458        10.8333        93.9356       -108.104       -154.898       0.143816E+09    4.73079       0.473079        12.4300       0.142998E+09    818507.        0.00000        0.00000        275.464        156.457        284.492               1           1        1680
         260    9.37827        10.8387        10.7333        94.5407       -134.439       -161.022       0.110160E+09    4.29398       0.429398        10.8700       0.109493E+09    666881.        0.00000        0.00000        20.2588        313.771        244.487               1           1        1657
         261    9.44551        10.0824        9.95295       -55.4208        49.9007       -65.6875       0.616728E+09    4.50578       0.450578        13.6700       0.613560E+09   0.210177E+07   0.106623E+07   0.233842E+07    47.1798        10.9702       -67.9631               0           1        1651
         262    9.86483        10.5873        10.5250        82.9066       -174.227       -102.857       0.362495E+09    4.52660       0.452660        11.5900       0.361984E+09    511518.        0.00000        0.00000        215.064        213.146        161.070               1           1        1647
         263    9.06528        9.55084        10.9038        112.619       -20.6923       -126.070       0.124718E+09    4.34043       0.434043        10.4700       0.124624E+09    93528.5        0.00000        0.00000       -105.054       -201.840        312.719               1           1        1645
         264    9.53966        10.5528        10.1130        62.2286       -148.006       -30.0927       0.134773E+09    4.60027       0.460027        10.9200       0.134767E+09    5709.28        0.00000        0.00000        84.8748        199.337       -3.86359               1           1        1619
         265    9.96892        9.97212        10.2635        61.7368       -28.1144        63.6433       0.106093E+09    4.23193       0.423193        10.6500       0.105170E+09    923246.        0.00000        0.00000        256.739       -33.1708        56.3524               1           1        1593
         266    9.28557        9.94896        10.5170        142.595        55.6050       -153.890       0.129385E+09    4.56063       0.456063        11.1300       0.129114E+09    141268.        129541.        163112.       -16.8557       -42.4434        157.855               0           1        1591
         267    9.88811        10.7369        10.5584        35.7110       -184.635       -178.905       0.289865E+09    4.28117       0.428117        10.7100       0.283002E+09   0.683419E+07    28847.6        94711.7        224.384        273.010        174.426               0           1        1577
         268    9.51467        10.5396        10.4109        123.999       -217.767       -208.876       0.257014E+09    3.49284       0.349284        11.1400       0.242680E+09   0.140503E+08    283635.        391384.        74.8696        194.016        115.399               0           1        1570
         269    9.94662        10.8699        10.5298        75.2219       -172.158       -84.7308       0.106788E+09    4.22112       0.422112        10.8900       0.105586E+09   0.120246E+07    0.00000        0.00000        247.810        326.279        163.003               1           1        1568
         271    10.0752        10.1150        10.0146        44.5607       -96.8713        30.4425       0.125195E+09    4.37045       0.437045        11.3400       0.119137E+09   0.603640E+07    21737.7        35991.5        299.306        24.0303       -43.2962               0           1        1553
         272    9.87614        10.0285        9.95568        49.9964        15.6324        136.942       0.129959E+09    4.60427       0.460427        11.0700       0.129446E+09    513030.        0.00000        0.00000        219.592       -10.5778       -66.8701               1           1        1547
         273    9.05981        9.88739        9.53078        60.5857        63.3734        91.6127       0.135996E+09    4.65592       0.465592        11.2300       0.135682E+09    313963.        0.00000        0.00000       -107.244       -67.0943       -236.988               1           1        1546
         275    9.84056        10.7910        10.4465        76.4060       -169.182       -72.1038       0.124570E+09    4.53781       0.453781        11.8900       0.124209E+09    217736.        143173.        370130.        205.347        294.698        129.628               0           1        1535
         276    9.86882        10.7114        10.5166        66.9849       -140.916       -133.488       0.302058E+09    4.28477       0.428478        10.2700       0.275853E+09   0.261121E+08    93059.9        163890.        216.661        262.820        157.719               0           1        1483
         277    9.56160        10.2812        10.0792        31.7120       -176.916       -27.0493       0.109007E+09    4.32081       0.432081        10.6900       0.108994E+09    12236.4        0.00000        0.00000        93.6590        90.5721       -17.4282               1           1        1456
         278    9.52273        10.4724        10.1689        70.2228       -151.239       -45.1317       0.113083E+09    4.38487       0.438487        11.2800       0.113068E+09    1441.34        13317.8        32775.0        78.0966        167.123        18.4772               0           1        1432
         279    9.40844        11.0266        10.4886        87.7510       -144.020       -114.254       0.172116E+09    4.97702       0.497702        11.8400       0.172096E+09    19345.2        0.00000        0.00000        32.3380        389.029        146.488               1           1        1391
         280    8.73118        10.2931        10.8692        100.476       -71.7801       -119.806       0.130260E+09    4.54862       0.454862        11.7400       0.130111E+09    148667.        0.00000        0.00000       -238.818        95.3486        298.898               1           1        1385
         281    9.24451        9.54493        11.0582        91.7451        53.3076       -98.8498       0.150168E+09    4.64711       0.464711        12.3300       0.148818E+09   0.135061E+07    0.00000        0.00000       -33.2949       -204.206        374.544               1           1        1369
         282    8.51914        10.3181        9.53064        124.763       -25.6370       -38.2010       0.128209E+09    4.50138       0.450138        11.2700       0.126869E+09   0.130991E+07    30306.0        146036.       -323.713        105.346       -237.044               0           1        1368
         284    9.52867        10.4490        10.3529        122.650       -105.875       -109.812       0.135773E+09    4.18668       0.418668        10.0900       0.135765E+09    7992.68        0.00000        0.00000        80.4748        157.751        92.1536               1           1        1326
         285    10.2908        9.87868        10.2136        110.631       -52.6172       0.973772       0.106681E+09    4.22672       0.422672        11.3400       0.106334E+09    220524.        126218.        186721.        385.610       -70.5816        36.3938               0           1        1314
         286    8.91810        10.8100        10.3731        104.439       -122.366       -93.5728       0.113329E+09    4.38126       0.438126        10.9500       0.112985E+09    344113.        0.00000        0.00000       -163.980        302.301        100.241               1           1        1310
         287    9.31482        10.2626        10.4537        134.619       -113.792       -194.159       0.801528E+09    4.21751       0.421751        13.4200       0.750159E+09   0.496746E+08   0.169481E+07   0.315416E+07   -5.14478        83.1252        132.515               0           1        1308
         290    10.3091        9.81945        10.7125        154.075       -85.0275       -183.835       0.119037E+09    4.42651       0.442651        11.7200       0.118472E+09    539731.        25194.9        52371.0        392.921       -94.2956        236.155               0           1        1232
         291    9.51580        10.1675        10.5730        94.8669       -66.6313       -199.127       0.114798E+09    4.38487       0.438487        10.4800       0.114731E+09    67169.9        0.00000        0.00000        75.3220        45.0418        180.291               1           1        1210
         293    10.1881        9.98940        10.3109        138.578       -11.1289       -87.9110       0.114258E+09    4.35204       0.435204        11.6800       0.114232E+09    25610.7        0.00000        0.00000        344.504       -26.2524        75.3460               1           1        1152
         294    9.05591        9.53205        11.0336        92.7481        26.7708       -129.099       0.162156E+09    4.90415       0.490415        12.3000       0.159293E+09   0.286339E+07    0.00000        0.00000       -108.805       -209.362        364.711               1           1        1107
         295    8.78831        10.6757        10.5946        102.504       -85.7550       -118.967       0.178681E+09    5.01946       0.501946        12.2900       0.178664E+09    16954.6        0.00000        0.00000       -215.945        248.515        188.924               1           1        1067
         297    8.75492        10.3263        9.58878        61.1905       -44.2003        41.0454       0.112536E+09    4.17828       0.417828        11.4000       0.109077E+09   0.344103E+07    17961.2        45215.6       -229.313        108.637       -213.767               0           1         986
         300    8.61840        9.65044        10.5741        99.2162        65.7838       -72.4337       0.112241E+09    4.25955       0.425955        11.1000       0.112237E+09    4669.54        0.00000        0.00000       -283.972       -161.962        180.736               1           1         873
         304    9.32779        10.0548        10.1224        87.8351        132.681       -41.6225       0.536692E+11    4.06297       0.406297        17.5300       0.279894E+11   0.149248E+10   0.241874E+11   0.973999E+10   0.480446E-01  -0.680632E-01  -0.120112               0           0         705
         306    10.3719        9.79502        10.3005        169.081       -33.2829        43.6362       0.395631E+09    4.51299       0.451299        13.3200       0.366058E+09   0.291442E+08    428681.        451710.        418.060       -104.077        71.2062               0           1         661
         310    9.32773        10.0549        10.1226        73.5982        79.6131       -4.13122       0.545933E+11    4.15185       0.415185        18.1100       0.287591E+11   0.147847E+10   0.243557E+11   0.980402E+10   0.240223E-01  -0.280260E-01  -0.400372E-01           0           0         443
         328    9.32762        10.0549        10.1228        80.7620       -82.6487        2.26730       0.716115E+11    5.68207       0.568207        29.0000       0.424248E+11   0.268205E+10   0.265046E+11   0.106763E+11  -0.200186E-01  -0.280260E-01   0.400372E-01           0           0         160
         329    9.32771        10.0548        10.1226        96.7564        65.9529       -65.8714       0.736975E+11    5.86664       0.586664        30.4200       0.441236E+11   0.286104E+10   0.267129E+11   0.107612E+11   0.160149E-01  -0.680632E-01  -0.400372E-01           0           0         157
         330    9.32771        10.0548        10.1227        102.762        2.20434       -66.9988       0.522598E+11    3.93885       0.393885        16.7400       0.269404E+11   0.136056E+10   0.239588E+11   0.964198E+10   0.160149E-01  -0.680632E-01    0.00000               0           0         102
