#          i      x              y              z              v_x            v_y            v_z            Mvir           Rvir     Rs (Rockstar)       v_max           Mdm           Mgas           Mstars    Avg age of stars     xc             yc             zc      flag DM only  flag outside Rvir  Np bound
# (h^-1 comoving Mpc) (h^-1 comoving Mpc) (h^-1 comoving Mpc) (km/s)         (km/s)         (km/s)         (Msun)         (kpc)         (kpc)           (km/s)         (Msun)         (Msun)         (Msun)         (yrs)          (kpc)          (kpc)          (kpc)
           1    9.41452        10.0532        10.1088        74.0034       -73.2850        34.6315       0.643956E+12    83.1668        8.31668        242.150       0.561490E+12   0.445855E+11   0.378804E+11   0.158382E+11    0.00000        0.00000        0.00000               0           0     7935992
           2    9.58253        10.4115        10.3100        85.8083       -157.428       -121.381       0.480517E+11    35.2253        3.52253        83.3300       0.449945E+11   0.189368E+10   0.116346E+10   0.584691E+09    74.4167        158.720        89.1176               0           1      504083
           3    10.1058        9.83429        10.1715        104.820      -0.300016       -33.6701       0.218614E+11    25.9491        2.59490        53.7400       0.187428E+11   0.282723E+10   0.291364E+09   0.130393E+09    306.171       -96.9442        27.7585               0           1      178370
           4    9.92024        10.5112        10.3908        66.3811       -107.601       -106.501       0.233840E+11    26.8163        2.68163        54.3600       0.214723E+11   0.175730E+10   0.154345E+09   0.522846E+08    223.999        202.893        124.911               0           1      125252
           5    9.96037        10.5646        10.3942        42.4785       -181.392       -138.379       0.175986E+11    22.9588        2.29588        50.0300       0.159860E+11   0.154266E+10   0.700032E+08   0.322814E+08    241.774        226.532        126.412               0           1      120204
           6    9.48401        10.0820        10.0297        243.677       -20.4185        28.9199       0.185561E+11    16.9084        1.69084        49.2600       0.176747E+11   0.507134E+09   0.374270E+09   0.287170E+09    30.7792        12.7785       -35.0358               0           0      104018
           7    9.03310        10.0854        10.0538        210.198        9.67792       -87.9028       0.781200E+10    18.8710        1.88710        42.0200       0.697294E+10   0.747550E+09   0.915016E+08   0.566610E+08   -168.943        14.2801       -24.3612               0           1       79699
           8    9.83326        10.6282        10.4470        105.423       -154.357       -172.925       0.486549E+10    16.6471        1.66471        36.2800       0.464361E+10   0.210468E+09   0.114120E+08   0.205968E+08    185.473        254.716        149.795               0           1       50059
           9    9.47197        10.0327        9.92757       -88.6985       0.707592       -23.2711       0.621129E+10    15.9743        1.59743        36.9900       0.591351E+10   0.249217E+09   0.485657E+08   0.480014E+08    25.4464       -9.08450       -80.2767               0           1       46974
          11    9.46128        10.1405        10.2325        146.849       -143.548       -252.641       0.399875E+10    13.6502        1.36502        28.9300       0.362839E+10   0.365895E+09   0.446339E+07   0.593688E+07    20.7114        38.6855        54.7905               0           0       39730
          12    9.48628        9.90042        10.1280        135.670       -106.836       -70.8417       0.637399E+10    12.0357        1.20357        25.4400       0.611324E+10   0.195388E+09   0.653567E+08   0.393292E+08    31.7847       -67.6532        8.48212               0           0       36810
          13    10.0901        9.79334        10.1467        73.4048        15.8823        23.7985       0.453116E+10    14.5122        1.45122        33.1500       0.434869E+10   0.153984E+09   0.284853E+08   0.348662E+08    299.226       -115.082        16.7871               0           1       36777
          14    9.17119        10.1684        10.0046        179.775        93.8343        121.171       0.419117E+10    15.4808        1.54808        38.8300       0.412354E+10   0.546470E+08   0.129872E+08   0.376672E+08   -107.778        51.0212       -46.1622               0           1       36628
          15    9.36434        10.5931        10.4048        119.913       -151.739       -148.629       0.341871E+10    13.8774        1.38774        30.6100       0.296516E+10   0.445423E+09   0.813253E+07   0.494201E+07   -22.2263        239.138        131.085               0           1       32064
          16    9.89828        10.5451        10.4252        86.1172       -100.617       -94.0039       0.344107E+10    12.6501        1.26501        28.7500       0.331012E+10   0.120335E+09   0.106165E+08   0.255774E+08    214.272        217.917        140.152               0           1       31984
          17    9.48711        9.90838        10.1145        82.2970       -158.503       -138.614       0.634109E+10    11.6039        1.16039        28.8700       0.576322E+10   0.504104E+09   0.737676E+08   0.371904E+08    32.1523       -64.1275        2.52470               0           0       29474
          18    9.45382        10.0793        9.88446       -33.2343        106.925       -20.5225       0.257380E+10    12.6970        1.26970        32.2000       0.255528E+10   0.624564E+07   0.122737E+08   0.178002E+08    17.4072        11.5959       -99.3715               0           1       28577
          19    9.71556        10.0293        10.2932       -16.2773       -2.26082       -11.5572       0.318258E+10    12.5283        1.25283        28.4900       0.231966E+10   0.848139E+09   0.147775E+08   0.864308E+07    133.340       -10.5683        81.6764               0           1       25364
          20    9.76415        10.2413        10.2839        12.4153        23.3157        35.3639       0.194977E+10    12.3852        1.23852        29.1000       0.194303E+10    284358.       0.645592E+07   0.930402E+07    154.862        83.3241        77.5483               0           1       24442
          21    9.59440        9.93938        10.1114        261.737       -63.9410        10.6428       0.810961E+09    8.19908       0.819908        18.8600       0.799542E+09   0.342662E+07   0.799213E+07   0.120272E+08    79.6743       -50.3966        1.16491               0           1       22138
          22    9.02583        10.1226        9.77346        157.034       -100.235       -27.5923       0.261958E+10    13.3118        1.33118        31.0900       0.253514E+10   0.766280E+08   0.782069E+07   0.974136E+07   -172.163        30.7615       -148.537               0           1       21199
          23    9.78893        10.0733        10.0434        37.5632        56.9593       -163.676       0.272343E+10    13.1519        1.31519        30.9500       0.267798E+10   0.343566E+08   0.110958E+08   0.803583E+07    165.838        8.93834       -28.9544               0           1       20408
          24    9.46570        9.92949        10.1005        61.5823       -86.7371       -129.236       0.274939E+10    9.34627       0.934627        23.9900       0.217484E+10   0.539610E+09   0.349369E+08   0.119459E+08    22.6692       -54.7772       -3.65861               0           0       19771
          25    9.56662        10.3448        10.2530        91.8277       -105.163       -114.207       0.175097E+10    10.6547        1.06547        26.1900       0.151162E+10   0.226344E+09   0.130074E+08   0.903046E+07    67.3697        129.176        63.8617               0           1       19184
          26    8.79373        10.0982        10.0363        166.152        20.5510       -93.8419       0.292397E+10    13.3349        1.33349        29.0600       0.263133E+10   0.276956E+09   0.156897E+08   0.118929E+08   -274.967        19.9584       -32.1036               0           1       18673
          27    9.28506        10.2462        10.1201        185.955       -181.713       -103.117       0.156593E+10    10.3619        1.03619        23.9500       0.154887E+10   0.146821E+08   0.237267E+07   0.325093E+07   -57.3418        85.5254        5.00511               0           1       18503
          28    9.48166        10.0709        10.2457       -64.9012        9.37464       -145.264       0.187169E+10    11.0170        1.10170        29.4200       0.185482E+10   0.119567E+08   0.491525E+07   0.102495E+08    29.7384        7.85759        60.6195               0           0       17762
          29    9.94281        10.3550        10.3022        58.5118       -97.3199       -121.964       0.148712E+10    11.2526        1.12526        25.5300       0.145143E+10   0.341240E+08   0.157069E+07   0.318221E+07    233.996        133.699        85.6406               0           1       17674
          30    10.0094        10.6509        10.4421        67.8808       -177.592       -173.793       0.144674E+10    10.5683        1.05683        24.1600       0.130959E+10   0.135718E+09   0.142445E+07   0.337254E+07    263.486        264.771        147.642               0           1       16841
          31    9.28706        10.5309        10.5611        109.672       -109.914       -177.752       0.165243E+10    11.6176        1.16176        25.4200       0.161430E+10   0.369933E+08   0.113350E+07   0.301765E+07   -56.4559        211.614        200.311               0           1       16730
          32    9.54575        10.3259        10.2203        99.7792       -102.177       -117.626       0.163226E+10    10.7694        1.07694        23.5400       0.154306E+10   0.873346E+08   0.187249E+07   0.169771E+07    58.1258        120.796        49.3867               0           1       15744
          33    9.96979        9.77398        9.27694        70.6543        47.2835        99.3798       0.118632E+10    10.5426        1.05426        24.0000       0.118247E+10   0.353571E+07    305865.        332635.        245.946       -123.657       -368.461               0           1       15413
          34    10.0361        9.97854        10.3980        72.3354       -34.7936        19.8647       0.194339E+10    11.6017        1.16017        26.8700       0.177350E+10   0.162733E+09   0.715048E+07   0.122151E+08    275.330       -33.0515        128.109               0           1       14873
          36    9.59172        10.6704        10.5172        96.8821       -137.312       -174.770       0.125087E+10    10.6042        1.06042        22.3800       0.122446E+10   0.258237E+08    583945.       0.260632E+07    78.4873        273.399        180.880               0           1       14663
          37    9.23208        9.63454        10.8185        107.136        20.4113       -112.310       0.111420E+10    9.95574       0.995574        20.1900       0.103856E+10   0.752958E+08    342637.        504976.       -80.8082       -185.420        314.326               0           1       13995
          38    9.80765        10.5231        10.3629        83.5899       -108.895       -110.593       0.130650E+10    10.2215        1.02215        24.6200       0.118056E+10   0.124618E+09   0.132100E+07   0.511447E+07    174.129        208.160        112.553               0           1       13781
          39    9.23549        10.1031        10.0140        205.129       -56.3031        130.678       0.924043E+09    8.80323       0.880323        21.2800       0.822569E+09   0.899441E+08   0.115301E+08   0.342639E+07   -79.2978        22.1155       -41.9987               0           1       13059
          40    9.53244        10.1758        10.1327        35.0424       -179.293       -178.979       0.810861E+09    8.67257       0.867257        19.7200       0.809682E+09    742126.        436627.       0.263322E+07    52.2304        54.2988        10.5639               0           0       12138
          41    9.36073        10.0437        10.2516       -36.6382        123.535       -85.9990       0.444038E+09    7.02443       0.702443        16.1700       0.442212E+09   0.164484E+07    180854.        281384.       -23.8252       -4.19898        63.2372               0           0       11612
          42    9.39397        10.1109        9.96836       -39.0275       -8.43798        104.366       0.157158E+10    9.04507       0.904507        21.8000       0.156484E+10   0.430429E+07   0.243064E+07   0.558141E+07   -9.10222        25.5704       -62.2096               0           0       11481
          43    9.02417        10.2960        9.78109        171.408        20.5082        27.6567       0.848102E+09    9.13765       0.913765        20.0200       0.798459E+09   0.493592E+08    283954.        619987.       -172.898        107.552       -145.157               0           1       11274
          44    9.17323        9.81274        10.5388        132.332        2.95802       -148.603       0.949393E+09    9.65455       0.965455        21.7700       0.938879E+09   0.979897E+07    714909.       0.195677E+07   -106.875       -106.489        190.456               0           1       11235
          45    10.1105        9.99521        10.0495        62.6664       -99.5830        51.2790       0.102666E+10    9.87955       0.987955        20.5000       0.987682E+09   0.387361E+08    240293.        556449.        308.288       -25.6678       -26.2746               0           1       11128
          46    9.28234        10.3131        10.1631        153.640       -173.155       -113.582       0.123899E+10    10.4523        1.04523        22.1400       0.119270E+10   0.462859E+08    0.00000        0.00000       -58.5465        115.135        24.0245               1           1       10827
          47    9.60377        10.4139        10.1374        64.9137       -177.340       -26.1405       0.883350E+09    9.56463       0.956463        21.4300       0.882927E+09    30660.5        392266.       0.130990E+07    83.8246        159.800        12.6501               0           1       10747
          48    9.71713        9.97956        10.0873        53.9033       -19.4355        2.81089       0.429044E+09    6.48760       0.648760        15.7400       0.376782E+09   0.431685E+08   0.909298E+07   0.978056E+07    134.035       -32.5997       -9.54515               0           1       10651
          49    9.27444        10.1308        10.1956        22.5538       -100.718       -92.9894       0.484402E+09    6.68913       0.668913        15.4400       0.480456E+09    423833.       0.352300E+07   0.113200E+07   -62.0457        34.3936        38.4552               0           0       10638
          50    9.48486        9.95105        10.0476        279.469        43.7471        149.683       0.562984E+09    6.58947       0.658947        14.0100       0.540731E+09   0.206770E+08   0.157616E+07   0.184987E+07    31.1557       -45.2276       -27.1206               0           0       10227
          51    9.82510        10.7728        10.1627        79.2422       -143.827       -53.6300       0.918203E+09    9.62177       0.962177        20.4100       0.915268E+09   0.293464E+07    0.00000        0.00000        181.858        318.755        23.8872               1           1       10216
          52    9.44881        10.5528        10.3665        128.160       -160.905       -141.279       0.806112E+09    9.10310       0.910310        19.2400       0.804112E+09   0.111022E+07    890000.       0.207361E+07    15.1881        221.288        114.143               0           1        9997
          53    9.72052        10.0054        10.1042       -19.0901        97.9454       -38.7232       0.104546E+10    8.73281       0.873281        21.3100       0.920590E+09   0.122620E+09   0.225236E+07   0.502485E+07    135.537       -21.1411       -2.02419               0           1        9863
          54    9.64488        10.2718        9.95821        34.6735       -165.775        21.9098       0.628228E+09    8.41656       0.841656        19.2900       0.627943E+09    113897.        171772.        649598.        102.033        96.8379       -66.7053               0           1        9498
          55    9.64951        10.0962        9.92059        128.414        20.5348        21.5196       0.334839E+09    6.64572       0.664572        17.9100       0.329560E+09    144152.       0.513449E+07   0.134551E+08    104.084        19.0726       -83.3684               0           1        9309
          56    9.26098        10.3873        10.1797        158.451       -170.465       -115.500       0.652916E+09    8.60037       0.860037        20.3400       0.644238E+09   0.811361E+07    564155.        793359.       -68.0075        147.996        31.4082               0           1        8847
          57    8.95619        10.4024        10.0904        156.219       -116.125       -97.9476       0.925489E+09    9.64569       0.964569        21.2900       0.921919E+09   0.334202E+07    227616.        789755.       -203.008        154.707       -8.14549               0           1        8668
          58    9.52712        10.0586        10.0901        60.4287       -40.0706        111.619       0.109599E+10    6.00037       0.600037        17.5300       0.108355E+10    135655.       0.123095E+08   0.143796E+08    49.8740        2.38740       -8.29609               0           0        8121
          59    9.33245        10.1834        10.0069        224.456       -95.8874        128.188       0.612822E+09    8.14858       0.814858        20.5500       0.604996E+09   0.647431E+07   0.135140E+07   0.297098E+07   -36.3513        57.7050       -45.1213               0           0        8119
          60    9.06998        9.77065        10.6733        120.609       -5.66005       -134.538       0.851433E+09    9.18282       0.918282        19.8000       0.847427E+09   0.370521E+07    300940.        715540.       -152.607       -125.132        250.052               0           1        8085
          61    9.33188        10.1341        10.4313        149.127       -70.0306       -198.709       0.573716E+09    8.18092       0.818092        18.3800       0.566919E+09   0.672218E+07    74837.1        331426.       -36.6038        35.8641        142.823               0           1        7488
          62    9.54815        9.94409        9.96212       -17.4592        43.1849       -201.999       0.618085E+09    7.60378       0.760378        18.3100       0.615638E+09   0.222931E+07    217946.        252258.        59.1888       -48.3104       -64.9735               0           1        7451
          64    9.45664        10.3360        10.5004        105.025       -105.525       -205.822       0.613684E+09    8.44136       0.844136        18.0900       0.613227E+09    457341.        0.00000        0.00000        18.6562        125.261        173.465               1           1        7281
          65    9.52589        10.0259        10.1940        139.325       -207.998       -101.191       0.613663E+09    7.02133       0.702133        18.4700       0.576231E+09   0.367176E+08    714735.       0.177881E+07    49.3292       -12.0920        37.7332               0           0        7117
          66    9.33059        10.1554        10.0932        57.8594       -59.8988        152.660       0.512486E+09    7.00184       0.700184        17.7700       0.477130E+09   0.345719E+08    784404.       0.127155E+07   -37.1752        45.3074       -6.90086               0           0        7079
          67    10.0477        10.5042        10.5821        84.4369       -111.575       -176.331       0.547909E+09    8.16054       0.816054        18.5600       0.547548E+09    195665.        164959.        791870.        280.464        199.771        209.630               0           1        6849
          68    9.40949        10.1064        9.97425        317.748       -114.250        9.68494       0.136217E+10    7.97540       0.797540        20.6300       0.135533E+10   0.437226E+07   0.246072E+07   0.524290E+07   -2.22794        23.5639       -59.6007               0           0        6734
          69    9.27194        10.1388        10.1794        194.749       -49.1438        22.5783       0.319834E+09    5.92596       0.592596        12.5200       0.310022E+09    550539.       0.926117E+07   0.331670E+07   -63.1530        37.9193        31.2886               0           0        6720
          70    9.39009        10.0966        10.0309       -142.878        10.2615        95.5385       0.890466E+09    6.94426       0.694426        18.6400       0.883513E+09   0.526283E+07   0.168971E+07   0.302196E+07   -10.8208        19.2453       -34.5309               0           0        6660
          71    9.54739        10.1359        10.1535        50.5401       -153.666       -249.457       0.620207E+09    6.98855       0.698855        14.8300       0.618299E+09   0.190861E+07    0.00000        0.00000        58.8522        36.6658        19.7768               1           0        6625
          72    9.50294        9.87822        10.1215        66.7027       -26.0250       -145.004       0.390352E+09    5.50739       0.550739        15.2200       0.389586E+09    5966.70        760445.       0.159007E+07    39.1639       -77.4863        5.61636               0           1        6604
          73    9.55101        10.1556        10.2664        242.852       -119.719        30.2686       0.291227E+09    5.87768       0.587768        12.7900       0.291150E+09    76591.7        0.00000        0.00000        60.4556        45.3915        69.7837               1           1        6509
          74    8.91337        10.3527        9.70315        151.774       -1.69600        26.3898       0.615508E+09    8.27127       0.827127        19.4500       0.605994E+09   0.890986E+07    604080.       0.180860E+07   -221.975        132.675       -179.679               0           1        6481
          75    9.35982        10.6469        10.4559        104.002       -159.625       -168.283       0.609181E+09    8.24116       0.824116        17.2400       0.599509E+09   0.916635E+07    505326.        545765.       -24.2283        262.986        153.719               0           1        6206
          76    9.54442        9.96120        9.90606       -18.8618        71.9677       -162.776       0.377027E+09    6.65724       0.665724        15.1800       0.356746E+09   0.202810E+08    0.00000        0.00000        57.5367       -40.7319       -89.8042               1           1        6092
          77    9.51993        9.94981        9.97639       -46.5842       -15.8252       -204.720       0.379666E+09    6.54606       0.654606        14.5100       0.378528E+09   0.112031E+07    17438.6        104751.        46.6893       -45.7769       -58.6529               0           1        6062
          78    9.62891        9.95506        10.3823       -19.5600        45.5022        17.7621       0.431259E+09    7.38807       0.738807        16.4900       0.425418E+09   0.569330E+07    147706.        335933.        94.9599       -43.4515        121.115               0           1        5961
          79    9.62142        10.0382        10.0557       -48.7455       -189.583        19.4074       0.470702E+09    6.70685       0.670685        14.5600       0.465407E+09   0.527188E+07    23064.8        14064.4        91.6423       -6.64396       -23.5329               0           1        5937
          80    9.20559        9.67242        10.8651        117.289        23.4420       -126.588       0.683590E+09    8.57734       0.857734        18.0800       0.660533E+09   0.230575E+08    0.00000        0.00000       -92.5415       -168.641        335.006               1           1        5915
          81    9.52583        10.0624        10.0879       -156.311        79.9502       -20.1281       0.127730E+10    6.56644       0.656644        15.7500       0.126421E+10    196974.       0.128893E+08   0.147543E+08    49.3026        4.07496       -9.25282               0           0        5895
          82    10.1264        10.0645        10.0295        63.1119       -106.902        74.4372       0.480888E+09    7.75172       0.775172        18.0800       0.472641E+09   0.814279E+07    104752.        625353.        315.313        5.02283       -35.1244               0           1        5854
          83    9.92595        10.5227        10.3946        18.5999       -62.8117       -88.1752       0.150482E+10    5.23898       0.523898        14.0900       0.136914E+10   0.837018E+08   0.519768E+08   0.829668E+07    226.528        207.987        126.585               0           1        5785
          84    9.47273        10.0444        9.94544       -95.8270       -14.0420      -0.523318       0.170118E+10    7.34555       0.734555        20.8300       0.162363E+10   0.691323E+08   0.842288E+07   0.136816E+08    25.7830       -3.86678       -72.3616               0           0        5784
          85    10.1502        10.0069        10.0008        53.9957       -123.534        46.7109       0.551078E+09    8.15611       0.815611        17.7200       0.550707E+09    343517.        27653.2        58391.7        325.877       -20.5077       -47.8453               0           1        5716
          86    9.25756        10.0233        10.1217        278.045       -10.5924        100.564       0.372257E+09    6.42470       0.642470        17.3500       0.371212E+09    212680.        831947.       0.225555E+07   -69.5224       -13.2170        5.70494               0           0        5712
          87    9.41482        10.0530        10.1087        104.491        65.4908       -80.9485       0.864606E+11    6.69533       0.669533        30.4400       0.531429E+11   0.289079E+10   0.304269E+11   0.123298E+11   0.132879      -0.708689E-01  -0.487224E-01           0           0        5633
          88    9.66996        10.0056        9.97536       -46.7892        46.5538       -70.4376       0.577453E+09    7.67199       0.767199        16.1100       0.573736E+09   0.288792E+07    828574.       0.119719E+07    113.142       -21.0791       -59.1091               0           1        5590
          89    9.35037        10.1261        10.0511       -51.0229       -9.31153        145.939       0.451812E+09    5.91046       0.591046        13.6100       0.441796E+09   0.991315E+07    102630.        125717.       -28.4140        32.3206       -25.5394               0           0        5521
          90    9.32822        9.97243        10.1360        218.367        120.179        19.7094       0.380915E+09    6.54296       0.654296        19.1100       0.377946E+09    107844.       0.286129E+07   0.913976E+07   -38.2249       -35.7578        12.0211               0           0        5405
          91    9.96938        10.5567        10.3804        34.9985       -179.314       -129.400       0.326628E+10    7.23349       0.723349        19.4900       0.295770E+10   0.283205E+09   0.253712E+08   0.123289E+08    245.764        223.029        120.287               0           1        5346
          93    9.55270        9.96792        9.86813       -27.1770        50.2651       -140.332       0.205806E+09    5.42058       0.542058        12.3200       0.198285E+09   0.745939E+07    61641.7        85067.4        61.2041       -37.7554       -106.605               0           1        5199
          94    9.34566        10.2762        9.86862        61.8534        7.21506        1.48279       0.177182E+09    5.43785       0.543785        15.6200       0.176170E+09    380121.        631829.       0.214547E+07   -30.5002        98.7956       -106.387               0           1        5194
          95    10.0718        9.82301        10.2274        113.102        13.6308       -69.1341       0.331766E+09    6.49601       0.649601        15.9300       0.321828E+09   0.974199E+07    196127.        479414.        291.129       -101.940        52.5404               0           1        5174
          96    8.89418        10.2873        9.73159        111.697       -40.4161        48.4806       0.495602E+09    7.47799       0.747799        17.4100       0.471311E+09   0.242212E+08    70782.3        110497.       -230.474        103.694       -167.082               0           1        5139
          97    9.31357        10.0399        10.1666        184.235       -46.2447        93.8850       0.349859E+09    5.27353       0.527352        12.9700       0.349097E+09    78045.6        684151.       0.240042E+07   -44.7138       -5.89098        25.6014               0           0        5071
          98    9.57744        10.1599        10.0620        8.38681       -228.840       -12.0844       0.400989E+09    7.00981       0.700981        15.2000       0.400809E+09    161900.        17536.9        50222.2        72.1622        47.2695       -20.7513               0           1        5070
          99    9.47394        9.91307        10.1745       -114.434        29.9816        40.7394       0.360440E+09    5.93305       0.593305        13.7500       0.359323E+09   0.105574E+07    60763.4        65981.5        26.3189       -62.0501        29.0917               0           0        4903
         100    9.53130        10.1443        10.1980        60.1950       -140.153       -260.252       0.247311E+09    5.77005       0.577005        14.0600       0.247087E+09    223911.        0.00000        0.00000        51.7254        40.3687        39.4961               1           0        4894
         101    10.1211        9.91831        9.81945        76.2257        29.7589        136.822       0.408532E+09    7.34644       0.734644        15.9800       0.407876E+09    196077.        460058.       0.139017E+07    312.966       -59.7292       -128.166               0           1        4846
         102    9.39574        10.6013        10.4105        139.833       -178.524       -160.677       0.687722E+09    7.52361       0.752361        16.2100       0.659535E+09   0.281675E+08    19709.1        17573.5       -8.31823        242.801        133.645               0           1        4762
         103    9.31508        10.1037        10.2617        30.7378        60.8318       -152.875       0.250514E+09    5.95874       0.595874        15.7100       0.249498E+09    768535.        248157.        793547.       -44.0450        22.4034        67.7108               0           1        4438
         104    9.28576        10.5691        10.5065        138.538       -114.458       -159.912       0.364203E+09    7.10504       0.710504        14.7200       0.364062E+09    140620.        0.00000        0.00000       -57.0317        228.543        176.153               1           1        4288
         105    9.27307        10.2461        10.1449        241.137       -10.5596        93.4983       0.224478E+09    5.56497       0.556497        12.0700       0.215162E+09   0.931674E+07    0.00000        0.00000       -62.6525        85.4590        15.9986               1           1        4255
         106    9.40767        9.97112        10.2562       -75.3107        101.411       -18.9731       0.271422E+09    5.73240       0.573240        13.0200       0.261636E+09   0.977303E+07    13115.7        42160.1       -3.03407       -36.3380        65.2747               0           0        4192
         107    9.35986        10.2685        9.90110        64.7552        23.3936       -9.38991       0.163411E+09    5.29346       0.529346        12.8800       0.162618E+09    113233.        679528.       0.237237E+07   -24.2106        95.3851       -92.0011               0           1        4184
         108    9.50139        9.94706        10.0989       -121.000       -127.844        106.397       0.363979E+09    5.46266       0.546266        12.4600       0.299796E+09   0.641824E+08    0.00000        0.00000        38.4774       -46.9949       -4.38501               1           0        4145
         109    9.58480        10.0671        10.2410        172.302       -149.896       -38.8016       0.158936E+09    4.79605       0.479605        11.8100       0.158877E+09    11071.4        47860.3        158987.        75.4222        6.19217        58.5510               0           1        4121
         110    10.0115        10.6687        10.4697        99.4101       -171.516       -189.745       0.549035E+09    7.33713       0.733714        15.8500       0.502986E+09   0.460473E+08    2024.25        12683.8        264.403        272.641        159.854               0           1        4105
         111    9.69493        9.99859        10.0903        56.6871       -55.8514       -72.0570       0.177827E+09    4.82085       0.482085        13.1500       0.165611E+09   0.644447E+07   0.577116E+07   0.472918E+07    124.202       -24.1707       -8.20750               0           1        4076
         112    9.58009        9.91773        10.3895       -11.8224        47.7470        11.4036       0.300289E+09    6.62003       0.662003        17.2100       0.299464E+09    612953.        212564.       0.112669E+07    73.3360       -59.9861        124.326               0           1        4033
         113    9.29179        10.1230        10.5044        121.939       -67.5926       -195.146       0.381530E+09    6.85567       0.685567        14.9000       0.381272E+09    242681.        15899.7        87317.1       -54.3609        30.9210        175.232               0           1        3993
         114    9.27188        9.12709        10.2963        106.597        80.8080       -41.9305       0.365100E+09    7.12054       0.712054        15.1100       0.364395E+09    687604.        17836.4        39046.8       -63.1796       -410.185        83.0539               0           1        3977
         115    9.79214        9.80495        10.5010        130.359        61.3692       -171.418       0.337689E+09    6.86852       0.686852        15.1600       0.330641E+09   0.681215E+07    236544.        616149.        167.259       -109.940        173.704               0           1        3947
         116    9.64689        10.0865        10.2139        35.5953       -114.640       -230.144       0.354119E+09    6.66432       0.666432        14.6200       0.352257E+09   0.160169E+07    261170.        83748.1        102.924        14.7806        46.5520               0           1        3939
         117    9.36446        10.1378        10.0742        123.789        182.750       -14.6669       0.356441E+09    4.90899       0.490899        11.1300       0.350926E+09   0.533120E+07    183720.        438035.       -22.1731        37.5029       -15.3431               0           0        3927
         118    9.75621        9.74654        10.5029        139.210        56.3750       -159.055       0.299035E+09    6.59788       0.659789        13.9000       0.298466E+09    569250.        0.00000        0.00000        151.345       -135.811        174.563               1           1        3921
         119    9.41200        9.66119        10.7077        99.0559        41.2821       -130.573       0.385859E+09    7.14623       0.714623        15.3300       0.370879E+09   0.149798E+08    0.00000        0.00000       -1.11618       -173.615        265.275               1           1        3903
         120    9.07535        10.1371        10.7204        119.726       -74.0741       -145.886       0.373140E+09    7.14092       0.714092        15.2300       0.372792E+09    348467.        0.00000        0.00000       -150.229        37.1663        270.892               1           1        3875
         121    9.18983        10.0543        10.6958        111.276       -51.3310       -162.114       0.431415E+09    7.44433       0.744432        16.4000       0.430074E+09   0.134094E+07    0.00000        0.00000       -99.5220       0.518229        259.987               1           1        3800
         122    9.57616        10.1073        10.0433        250.689        8.31317        142.560       0.353013E+09    6.25993       0.625993        16.2200       0.351591E+09   0.110498E+07    316486.        859291.        71.5953        23.9581       -29.0385               0           0        3799
         123    9.30382        10.5972        10.3618        141.742       -152.981       -97.9791       0.274653E+09    6.46102       0.646102        14.7500       0.274522E+09    130184.        0.00000        0.00000       -49.0324        240.959        112.035               1           1        3707
         124    9.30154        10.1115        10.0782        6.77982       -13.7216        118.828       0.183700E+09    5.00024       0.500024        11.9000       0.182405E+09   0.115379E+07    140442.        194323.       -50.0423        25.8273       -13.5537               0           0        3627
         125    9.52020        9.96025        9.99683       -40.6656        15.5011       -231.307       0.206393E+09    5.27175       0.527175        12.4600       0.206183E+09    175429.        34882.9        70986.7        46.8089       -41.1527       -49.5994               0           0        3547
         126    9.82069        9.80108        10.5097        123.724        41.4917       -170.436       0.303129E+09    6.54429       0.654429        14.3300       0.292314E+09   0.106945E+08    120194.        152364.        179.905       -111.654        177.580               0           1        3516
         127    9.54442        10.4217        10.3360        186.156       -137.824       -155.429       0.206948E+09    5.09237       0.509237        13.4500       0.204686E+09    884762.       0.137720E+07   0.224675E+07    57.5367        163.224        100.621               0           1        3490
         128    9.39922        9.99142        10.2460       -58.5265        132.206       -4.00495       0.213331E+09    5.06402       0.506402        11.3200       0.213000E+09    322695.        8152.86        17908.2       -6.77684       -27.3465        60.7789               0           0        3445
         129    9.64779        9.89131        10.0266        4.80254        2.04629       -204.314       0.180418E+09    5.07199       0.507199        11.7600       0.179745E+09    648610.        24695.3        32539.2        103.322       -71.6883       -36.4177               0           1        3423
         130    8.94965        10.0858        9.84462        156.684        104.342        22.5763       0.278931E+09    6.32460       0.632460        13.3100       0.278513E+09    417817.        0.00000        0.00000       -205.905        14.4750       -117.018               1           1        3397
         131    9.97989        10.5571        10.4565        38.7369       -208.535       -124.552       0.262284E+09    5.98487       0.598487        12.7500       0.258227E+09   0.394667E+07    110408.        168794.        250.420        223.219        153.985               0           1        3393
         132    9.94096        10.5491        10.4355        77.7070       -172.009       -41.4856       0.265298E+09    5.27042       0.527042        12.4400       0.253488E+09   0.118050E+08    4664.52        21574.1        233.176        219.680        144.697               0           1        3379
         133    9.96122        10.5829        10.4012        37.8438       -109.820       -115.359       0.912178E+09    5.36787       0.536787        15.7800       0.889917E+09   0.210196E+08   0.124071E+07   0.101284E+07    242.150        234.651        129.495               0           1        3379
         134    9.91075        10.6524        10.2904        63.4568       -157.447       -40.8239       0.272627E+09    6.47475       0.647475        14.4400       0.271613E+09    561869.        452690.       0.111062E+07    219.795        265.408        80.4362               0           1        3369
         135    9.77766        10.0551        10.3074       -1.24039        6.69674       -39.4711       0.339546E+09    6.53809       0.653809        15.2100       0.307528E+09   0.316123E+08    405708.        634955.        160.846       0.841568        87.9527               0           1        3348
         136    10.0388        9.74241        10.3819        73.6483       -66.4233        56.9600       0.238758E+09    6.04245       0.604245        13.4600       0.238440E+09    170862.        146354.        264332.        276.521       -137.641        120.982               0           1        3319
         137    9.60956        10.1747        10.2834        71.2507        16.3271       -16.4392       0.127832E+09    4.76460       0.476460        12.5600       0.126703E+09    490658.        638819.       0.147830E+07    86.3892        53.8205        77.3224               0           1        3305
         138    9.37961        10.1521        10.2453       -31.1077       -98.4144       -64.2036       0.115509E+09    4.72385       0.472385        10.8400       0.113484E+09   0.193970E+07    85148.5        124021.       -15.4627        43.8191        60.4733               0           0        3239
         139    9.49286        9.81269        10.5763        136.792        97.0027       -106.842       0.264108E+09    6.35870       0.635870        13.7800       0.263216E+09    892053.        0.00000        0.00000        34.6992       -106.511        207.079               1           1        3221
         140    9.55052        9.92195        10.2463       -82.9719        37.6841        50.5120       0.143836E+09    4.90855       0.490855        10.1500       0.142166E+09   0.166974E+07    0.00000        0.00000        60.2385       -58.1169        60.8852               1           1        3199
         141    9.58130        10.0295        10.2316       -57.8144        19.3364       -95.3327       0.237528E+09    5.35679       0.535680        12.7300       0.189971E+09   0.474464E+08    110552.        276768.        73.8719       -10.4709        54.3919               0           1        3184
         142    8.95997        10.2881        9.80404        174.832        33.9785        16.9387       0.246324E+09    5.93128       0.593128        13.6900       0.238357E+09   0.791144E+07    55171.1        62740.7       -201.334        104.084       -134.992               0           1        3163
         143    9.51534        9.96783        9.85695        41.4061        8.66310        53.9924       0.196897E+09    5.55257       0.555257        15.0400       0.195874E+09    255513.        767609.       0.161842E+07    44.6562       -37.7953       -111.556               0           1        3146
         144    9.19116        10.0811        10.0027        223.160       -69.3380        73.1267       0.294475E+09    5.83693       0.583693        13.4000       0.294060E+09    362654.        52573.4        110425.       -98.9329        12.3755       -47.0171               0           1        3087
         145    9.59603        10.2702        10.0685        45.4315       -193.978       -22.0854       0.239621E+09    6.04910       0.604910        12.2600       0.239438E+09    182745.        0.00000        0.00000        80.3963        96.1425       -17.8368               1           1        3018
         146    9.45409        10.2118        10.1941       -73.8392        51.8437        53.3100       0.129569E+09    4.49131       0.449131        9.35000       0.129280E+09    289125.        0.00000        0.00000        17.5268        70.2753        37.7731               1           0        2982
         147    9.51673        10.1420        10.1572        98.5463       -238.166       -155.046       0.191915E+09    5.11230       0.511230        12.5100       0.191634E+09    281864.        0.00000        0.00000        45.2719        39.3455        21.4245               1           0        2980
         148    9.33793        10.2999        10.0465        217.151       0.735703        94.1980       0.170554E+09    5.35059       0.535059        11.2900       0.170433E+09    106830.        13519.1        39222.3       -33.9240        109.271       -27.6211               0           1        2974
         149    9.60392        10.2278        10.2756       -23.5798       -9.77516        8.28614       0.236468E+09    6.08099       0.608099        14.8500       0.236113E+09    48196.2        307037.        647803.        83.8910        77.3622        73.8675               0           1        2971
         150    9.14836        10.3617        10.1858        158.886       -154.555       -98.8830       0.248524E+09    6.29359       0.629359        14.2200       0.248334E+09    112690.        77163.6        99347.9       -117.890        136.671        34.1145               0           1        2960
         151    9.27873        9.60699        10.7902        111.774        19.8249       -93.0023       0.286076E+09    6.45748       0.645748        13.2800       0.278264E+09   0.781287E+07    0.00000        0.00000       -60.1455       -197.622        301.826               1           1        2957
         153    10.1382        9.85166        10.3285        95.8178       -33.3515       0.724585       0.186427E+09    5.59288       0.559288        14.5600       0.186230E+09    118604.        78693.2        150874.        320.540       -89.2505        97.3074               0           1        2928
         154    9.11230        9.09058        10.1341        96.4152        73.2369       -24.5877       0.206395E+09    5.86129       0.586129        12.9700       0.206349E+09    6289.67        39699.7        83166.9       -133.862       -426.356        11.1840               0           1        2916
         155    9.95530        10.0408        10.3374        139.173        52.5905       -174.649       0.386619E+09    7.17192       0.717192        15.6600       0.384764E+09   0.161187E+07    243023.        668343.        239.528       -5.46576        101.227               0           1        2907
         156    9.90497        10.0002        10.3821        47.6721       -22.5186        9.19705       0.191803E+09    5.63850       0.563850        13.9100       0.190387E+09   0.101314E+07    403629.        457185.        217.235       -23.4753        121.066               0           1        2879
         157    9.47905        9.92037        10.1257        91.7938       -95.7756       -183.191       0.104763E+10    5.45114       0.545114        15.0600       0.736442E+09   0.292196E+09   0.189948E+08   0.197932E+07    28.5823       -58.8167        7.47667               0           0        2870
         158    9.28466        9.68034        10.8076        102.876        8.25988       -117.123       0.225993E+09    6.07390       0.607390        13.8800       0.223060E+09   0.281031E+07    122713.        374456.       -57.5190       -165.133        309.538               0           1        2869
         159    9.57710        9.87089        10.1819       -72.6816       -8.22444        50.7036       0.129402E+09    4.71720       0.471720        10.0800       0.129114E+09    288253.        0.00000        0.00000        72.0116       -80.7329        32.3561               1           1        2867
         160    9.92604        10.5344        10.3684        82.6944       -77.9777       -69.3513       0.457341E+09    4.85274       0.485274        11.6000       0.454018E+09   0.321836E+07    104906.        18348.1        226.568        213.138        114.980               0           1        2867
         161    9.24951        10.1519        10.1333        35.0476        10.8742       -174.736       0.161550E+09    5.12692       0.512691        12.5900       0.161039E+09    218661.        292585.        387176.       -73.0880        43.7527        10.8296               0           1        2836
         162    9.81524        9.77650        10.4390        129.813        66.8406       -155.711       0.183849E+09    5.65622       0.565622        11.7800       0.183736E+09    113676.        0.00000        0.00000        177.491       -122.541        146.260               1           1        2832
         163    9.68654        9.88006        10.3916       -10.0527        25.4407        38.9604       0.264111E+09    6.37288       0.637288        14.3000       0.263964E+09    67466.8        79430.3        166455.        120.486       -76.6713        125.247               0           1        2822
         164    9.49212        10.1914        10.3695        105.195       -102.483       -237.392       0.182347E+09    5.06269       0.506269        11.5100       0.178997E+09   0.335070E+07    0.00000        0.00000        34.3714        61.2351        115.468               1           1        2808
         165    9.76746        10.0784        9.98621        26.8782        24.5289       -141.929       0.234999E+09    5.99107       0.599107        14.4500       0.234200E+09    504371.        293779.       0.118176E+07    156.328        11.1663       -54.3033               0           1        2804
         166    9.52583        10.0530        9.93002       -98.9603       -3.97829       -130.369       0.418023E+09    6.59478       0.659478        14.2400       0.398648E+09   0.192440E+08    130814.        401367.        49.3026      -0.841568E-01   -79.1915               0           1        2790
         167    9.14808        10.2122        10.0618        115.002       -101.532        121.953       0.191035E+09    5.47727       0.547727        11.6500       0.190969E+09    66756.3        0.00000        0.00000       -118.014        70.4525       -20.8089               1           1        2790
         168    9.33086        10.0004        10.0934       -22.3494       -154.005       -66.2645       0.192338E+09    4.26453       0.426453        10.3100       0.192132E+09    45977.9        160092.        322791.       -37.0556       -23.3513       -6.84328               0           0        2760
         169    9.56616        10.0691        10.0644       -48.6487       -240.809        3.58831       0.210288E+09    4.87976       0.487976        10.4900       0.210007E+09    61314.0        219143.        152851.        67.1660        7.06031       -19.6750               0           0        2708
         170    9.38427        10.1287        9.95793       -41.5797        49.6416        48.8097       0.173166E+09    4.86470       0.486470        12.2000       0.172346E+09    577187.        243249.        372100.       -13.3986        33.4590       -66.8293               0           0        2707
         171    9.30540        10.5792        10.4835        126.394       -105.346       -153.232       0.214215E+09    5.89363       0.589363        12.9200       0.213000E+09   0.121494E+07    0.00000        0.00000       -48.3326        232.981        165.975               1           1        2704
         172    9.95421        10.5545        10.3850        64.3166       -166.582       -89.3466       0.183133E+10    5.47151       0.547151        13.1400       0.160310E+10   0.215901E+09   0.123319E+08   0.393701E+07    239.045        222.054        122.355               0           1        2677
         173    10.1449        9.90493        9.86207        75.7123        30.8935        133.062       0.220019E+09    5.96981       0.596981        14.4000       0.219485E+09    61672.5        472144.       0.121797E+07    323.530       -65.6556       -109.289               0           1        2666
         174    9.99613        10.0515        9.52333        66.1963        26.7165        111.454       0.174242E+09    5.49632       0.549632        11.2900       0.174175E+09    67157.8        0.00000        0.00000        257.613      -0.757411       -259.327               1           1        2647
         175    10.1529        10.3127        10.6805        99.5879       -109.852       -168.241       0.247892E+09    6.22184       0.622184        14.9800       0.247752E+09    49926.6        89817.0        611168.        327.033        114.954        253.228               0           1        2632
         176    9.96176        10.5548        10.3834        102.855       -149.970       -118.361       0.134582E+10    4.16310       0.416310        10.7800       0.119646E+10   0.141288E+09   0.807058E+07   0.636702E+07    242.389        222.209        121.620               0           1        2573
         177    9.90907        10.6060        10.3325        66.4693       -162.232       -34.0715       0.210252E+09    5.92862       0.592862        12.2800       0.210090E+09    161850.        0.00000        0.00000        219.051        244.887        99.0924               1           1        2570
         178    9.43665        10.0124        10.3308        153.379        69.7252       -221.252       0.166213E+09    5.10610       0.510610        10.5000       0.166027E+09    57609.1        128781.        148992.        9.80205       -18.0671        98.3084               0           1        2557
         179    9.61718        10.3793        10.2705        96.5570       -210.775       -209.099       0.130245E+09    4.26985       0.426985        9.95000       0.128781E+09   0.141194E+07    52244.6        180227.        89.7643        144.448        71.6263               0           1        2533
         180    9.35751        10.1276        10.0708        305.916       -146.944        102.923       0.543909E+09    5.50385       0.550385        13.1300       0.519532E+09   0.240120E+08    364860.        526243.       -25.2515        32.9717       -16.8402               0           0        2507
         181    9.66593        10.1543        10.3957        81.8323       -102.045       -223.550       0.172951E+09    5.23898       0.523898        11.0900       0.172346E+09    605250.        0.00000        0.00000        111.357        44.8113        127.081               1           1        2505
         182    8.76680        10.1561        9.71770        155.566       -25.8999       -37.0015       0.213849E+09    5.96892       0.596892        13.8100       0.213499E+09    167934.        182221.        523922.       -286.895        45.5864       -173.235               0           1        2503
         183    9.93987        10.1306        9.40058        54.6560        30.5309        106.270       0.170779E+09    5.46664       0.546664        11.4500       0.170766E+09    12943.8        0.00000        0.00000        232.694        34.2917       -313.697               1           1        2496
         184    9.17184        10.1762        10.7526        103.699       -79.5099       -171.449       0.274354E+09    6.39237       0.639237        13.5000       0.269368E+09   0.498658E+07    0.00000        0.00000       -107.490        54.5159        285.150               1           1        2481
         185    9.30280        10.2113        10.6279        108.272       -90.4576       -186.922       0.169198E+09    5.47949       0.547949        11.1900       0.169020E+09    140068.        38114.1        44725.4       -49.4842        70.0273        229.916               0           1        2475
         186    9.19273        10.0022        9.89888        236.985        24.4976       -106.769       0.194834E+09    5.37894       0.537894        12.3600       0.194377E+09    457162.        0.00000        0.00000       -98.2375       -22.5895       -92.9844               1           1        2443
         187    9.33674        9.95362        9.96206        222.659        3.71531        140.810       0.157581E+09    5.18405       0.518405        11.6600       0.157381E+09    114476.        86198.3        139816.       -34.4511       -44.0893       -65.0000               0           1        2432
         188    8.49111        9.99475        10.1113        135.422        5.22848       -37.0666       0.180508E+09    5.20177       0.520177        10.7400       0.176752E+09   0.374037E+07    15542.9        36439.5       -409.006       -25.8716        1.10290               0           1        2417
         189    9.33863        9.60276        10.9737        112.810        57.6110       -104.546       0.362574E+09    6.93717       0.693717        14.2500       0.360903E+09   0.167098E+07    0.00000        0.00000       -33.6140       -199.496        383.108               1           1        2384
         190    8.61464        10.0151        10.1245        147.164        7.75730       -44.6662       0.197562E+09    5.25492       0.525492        12.5800       0.178332E+09   0.192004E+08    30121.6        52913.1       -354.291       -16.8402        6.97173               0           1        2375
         191    9.89858        9.98012        10.2457        33.3653       -13.9430       -8.42490       0.189076E+09    5.59243       0.559243        13.4200       0.183736E+09   0.528050E+07    60107.4        168477.        214.405       -32.3516        60.6328               0           1        2352
         192    9.28180        9.79090        10.7423        125.400        31.4440       -115.597       0.188973E+09    5.72974       0.572974        12.4800       0.187144E+09   0.163216E+07    196492.        401617.       -58.7857       -116.163        280.588               0           1        2338
         193    9.60022        10.3889        10.0886        56.2708       -176.333       -15.7116       0.130701E+09    5.03301       0.503301        10.2500       0.130693E+09    7706.67        0.00000        0.00000        82.2522        148.727       -8.93391               1           1        2292
         194    9.89350        10.5079        10.3935        43.3988       -44.2805       -140.142       0.274091E+09    4.63881       0.463881        11.2000       0.225554E+09   0.485004E+08    37078.2        15481.4        212.155        201.423        126.116               0           1        2260
         195    10.3402        10.4291        9.65006        86.3622       -51.3329        46.2985       0.205004E+09    5.90514       0.590514        12.3000       0.204603E+09    390362.        10437.4        15651.3        410.016        166.524       -203.194               0           1        2259
         196    10.3322        9.80689        10.3812        122.413       -2.47243        45.8820       0.147647E+09    5.06801       0.506801        12.0800       0.147072E+09    433794.        141634.        355771.        406.482       -109.080        120.668               0           1        2249
         197    10.0175        10.6130        10.4255        43.8912       -198.700       -87.3061       0.147922E+09    5.06491       0.506490        11.4100       0.144577E+09   0.334438E+07    0.00000        0.00000        267.092        247.961        140.285               1           1        2148
         198    9.46654        9.19555        10.2962        110.497        85.3500       -43.3091       0.205798E+09    5.77758       0.577758        11.7100       0.205767E+09    31030.3        0.00000        0.00000        23.0412       -379.862        83.0185               1           1        2139
         199    9.48875        9.94544        10.0360        56.2186        138.439       -84.7963       0.299500E+09    5.15482       0.515482        15.2900       0.297469E+09   0.146058E+07    571206.       0.114614E+07    32.8787       -47.7125       -32.2365               0           0        2127
         200    10.1433        9.80291        10.3547        68.7104       -91.7492        70.3994       0.170686E+09    5.51802       0.551802        13.1600       0.170517E+09    60654.4        108687.        298023.        322.781       -110.843        108.930               0           1        2114
         202    9.11467        10.8303        10.4165        102.359       -136.714       -115.184       0.184424E+09    5.59376       0.559376        12.1900       0.184151E+09    273216.        0.00000        0.00000       -132.813        344.237        136.281               1           1        2093
         203    9.52920        9.97127        10.1723        110.906       -253.455       -20.2199       0.210155E+09    5.22170       0.522170        13.4800       0.206515E+09   0.349766E+07    141663.        291635.        50.7953       -36.2716        28.0995               0           0        2079
         204    9.58648        9.71220        10.5652        126.350        45.1854       -146.532       0.152535E+09    5.29169       0.529168        12.1900       0.152476E+09    18041.7        40997.1        66471.6        76.1663       -151.022        202.131               0           1        2079
         205    9.64513        10.3789        10.3542        125.201       -155.618       -68.0438       0.188714E+09    4.99625       0.499625        13.3000       0.187809E+09    647381.        257289.        907399.        102.144        144.285        108.673               0           1        2058
         206    9.32738        9.95568        10.3485        166.457        130.411       -142.673       0.117474E+09    4.74157       0.474157        11.0300       0.114232E+09   0.324159E+07    0.00000        0.00000       -38.5970       -43.1769        106.162               1           1        2037
         207    9.59270        9.25969        9.63761        86.4400        56.0163        64.6678       0.155407E+09    5.34085       0.534085        11.7000       0.154138E+09   0.123378E+07    35397.9        94999.1        78.9214       -351.452       -208.709               0           1        2026
         208    9.42076        10.0895        10.0846       -246.004        87.1004       -61.3811       0.767260E+09    4.33939       0.433939        12.2700       0.748498E+09   0.135345E+08   0.522789E+07   0.268910E+07    2.76389        16.1138       -10.7056               0           0        1992
         209    8.53733        10.0269        10.0887        145.903        6.71200       -58.8035       0.171512E+09    5.16899       0.516899        11.3300       0.170350E+09   0.116176E+07    0.00000        0.00000       -388.534       -11.6181       -8.92062               1           1        1979
         210    8.98522        10.1959        9.86573        143.905       -63.0024        60.8110       0.140406E+09    4.93380       0.493380        11.7800       0.137843E+09   0.249201E+07    70493.4        117810.       -190.150        63.2460       -107.668               0           1        1967
         211    9.67338        9.99134        10.2960       -16.6283       -3.49845       -57.4713       0.137805E+09    4.75751       0.475751        11.5900       0.132439E+09   0.533871E+07    27377.7        77138.8        114.657       -27.3820        82.8989               0           1        1941
         212    9.21659        9.95428        9.84945        182.965       -49.1536        69.2347       0.129292E+09    4.93601       0.493601        10.6500       0.129197E+09    20642.3        74208.5        94314.6       -87.6692       -43.7970       -114.878               0           1        1908
         213    9.80135        10.0517        10.0956        53.6936        5.50379       -204.960       0.203372E+09    5.48215       0.548214        12.6200       0.200363E+09   0.291708E+07    91849.5        164229.        171.339      -0.646678       -5.85997               0           1        1902
         214    9.01020        10.3962        10.0748        146.451       -132.051       -113.236       0.177676E+09    5.49853       0.549853        11.8800       0.175671E+09   0.200511E+07    0.00000        0.00000       -179.086        151.930       -15.0641               1           1        1894
         215    9.97571        9.83310        10.4158        88.0266        16.5974        63.2331       0.121803E+09    4.90146       0.490146        10.8000       0.121631E+09    171499.        0.00000        0.00000        248.568       -97.4713        135.980               1           1        1882
         216    9.18794        9.53894        10.7761        125.701       -3.07620       -124.370       0.138732E+09    4.99492       0.499492        10.7100       0.138508E+09    223796.        0.00000        0.00000       -100.359       -227.764        295.581               1           1        1873
         217    9.92339        10.6032        10.3778        87.6150       -201.816       -61.3486       0.153121E+09    5.07819       0.507819        12.0300       0.141834E+09   0.111452E+08    142436.        334760.        225.394        243.629        119.135               0           1        1864
         218    9.95167        10.5450        10.3551        87.8394       -176.770       -109.392       0.218696E+09    4.43329       0.443329        10.5900       0.217157E+09   0.153923E+07    0.00000        0.00000        237.920        217.851        109.107               1           1        1863
         219    9.10742        10.4152        10.1941        142.873       -156.934       -88.9606       0.130574E+09    4.98695       0.498695        10.2200       0.129114E+09   0.146010E+07    0.00000        0.00000       -136.024        160.372        37.7731               1           1        1853
         220    9.23282        9.98489        9.91320        223.895       -127.335       -18.7874       0.126472E+09    4.83547       0.483547        10.8000       0.126453E+09    18907.6        0.00000        0.00000       -80.4805       -30.2389       -86.6416               1           1        1848
         221    9.61107        10.0959        10.3503        88.1950       -74.9483       -243.057       0.137147E+09    5.02858       0.502858        10.3200       0.137095E+09    52479.2        0.00000        0.00000        87.0580        18.9397        106.950               1           1        1829
         222    10.1168        10.3359        10.6700        103.649       -108.602       -163.994       0.148266E+09    5.23676       0.523676        10.8400       0.148235E+09    30939.5        0.00000        0.00000        311.083        125.230        248.559               1           1        1816
         223    9.47842        10.6959        10.5658        103.463       -145.308       -170.710       0.157287E+09    5.21639       0.521639        11.9100       0.156217E+09   0.107049E+07    0.00000        0.00000        28.3033        284.676        202.415               1           1        1803
         224    9.61145        10.4717        10.2926       -3.69195       -146.899       -91.1894       0.136830E+09    4.77744       0.477744        11.0900       0.136762E+09    67243.0        0.00000        0.00000        87.2263        185.397        81.4150               1           1        1789
         226    9.12888        9.95587        9.63248        74.7574        71.1601        108.912       0.155621E+09    5.36255       0.536255        11.0500       0.155552E+09    69368.1        0.00000        0.00000       -126.519       -43.0927       -210.981               1           1        1770
         227    10.0426        9.97900        10.3926        83.2439        6.86776        12.7055       0.928621E+09    5.37584       0.537584        12.7000       0.848925E+09   0.727588E+08   0.693710E+07   0.116758E+08    278.191       -32.8477        125.704               0           1        1765
         228    9.91856        10.0364        10.1043        33.3742        2.12843        146.454       0.167274E+09    5.37584       0.537584        11.8700       0.166942E+09    332209.        0.00000        0.00000        223.255       -7.44566       -1.99319               1           1        1765
         229    10.1183        10.0115        10.0490        37.1907       -108.062        39.9551       0.194873E+09    4.82439       0.482439        11.6400       0.186396E+09   0.845532E+07    21626.5        32620.4        311.748       -18.4525       -26.4961               0           1        1744
         230    9.99539        10.2883        10.2991        60.8230       -94.1517       -130.974       0.136507E+09    5.12071       0.512071        11.6200       0.136430E+09    9338.10        67665.9        102680.        257.285        104.151        84.2675               0           1        1743
         231    9.66370        9.82140        10.5891        137.184        95.5534       -114.009       0.167279E+09    5.44139       0.544140        12.8200       0.164447E+09   0.283159E+07    0.00000        0.00000        110.369       -102.654        212.717               1           1        1716
         232    9.44724        10.0400        10.1068        238.039       -31.2319       -335.350       0.132524E+10    4.07761       0.407761        13.5500       0.128400E+10   0.673542E+07   0.344961E+08   0.188566E+08    14.4927       -5.81568      -0.877002               0           0        1685
         233    8.90220        10.5836        10.4650        116.861       -93.7761       -128.832       0.192092E+09    5.66950       0.566950        11.8800       0.191966E+09    126254.        0.00000        0.00000       -226.922        234.961        157.776               1           1        1621
         234    8.65082        10.2980        9.49441        132.601       -13.8897       -31.7566       0.154870E+09    5.24429       0.524429        10.8600       0.154803E+09    35924.7        30131.0        133452.       -338.266        108.429       -272.136               0           1        1612
         236    9.15719        9.56371        10.9003        105.175        32.6037       -134.813       0.191338E+09    5.64869       0.564869        12.3900       0.188474E+09   0.286331E+07    0.00000        0.00000       -113.979       -216.792        350.597               1           1        1558
         237    9.58986        10.3011        10.1261        57.4080       -188.787       -36.2663       0.121456E+09    4.97410       0.497410        10.9700       0.121382E+09    61235.9        13242.1        29926.2        77.6634        109.807        7.66713               0           1        1533
         238    10.0331        9.93581        10.3218        64.6471       -38.3204        49.0794       0.129366E+09    4.62286       0.462286        10.6200       0.118971E+09   0.103953E+08    0.00000        0.00000        273.997       -51.9779        94.3575               1           1        1524
         239    8.83986        10.2172        10.7465        113.088       -76.8238       -122.949       0.133318E+09    5.07642       0.507642        11.3200       0.133271E+09    46935.7        0.00000        0.00000       -254.534        72.6539        282.461               1           1        1514
         240    9.17817        10.0616        9.74546        171.019       -35.2220        54.8558       0.120943E+09    4.93867       0.493867        10.4300       0.120800E+09    143313.        0.00000        0.00000       -104.687        3.72947       -160.939               1           1        1499
         241    9.50127        10.8732        10.3696        95.2950       -155.635       -116.188       0.185742E+09    5.65223       0.565223        12.3400       0.185648E+09    94202.7        0.00000        0.00000        38.4242        363.199        115.530               1           1        1496
         242    9.02981        10.6814        10.2762        113.474       -130.818       -95.5729       0.139269E+09    5.11983       0.511983        10.6200       0.139257E+09    12651.1        0.00000        0.00000       -170.400        278.280        74.1598               1           1        1478
         243    9.24387        10.3597        10.1794        167.159       -169.870       -132.399       0.115943E+09    4.71056       0.471056        10.8800       0.111156E+09   0.478677E+07    0.00000        0.00000       -75.5861        135.785        31.2842               1           1        1444
         244    9.33811        9.59833        10.9558        93.2296        52.2662       -101.589       0.194849E+09    5.27264       0.527264        12.2800       0.192881E+09   0.196815E+07    0.00000        0.00000       -33.8443       -201.458        375.153               1           1        1436
         245    9.31825        10.0432        10.5006        120.835       -36.3503       -203.866       0.134971E+09    5.00334       0.500334        12.0600       0.134684E+09    286975.        0.00000        0.00000       -42.6409       -4.41602        173.540               1           1        1429
         246    10.0808        10.6068        10.4173        26.3213       -135.860       -117.455       0.121842E+09    4.86116       0.486116        10.7800       0.116976E+09   0.486653E+07    0.00000        0.00000        295.111        245.242        136.644               1           1        1405
         248    9.02460        10.1281        9.65650        140.145       -29.4039        46.2423       0.137819E+09    4.69240       0.469240        10.4200       0.137677E+09    142411.        0.00000        0.00000       -172.707        33.1976       -200.342               1           1        1345
         250    9.34326        10.7132        9.40508        47.9220       -62.5171       -16.3118       0.107626E+09    4.71588       0.471588        10.6300       0.107581E+09    45196.7        0.00000        0.00000       -31.5632        292.361       -311.703               1           1        1293
         251    9.41470        10.0532        10.1087        31.4495        20.6045        12.7000       0.543935E+11    4.09799       0.409799        14.5900       0.284983E+11   0.797200E+09   0.250980E+11   0.106910E+11   0.797275E-01   0.177172E-01  -0.487224E-01           0           0        1248
         252    10.3316        9.96027        10.2308        141.272       -47.8714       -67.4252       0.130844E+09    4.92095       0.492095        11.6100       0.130693E+09    150130.        0.00000        0.00000        406.194       -41.1438        54.0375               1           1        1192
         253    9.11450        10.0571        9.72266        162.353       -34.7972        57.3304       0.112254E+09    4.69860       0.469860        9.56000       0.111655E+09    599103.        0.00000        0.00000       -132.888        1.74515       -171.038               1           1        1185
         255    8.82730        10.2824        9.63301        80.7793       -42.6090        45.0405       0.128640E+09    4.76770       0.476770        11.4600       0.125871E+09   0.275045E+07    17885.7        40346.4       -260.098        101.551       -210.746               0           1        1152
         258    9.06252        10.1070        9.73892        198.029       -21.1404       -2.32176       0.112906E+09    4.51301       0.451301        9.44000       0.111738E+09   0.116834E+07    0.00000        0.00000       -155.912        23.8518       -163.836               1           1        1007
         261    8.72331        9.71815        10.5026        110.149        66.9782       -73.0823       0.116481E+09    4.76991       0.476991        11.1500       0.116477E+09    3828.94        0.00000        0.00000       -306.158       -148.386        174.430               1           1         956
