#          i      x              y              z              v_x            v_y            v_z            Mvir           Rvir     Rs (Rockstar)       v_max           Mdm           Mgas           Mstars    Avg age of stars     xc             yc             zc      flag DM only  flag outside Rvir  Np bound
# (h^-1 comoving Mpc) (h^-1 comoving Mpc) (h^-1 comoving Mpc) (km/s)         (km/s)         (km/s)         (Msun)         (kpc)         (kpc)           (km/s)         (Msun)         (Msun)         (Msun)         (yrs)          (kpc)          (kpc)          (kpc)
           1    9.61729        10.0521        10.0707        92.4782       -6.81462       -25.2050       0.882920E+12    112.028        11.2028        236.200       0.768393E+12   0.595066E+11   0.550202E+11   0.172658E+11    0.00000        0.00000        0.00000               0           0    10574286
           2    9.67991        9.97549        10.0162       -109.684       -187.856       -91.4108       0.935755E+11    39.9256        3.99256        81.6200       0.881153E+11   0.356474E+10   0.189550E+10   0.671029E+09    34.0021       -41.5823       -29.6147               0           0      592852
           3    10.0446        10.2335        10.1416        34.0129       -147.172       -131.504       0.481103E+11    42.2469        4.22469        70.6200       0.445674E+11   0.311115E+10   0.431787E+09   0.115230E+09    232.020        98.5366        38.4492               0           1      369122
           4    10.3154        9.85329        10.1308        92.9239        20.9433       -8.61572       0.239172E+11    32.6995        3.26995        53.3300       0.207108E+11   0.282276E+10   0.383575E+09   0.124894E+09    379.057       -107.936        32.6229               0           1      224492
           5    9.62684        10.0914        9.93981        343.637       -33.3840        69.4918       0.147943E+11    21.6860        2.16860        40.1500       0.137647E+11   0.899601E+09   0.129934E+09   0.548368E+08    5.18556        21.3667       -71.0938               0           0       74044
           6    9.63131        10.0812        10.0014        259.234       -43.0705       -17.3017       0.115766E+11    14.5994        1.45994        37.1800       0.107134E+11   0.566195E+09   0.297003E+09   0.181109E+09    7.61273        15.8282       -37.6456               0           0       61471
           7    10.0855        10.2079        10.1086        93.1302       -226.122       -91.0181       0.100215E+11    19.8979        1.98979        35.8000       0.967564E+10   0.323147E+09   0.226950E+08   0.227927E+08    254.256        84.6306        20.5739               0           1       60329
           8    9.70619        10.1665        10.2019        265.220       -121.484        5.54795       0.367241E+10    17.8079        1.78079        37.1300       0.365479E+10   0.470356E+07   0.129119E+08   0.285038E+08    48.2719        62.1127        71.2187               0           0       34084
           9    9.61430        10.0706        10.1723        310.062       -32.7954        8.39506       0.428425E+10    14.8937        1.48937        31.1900       0.418865E+10   0.474715E+08   0.481300E+08   0.336623E+08   -1.62354        10.0508        55.1679               0           0       33507
          10    9.65825        10.1823        10.0692        129.283       -280.756       -160.312       0.371375E+10    16.1822        1.61822        28.8000       0.351015E+10   0.185114E+09   0.184841E+08   0.567901E+07    22.2409        70.6920      -0.836206               0           0       32903
          11    10.3346        9.89292        10.1511        113.518        25.3516       -43.0942       0.342443E+10    15.2162        1.52163        30.7100       0.332939E+10   0.674856E+08   0.275527E+08   0.283786E+08    389.487       -86.4170        43.6293               0           1       25509
          12    9.74234        10.2156        10.2528       -24.8528       -62.9038       -76.8291       0.252180E+10    15.0843        1.50843        29.3700       0.250240E+10   0.127950E+08   0.660536E+07   0.790522E+07    67.9010        88.8062        98.8678               0           1       24353
          13    9.48620        9.89977        9.85374        20.0377       -13.3698       -37.6641       0.147313E+10    12.2721        1.22721        22.9900       0.146798E+10    100316.       0.504907E+07   0.508844E+07   -71.1807       -82.6975       -117.829               0           1       23725
          14    9.21757        10.1377        9.85226        221.559        16.1428       -72.1462       0.325542E+10    16.8067        1.68067        29.3600       0.295756E+10   0.281919E+09   0.159422E+08   0.107271E+08   -217.044        46.5180       -118.633               0           1       22878
          15    9.50469        10.1433        10.0903        141.819       -92.8690        141.065       0.232560E+10    14.5375        1.45375        31.7200       0.231184E+10   0.177133E+07   0.119894E+08   0.138187E+08   -61.1408        49.5588        10.6046               0           0       21862
          16    10.0339        10.1272        10.0582        16.8949       -109.878       -92.2214       0.181815E+10    14.4392        1.44392        25.3000       0.179729E+10   0.192925E+08   0.157236E+07   0.276467E+07    226.237        40.7841       -6.79825               0           1       20448
          17    9.42147        9.94677        9.78864        208.162       -53.5086        50.2635       0.264405E+10    16.2441        1.62441        29.8200       0.263557E+10    880278.       0.760052E+07   0.773732E+07   -106.329       -57.1770       -153.178               0           1       20145
          18    9.48596        9.70743        10.5625        130.334        54.3923       -133.848       0.371539E+10    18.1853        1.81853        28.7100       0.345860E+10   0.256456E+09    328873.        446236.       -71.3110       -187.136        267.005               0           1       19473
          19    9.57390        10.2473        10.1337        159.948       -180.346       -222.955       0.182722E+10    13.9831        1.39831        24.9000       0.181333E+10   0.127619E+08   0.112278E+07   0.224813E+07   -23.5604        106.003        34.2084               0           1       19027
          20    10.2065        9.91706        10.3705        81.9338       -21.6324       -36.8391       0.151441E+10    13.2837        1.32837        23.7900       0.144544E+10   0.618758E+08   0.709430E+07   0.100521E+08    319.941       -73.3092        162.789               0           1       17458
          21    10.1299        9.87988        9.51451        75.4193        51.2601        119.589       0.139272E+10    13.5427        1.35427        24.0800       0.139098E+10   0.143096E+07    302497.        254557.        278.353       -93.4976       -302.028               0           1       17428
          22    9.80976        10.3238        10.1205        96.4018       -194.635       -187.813       0.130626E+10    13.0942        1.30942        22.7700       0.130494E+10    743327.        575540.       0.198325E+07    104.509        147.569        26.9921               0           1       17230
          23    9.65591        9.95951        9.96718        71.2783        178.938        35.8151       0.248499E+10    11.8459        1.18459        26.0700       0.227212E+10   0.186093E+09   0.267775E+08   0.146500E+08    20.9703       -50.2592       -56.2321               0           0       16463
          24    10.2721        9.78557        10.1870        105.107       -78.0499        56.6078       0.159840E+10    13.3549        1.33549        21.6200       0.159369E+10   0.447414E+07    238073.        426134.        355.534       -144.707        63.1336               0           1       16387
          25    10.0519        10.2368        10.1443        149.922       -203.249       -84.8490       0.129909E+11    10.6915        1.06915        25.5400       0.118279E+11   0.770353E+09   0.392636E+09   0.682934E+08    235.968        100.301        39.9587               0           1       16019
          26    10.1017        10.2252        10.0985       -10.2333       -218.307       -129.955       0.267232E+10    12.1923        1.21923        21.6000       0.257666E+10   0.929599E+08   0.270567E+07   0.346607E+07    263.036        94.0189        15.0571               0           1       15201
          27    9.81739        9.93303        10.2055        181.738        4.42977        66.8612       0.565240E+09    9.14723       0.914723        18.0500       0.554365E+09   0.868874E+07   0.218594E+07   0.240254E+07    108.653       -64.6377        73.1789               0           1       14253
          29    9.99624        10.4200        10.0568        75.2233       -184.456       -42.3506       0.105270E+10    12.1912        1.21912        20.2700       0.105236E+10    336976.        0.00000        0.00000        205.766        199.810       -7.58558               1           1       12677
          30    9.65331        10.0513        10.0209       -30.5756        235.720        121.256       0.417373E+10    9.34814       0.934814        19.5000       0.398827E+10   0.128704E+09   0.567523E+08   0.246483E+08    19.5585      -0.407243       -27.0464               0           0       12161
          31    9.51293        9.87281        10.1782        193.254        72.5251       -191.926       0.103663E+10    12.0919        1.20919        21.0100       0.103515E+10    769440.        710834.       0.148401E+07   -56.6665       -97.3366        58.3661               0           1       12099
          32    9.63253        9.96591        10.0835       -120.101       -83.8004       -142.444       0.141397E+10    9.56316       0.956317        19.2900       0.140572E+10   0.670064E+07   0.154805E+07   0.158658E+07    8.27518       -46.7841        6.94486               0           0       11968
          33    9.54438        9.95234        10.1374       -92.0754        56.1433        77.3721       0.910999E+09    9.55285       0.955285        17.3600       0.909118E+09    940816.        940943.        757975.       -39.5895       -54.1525        36.1795               0           0       11655
          34    9.36009        10.1136        9.89107        229.859       -144.354       -75.4369       0.125927E+10    12.2162        1.22162        20.5500       0.115695E+10   0.102093E+09    226013.        588929.       -139.657        33.4048       -97.5592               0           1       11525
          35    9.42062        10.2759        9.87799        198.206       -45.9209        63.3725       0.887876E+09    11.4501        1.14501        19.5500       0.868129E+09   0.194652E+08    281907.        504138.       -106.790        121.527       -104.662               0           1       11095
          36    9.63309        10.0289        10.0673        142.523        2.54267       -245.225       0.734103E+10    6.20965       0.620965        17.3600       0.461770E+10   0.157227E+10   0.115105E+10   0.943833E+08    8.57926       -12.5974       -1.86789               0           0       10806
          37    9.79890        9.90557        10.1579        217.450       -34.1623        86.1638       0.403152E+09    7.95862       0.795863        12.0800       0.402638E+09    514315.        0.00000        0.00000        98.6126       -79.5482        47.3488               1           1       10772
          38    9.50102        10.1241        9.78806       0.997741        79.7736        25.6079       0.838662E+09    9.95738       0.995738        18.7400       0.837039E+09   0.138404E+07    238857.        211170.       -63.1336        39.0845       -153.493               0           1       10740
          39    9.65352        9.97556        9.95635       -12.9823       -232.209       -163.414       0.141510E+10    9.60660       0.960660        16.9000       0.131327E+10   0.942778E+08   0.756118E+07   0.135770E+07    19.6726       -41.5442       -62.1127               0           0       10653
          40    10.0493        10.2180        10.1165        20.0024       -141.531       -93.0736       0.325697E+10    10.8832        1.08832        26.1200       0.298637E+10   0.260162E+09   0.104410E+08   0.188498E+08    234.550        90.1039        24.8527               0           1       10531
          41    9.84619        10.0458        9.98535        137.514        13.0588       -68.4400       0.322466E+09    7.28151       0.728152        11.0900       0.316091E+09    757094.       0.561772E+07   0.177573E+07    124.291       -3.38826       -46.3660               0           1       10009
          42    9.57957        10.0556        10.1635        73.0440       -113.533        68.0967       0.790452E+09    7.53564       0.753564        13.4500       0.778510E+09   0.129249E+07   0.106492E+08   0.799074E+07   -20.4816        1.91133        50.3516               0           0        9781
          43    9.36623        9.77746        10.3646        153.860        18.2191       -149.731       0.106331E+10    12.2108        1.22108        19.6000       0.105577E+10   0.714642E+07    392371.        696624.       -136.323       -149.111        159.585               0           1        9762
          44    9.72165        10.0738        10.0345        50.1532       -334.536       -149.637       0.184605E+10    10.6600        1.06600        19.2700       0.184095E+10   0.365501E+07   0.144439E+07   0.208879E+07    56.6665        11.8101       -19.6834               0           0        9723
          45    9.93597        9.89614        10.1714        120.428       -82.5647       -88.0563       0.233244E+09    7.00079       0.700079        12.7700       0.232870E+09    368874.        5354.76        0.00000        173.040       -84.6686        54.6303               0           1        9675
          46    9.48337        9.71430        10.5492        142.497        15.1489       -146.606       0.257301E+10    12.1418        1.21418        20.5200       0.244696E+10   0.125735E+09    318587.        433485.       -72.7174       -183.406        259.810               0           1        9322
          47    9.76383        10.0252        10.0831        131.167        44.6890       -164.994       0.565199E+09    7.26088       0.726088        14.5000       0.558689E+09   0.553646E+07    973050.       0.149042E+07    79.5699       -14.6010        6.70051               0           0        9285
          48    9.73346        9.89771        10.1241        220.279       -103.223        122.814       0.583838E+09    8.88334       0.888334        14.4800       0.580970E+09   0.231800E+07    550841.        625197.        63.0793       -83.8161        28.9469               0           0        9273
          49    9.99839        9.94725        10.1214        129.665        41.8550       -1.57438       0.341403E+09    8.14541       0.814541        18.8400       0.327565E+09   0.719243E+07   0.664556E+07   0.889360E+07    206.934       -56.9163        27.5079               0           1        9152
          50    9.74111        10.0152        9.94750        123.452        15.0667        80.2919       0.486370E+09    8.31374       0.831374        20.0400       0.461750E+09   0.218641E+08   0.275598E+07   0.537218E+07    67.2331       -20.0146       -66.9182               0           0        9037
          51    9.63196        9.98602        10.0504       -120.300       -27.8964       -4.67957       0.237796E+10    9.53656       0.953656        18.7800       0.235493E+10   0.179726E+08   0.505219E+07   0.316132E+07    7.96568       -35.8646       -11.0281               0           0        8934
          53    9.66773        10.0621        9.93763        227.710       -126.475        19.7071       0.384730E+09    6.86287       0.686287        14.5300       0.381687E+09   0.262121E+07    421507.        406333.        27.3885        5.46792       -72.2775               0           0        8427
          54    10.2144        10.2449        10.1790        60.0563       -126.730       -188.893       0.706813E+09    10.6453        1.06454        18.4000       0.705594E+09   0.105586E+07    163613.        600905.        324.220        104.694        58.7679               0           1        8183
          55    9.66716        10.0644        10.1405        295.351       -40.3901       -119.277       0.844609E+09    7.72948       0.772948        19.2600       0.835127E+09   0.409304E+07   0.538908E+07   0.898445E+07    27.0790        6.71137        37.8682               0           0        7875
          56    9.53364        9.97929        10.0947        95.5741       -185.697        36.8330       0.788817E+09    8.60533       0.860533        17.3700       0.787154E+09    285791.       0.137746E+07   0.327779E+07   -45.4212       -39.5189        13.0318               0           0        7819
          57    9.67114        10.1886        10.1159        176.322       -264.957       -153.713       0.437689E+09    8.33709       0.833709        15.3400       0.437556E+09    121094.        11245.8        27020.5        29.2401        74.1563        24.5160               0           0        7379
          58    9.45316        9.87786        10.0401        28.5305        7.25037        30.8789       0.357276E+09    8.06722       0.806722        16.1600       0.356829E+09    20711.9        425609.       0.194520E+07   -89.1211       -94.5945       -16.6644               0           1        7230
          59    9.79901        10.0303        10.1778        151.189       -213.389       -36.6994       0.167850E+09    6.09019       0.609019        10.6500       0.167690E+09    146323.        13427.6        29118.8        98.6723       -11.8155        58.1543               0           1        7115
          60    9.26081        10.3042        9.77691        170.919       -41.9915        45.2422       0.646109E+09    10.2110        1.02110        19.5100       0.641661E+09   0.385354E+07    595112.       0.131918E+07   -193.565        136.904       -159.547               0           1        7114
          61    10.2837        9.77286        10.1660        77.6264       -66.9005        98.9533       0.732059E+09    9.79611       0.979611        17.0100       0.731367E+09    664511.        27465.8        43384.3        361.866       -151.609        51.7036               0           1        6939
          62    9.74669        10.0660        10.0631        214.770        101.837        109.976       0.408237E+09    6.62884       0.662884        13.4900       0.406463E+09   0.156956E+07    205389.        281482.        70.2630        7.54758       -4.16474               0           0        6921
          63    9.43904        9.95686        10.1140        6.15020        117.770        3.04523       0.282003E+09    7.27934       0.727934        13.1500       0.281922E+09    81036.4        0.00000        0.00000       -96.7881       -51.6982        23.4681               1           1        6895
          64    9.62044        10.2114        10.0678        143.207       -281.468       -186.269       0.724007E+09    9.73692       0.973692        16.9700       0.721473E+09   0.197461E+07    559586.        456590.        1.71042        86.5256       -1.60725               0           0        6848
          65    9.17955        10.1809        9.83671        157.325       -55.8473        53.6860       0.660779E+09    9.89385       0.989385        16.9700       0.644404E+09   0.163054E+08    69971.1        85605.5       -237.689        69.9807       -127.076               0           1        6783
          66    9.79450        10.1914        10.2628        62.4084        80.4738        6.03865       0.243208E+09    6.88459       0.688459        12.2200       0.242431E+09    111981.        664696.        630878.        96.2234        75.6658        104.265               0           1        6762
          67    9.50356        10.1386        9.80027       0.194253        55.2490        48.2828       0.415939E+09    7.94668       0.794668        14.3300       0.414860E+09   0.107942E+07    0.00000        0.00000       -61.7544        46.9850       -146.863               1           1        6656
          68    9.44648        9.89544        9.91026       -10.8440       -2.58438        1.31471       0.350138E+09    7.94342       0.794342        12.5900       0.350095E+09    43413.9        0.00000        0.00000       -92.7483       -85.0487       -87.1392               1           1        6641
          69    10.2845        9.97008        10.1486        72.3110        10.9082        154.599       0.506135E+09    9.42525       0.942525        15.5900       0.499494E+09   0.619132E+07    449569.       0.103804E+07    362.294       -44.5198        42.2501               0           1        6529
          70    10.2704        9.81101        10.1986        85.1986       -116.660        59.1609       0.643605E+09    9.75430       0.975430        17.6400       0.637420E+09   0.608025E+07    104025.        462925.        354.617       -130.893        69.4377               0           1        6511
          71    9.61872        10.2650        10.1196        162.572       -197.187       -196.413       0.895116E+09    10.5281        1.05281        17.1300       0.796713E+09   0.984027E+08    0.00000        0.00000       0.776477        115.597        26.5360               1           1        6424
          72    10.0471        9.91684        10.1352        116.162        101.757       -175.675       0.456556E+09    8.72370       0.872370        14.0000       0.453768E+09   0.254240E+07    245438.        321442.        233.372       -73.4287        34.9795               0           1        6171
          73    9.82962        9.93780        10.2479        93.9943       -8.28405        92.0473       0.439794E+09    8.81438       0.881438        19.8000       0.436808E+09   0.192748E+07   0.105797E+07   0.238797E+07    115.293       -62.0476        96.2017               0           1        6078
          74    9.65947        9.77389        10.3923        120.113        66.3918       -164.323       0.500851E+09    9.52570       0.952570        14.7700       0.498081E+09   0.277036E+07    0.00000        0.00000        22.9034       -151.049        174.599               1           1        6070
          76    9.74537        10.0644        10.0992       -104.495       -65.6819        102.194       0.629185E+09    7.74632       0.774632        17.5500       0.622789E+09   0.124572E+07   0.515047E+07   0.109384E+08    69.5463        6.68965        15.4427               0           0        5870
          77    9.52131        9.95341        9.85639       -71.0294        21.0096       -33.6709       0.344413E+09    7.10776       0.710776        12.4300       0.344358E+09    54915.8        0.00000        0.00000       -52.1163       -53.5715       -116.390               1           1        5578
          78    9.56859        10.0476        10.1781        192.511       -74.0089        156.863       0.585227E+09    7.49817       0.749817        13.4000       0.584046E+09    497038.        683768.        517965.       -26.4437       -2.42717        58.2901               0           0        5503
          79    9.67017        10.1332        10.0448        91.0508       -325.467       -168.150       0.731389E+09    8.27302       0.827302        15.5600       0.728542E+09   0.281698E+07    30773.8        33003.6        28.7134        44.0692       -14.0743               0           0        5387
          80    9.42148        10.0020        10.1310        40.1068        89.8114        14.6120       0.276315E+09    6.50775       0.650775        12.7800       0.276185E+09    112688.        17381.3        37948.2       -106.323       -27.2093        32.7043               0           1        5381
          81    9.48876        9.93525        9.87783       -42.5421       -51.0734       -85.3338       0.259080E+09    6.40784       0.640784        9.93000       0.259059E+09    20938.0        0.00000        0.00000       -69.7906       -63.4322       -104.748               1           1        5214
          82    9.62823        9.91284        9.92324        18.4322        103.228       -54.5356       0.354444E+09    7.87826       0.787826        17.0100       0.350012E+09   0.374711E+07    685263.       0.134780E+07    5.94032       -75.6006       -80.0912               0           0        5158
          83    9.37914        9.98020        10.3706        165.191       -66.3183       -180.619       0.477269E+09    9.27375       0.927375        15.7700       0.477047E+09    221626.        0.00000        0.00000       -129.313       -39.0248        162.794               1           1        5149
          84    9.60833        10.1359        9.94014        251.084       -74.0381       -106.308       0.198236E+09    5.98051       0.598051        12.3600       0.195624E+09   0.260367E+07    7878.40        13202.9       -4.86520        45.5407       -70.9146               0           0        5125
          85    10.0686        9.93255        10.1142        93.5046        79.1473       -184.352       0.407483E+09    8.45003       0.845003        14.5100       0.402223E+09   0.504820E+07    211839.        168392.        245.036       -64.8983        23.6147               0           1        5055
          86    9.52054        9.31052        10.1968        120.524        94.8063       -43.5542       0.417210E+09    9.04026       0.904026        15.3600       0.417187E+09    4866.23        17653.9        30511.9       -52.5344       -402.655        68.4603               0           1        4953
          87    9.81510        10.0005        10.1264        164.516       -155.084       -136.498       0.226109E+09    6.44314       0.644314        11.6700       0.225720E+09    345415.        43360.4        49014.4        107.409       -27.9803        30.2392               0           1        4945
          88    9.47690        9.95770        10.2984        161.010       -30.8333       -217.987       0.516333E+09    9.41710       0.941710        16.3500       0.512797E+09   0.353625E+07    0.00000        0.00000       -76.2305       -51.2421        123.617               1           1        4943
          89    9.59803        10.0788        10.2224        1.75411        46.5571       -204.149       0.681391E+09    8.79972       0.879972        16.3200       0.679656E+09   0.131198E+07    423538.       0.111526E+07   -10.4580        14.5250        82.3609               0           0        4921
          90    10.1619        10.2420        10.0687        35.8295       -212.780       -159.746       0.335170E+09    8.22578       0.822578        15.1100       0.334216E+09    954554.        0.00000        0.00000        295.735        103.125       -1.09684               1           1        4867
          91    10.0629        9.95847        10.1051        103.185        75.1735       -183.867       0.451659E+09    8.73022       0.873022        15.1200       0.448364E+09   0.305287E+07    241710.        508217.        241.946       -50.8240        18.6735               0           1        4844
          92    9.78471        10.0413        10.2528        116.664        109.316       -215.435       0.367593E+09    8.14813       0.814813        13.6700       0.348100E+09   0.194933E+08    0.00000        0.00000        90.9076       -5.85887        98.8624               1           1        4841
          93    9.82931        10.1087        9.94242        108.806        2.34940       -86.8024       0.230344E+09    6.69237       0.669237        15.1300       0.229046E+09    480253.        818064.       0.176072E+07    115.125        30.7333       -69.6766               0           1        4808
          94    9.70964        10.0470        10.0027        52.8470        129.260       -82.8651       0.651704E+09    6.80423       0.680423        15.7300       0.628277E+09   0.224896E+08    937503.       0.109673E+07    50.1452       -2.73667       -36.9342               0           0        4687
          95    10.0476        10.2048        10.1929        59.0283       -251.585       -107.695       0.409955E+09    7.93962       0.793962        15.0600       0.408707E+09    798753.        448791.        840185.        233.676        82.9147        66.3481               0           1        4634
          96    9.62358        9.83108        10.0847        91.6361       -7.65326       -47.2984       0.159324E+09    6.27807       0.627807        13.3200       0.158212E+09    74915.4       0.103700E+07   0.176504E+07    3.41541       -119.996        7.60187               0           1        4487
          97    9.72738        9.40612        10.1996        124.920        109.676       -43.6417       0.362086E+09    8.62650       0.862650        13.4800       0.362067E+09    19288.4        0.00000        0.00000        59.7779       -350.745        69.9753               1           1        4384
          98    9.52697        9.68290        10.5590        112.119        53.7982       -116.615       0.328342E+09    8.01835       0.801835        13.7300       0.320332E+09   0.801041E+07    0.00000        0.00000       -49.0429       -200.456        265.115               1           1        4332
          99    9.58614        10.0727        10.2177        35.7957        75.2176       -211.863       0.606042E+09    8.17419       0.817419        16.6600       0.602171E+09   0.347267E+07    398545.       0.107075E+07   -16.9142        11.2019        79.7762               0           0        4266
         100    10.0901        10.1553        10.1943        70.5579       -204.412       -126.219       0.217760E+09    6.66251       0.666250        10.4300       0.216824E+09    935388.        0.00000        0.00000        256.710        56.0638        67.1028               1           1        4265
         101    9.46429        9.94254        10.1166       -42.7749        44.3426        23.3039       0.191779E+09    6.30033       0.630033        10.2600       0.191717E+09    61954.9        0.00000        0.00000       -83.0776       -59.4738        24.8853               1           0        4240
         102    9.36936        10.2714        9.92396        228.700        47.7345        47.7831       0.379179E+09    8.65420       0.865420        14.0300       0.377946E+09   0.123282E+07    0.00000        0.00000       -134.624        119.078       -79.7002               1           1        4012
         103    9.68425        10.0201        10.1231        211.079        54.3990       -228.847       0.464130E+09    6.39427       0.639427        14.2900       0.443376E+09   0.192302E+08   0.152394E+07   0.211491E+07    36.3587       -17.3540        28.4256               0           0        3898
         104    9.51527        9.70664        10.5370        105.920        21.2987       -127.415       0.361046E+09    7.72731       0.772731        14.1600       0.343527E+09   0.173971E+08    122038.        276347.       -55.3959       -187.565        253.175               0           1        3893
         105    9.55534        9.95586        10.0794       -113.114       -12.1935       -68.6164       0.201112E+09    5.53906       0.553906        8.96000       0.201028E+09    52885.0        31424.3        24195.5       -33.6383       -52.2412        4.69687               0           0        3827
         106    9.68044        9.96520        9.89242       -84.8972       -15.1279       -142.582       0.282208E+09    7.50577       0.750577        12.1500       0.281173E+09   0.103437E+07    0.00000        0.00000        34.2899       -47.1696       -96.8262               1           1        3682
         107    9.70300        10.1294        9.94605        218.664        156.386       -148.743       0.258560E+09    6.21454       0.621454        10.3300       0.258227E+09    317373.        15777.9        65651.4        46.5398        42.0112       -67.7055               0           0        3656
         108    9.46050        10.0623        9.81078        17.3351        76.0325        27.1211       0.240399E+09    7.15283       0.715283        13.5900       0.240020E+09    367743.        11351.9        63806.4       -85.1356        5.57109       -141.156               0           1        3641
         109    9.33836        9.26525        10.0808        113.294        87.5277       -24.2302       0.280550E+09    7.92116       0.792116        13.3400       0.280508E+09    2613.69        39375.2        62889.8       -151.456       -427.236        5.46792               0           1        3607
         110    9.73396        9.99511        10.0066        197.032       -84.1967        131.632       0.361340E+09    6.22214       0.622214        14.1300       0.353171E+09   0.791421E+07    255151.        634194.        63.3508       -30.9288       -34.8437               0           0        3514
         111    10.0076        10.1876        10.0918        5.64948       -119.833       -161.024       0.179244E+09    6.12060       0.612060        11.5700       0.177583E+09   0.155114E+07    109256.        128927.        211.913        73.5753        11.4354               0           1        3450
         112    9.67842        9.99393        10.3457        2.63798        69.6556       -93.3679       0.283199E+09    7.84025       0.784025        14.7700       0.282005E+09   0.111276E+07    81089.0        137015.        33.1930       -31.5695        149.301               0           1        3383
         113    9.71066        9.97109        10.0381        367.315       -39.9389        73.8174       0.706458E+09    6.72169       0.672169        13.1100       0.698364E+09   0.769552E+07    398925.        390404.        50.6991       -43.9714       -17.6961               0           0        3360
         114    10.0805        9.95652        10.0933        98.1490        95.1586       -151.881       0.219662E+09    6.85201       0.685201        11.7200       0.217490E+09   0.217197E+07    0.00000        0.00000        251.535       -51.8828        12.2770               1           1        3347
         115    9.60131        10.0130        10.1014        214.128       -28.0012       -394.463       0.114722E+10    6.16784       0.616784        11.4400       0.112130E+10   0.172351E+08   0.869104E+07   0.517389E+07   -8.67700       -21.2147        16.6264               0           0        3322
         116    9.76536        9.91989        10.0442        198.008        100.413        124.206       0.147243E+09    5.59227       0.559227        10.5200       0.142250E+09   0.499375E+07    0.00000        0.00000        80.4007       -71.7726       -14.4001               1           0        3317
         117    10.3021        9.95762        10.1758        68.6133        5.54827        142.364       0.293304E+09    7.83102       0.783102        14.2700       0.285247E+09   0.758826E+07    468605.        899541.        371.846       -51.2855        57.0629               0           1        3297
         118    10.0627        10.1813        9.65625        54.2529        14.7626        132.822       0.265844E+09    7.78976       0.778976        12.8800       0.265710E+09    134335.        0.00000        0.00000        241.859        70.1599       -225.064               1           1        3289
         119    9.86911        10.0366        10.2892        65.3264       -42.5428        44.6907       0.243291E+09    7.18106       0.718106        15.7600       0.230875E+09   0.121022E+08    314159.        642748.        136.736       -8.42179        118.633               0           1        3262
         120    9.42749        10.0048        10.3448        140.315       -78.7978       -212.359       0.274157E+09    7.76423       0.776423        12.0700       0.274024E+09    133499.        0.00000        0.00000       -103.060       -25.6835        148.785               1           1        3247
         121    8.80760        10.0078        10.0228        155.728        3.87429       -43.1576       0.224134E+09    7.21418       0.721418        11.4300       0.221979E+09   0.213942E+07    15406.6        27267.1       -439.654       -24.0274       -26.0581               0           1        3246
         122    9.49995        10.1179        9.80797      -0.755906        67.9971        66.9310       0.209481E+09    6.08693       0.608693        11.7900       0.209010E+09    471365.        0.00000        0.00000       -63.7146        35.7505       -142.682               1           1        3164
         123    9.55245        10.1421        10.0007        157.749       -168.659        134.506       0.397009E+09    6.64350       0.664350        15.2400       0.390666E+09   0.500936E+07   0.133377E+07   0.332551E+07   -35.2075        48.8638       -38.0202               0           0        3086
         124    10.2179        10.1154        9.97802        102.088        15.6101       -142.015       0.451081E+09    9.18959       0.918959        15.7200       0.450443E+09    396827.        240917.        505120.        326.142        34.3713       -50.3461               0           1        3050
         125    9.40238        9.65658        10.5984        124.149        54.5102       -146.196       0.320251E+09    8.25781       0.825781        13.4900       0.319168E+09   0.108378E+07    0.00000        0.00000       -116.694       -214.748        286.504               1           1        3017
         126    9.63879        9.97397        10.1782        327.634       -50.3813       -104.214       0.195197E+09    6.04512       0.604512        10.8300       0.188557E+09   0.663957E+07    0.00000        0.00000        11.6743       -42.4076        58.3281               1           0        3008
         127    10.1353        10.1059        9.78886        55.8426        18.0753        135.526       0.202965E+09    6.99319       0.699319        10.9300       0.202857E+09    107517.        0.00000        0.00000        281.253        29.2075       -153.058               1           1        2944
         128    9.72483        9.97865        10.0231       -103.266       -218.110       -169.145       0.563953E+09    5.73888       0.573888        10.5800       0.533748E+09   0.228929E+08   0.731214E+07   0.401280E+07    58.3933       -39.8664       -25.8518               0           0        2925
         129    9.39101        10.2898        9.85593        216.270       -33.9832        40.6964       0.237838E+09    7.26631       0.726631        12.9000       0.234866E+09   0.291772E+07    54627.3        47788.0       -122.868        129.080       -116.640               0           1        2827
         130    10.3740        10.0663        10.3006        101.635       -118.480       -176.870       0.277355E+09    7.88152       0.788152        15.3400       0.276933E+09    332693.        89023.7        454996.        410.865        7.72676        124.790               0           1        2805
         131    9.94201        10.0357        10.2720        108.822        94.3725       -184.249       0.178617E+09    6.35952       0.635952        10.7400       0.171099E+09   0.751823E+07    0.00000        0.00000        176.320       -8.87247        109.261               1           1        2801
         132    9.61230        10.1050        10.1527        130.404       -88.9380        157.036       0.212130E+09    5.38539       0.538539        11.8900       0.210340E+09   0.123624E+07    553904.       0.116178E+07   -2.70953        28.7351        44.4927               0           0        2784
         133    9.64139        10.0521        10.0812       -227.121       -24.6272       -254.110       0.588138E+10    6.58214       0.658214        14.8600       0.573040E+10   0.131661E+08   0.137812E+09   0.519567E+08    13.0861       0.162897E-01    5.70141               0           0        2773
         134    9.13486        10.1171        9.66458        182.133       -11.4973       -9.59348       0.237688E+09    7.42106       0.742106        13.7600       0.237443E+09    58759.3        186852.        402529.       -261.955        35.3107       -220.541               0           1        2717
         135    9.59783        10.0357        10.0508        277.685       -222.749       -267.828       0.193419E+10    5.79318       0.579318        13.6200       0.191537E+10   0.373318E+07   0.150844E+08   0.755168E+07   -10.5666       -8.88333       -10.8544               0           0        2695
         136    9.75245        10.0838        9.87634        234.411        33.8477        106.725       0.203749E+09    6.64513       0.664513        12.1000       0.203356E+09    392911.        0.00000        0.00000        73.3907        17.2508       -105.557               1           1        2674
         137    9.86107        9.86290        10.2069        112.172        106.179       -187.546       0.219721E+09    6.71300       0.671300        12.2000       0.219152E+09    528464.        40630.0        50270.7        132.370       -102.718        73.9282               0           1        2647
         138    9.57499        9.86388        10.4539        144.245        41.7290       -156.275       0.215912E+09    7.23047       0.723047        12.3900       0.214746E+09    965445.        200929.        301969.       -22.9685       -102.185        208.036               0           1        2642
         139    10.2270        9.65064        10.4585        97.0627       -20.2495        13.6110       0.195941E+09    6.99753       0.699753        13.0500       0.195707E+09    88686.1        145058.        198538.        331.056       -217.973        210.545               0           1        2617
         140    9.55617        10.0089        9.99517        355.583       -188.918       -34.0350       0.207349E+09    6.00766       0.600766        10.3500       0.207180E+09    139127.        29443.2        15645.4       -33.1876       -23.4192       -41.0338               0           0        2616
         141    10.0057        9.95670        10.3214        39.5931       -13.6842       -65.7469       0.212112E+09    7.05780       0.705780        13.7600       0.204104E+09   0.744817E+07    559357.        438768.        210.903       -51.7851        136.079               0           1        2603
         142    8.95524        10.0341        10.0126        167.380        9.90462       -57.7292       0.172874E+09    6.57074       0.657074        11.1800       0.169436E+09   0.340831E+07    29837.6        39738.7       -359.487       -9.73583       -31.5478               0           1        2597
         143    9.73979        10.1000        9.85118       -40.9953       -4.87048        29.2873       0.223327E+09    7.12568       0.712568        13.7900       0.222229E+09    806284.        292136.        864874.        66.5164        26.0364       -119.219               0           1        2572
         144    9.45563        9.87344        9.89157        9.13666       -23.4416       -24.7044       0.129038E+09    5.44620       0.544620        8.26000       0.129031E+09    7201.83        0.00000        0.00000       -87.7799       -96.9945       -97.2877               1           1        2547
         145    9.57241        10.0584        9.89294        227.251       -67.1229        25.8303       0.142106E+09    5.84748       0.584747        12.1100       0.141668E+09    160492.        278034.        293869.       -24.3694        3.42084       -96.5438               0           0        2489
         146    9.79216        9.40523        9.78958        96.7570        77.9775        74.1335       0.183901E+09    6.87861       0.687862        11.7000       0.183819E+09    46835.2        35122.9        70763.1        94.9528       -351.228       -152.667               0           1        2380
         147    9.34259        10.1162        9.92361        141.657        70.5754        153.899       0.206901E+09    6.74233       0.674232        11.0700       0.206848E+09    52983.9        0.00000        0.00000       -149.160        34.8057       -79.8903               1           1        2326
         148    9.59119        9.72665        10.7179        117.170        54.6196       -130.781       0.306745E+09    8.13673       0.813673        14.0700       0.306531E+09    214087.        0.00000        0.00000       -14.1721       -176.700        351.391               1           1        2289
         149    9.38952        10.0598        9.95679        30.6034        13.0912        95.3959       0.246850E+09    7.32495       0.732495        13.7600       0.246671E+09    56967.9        121525.        282876.       -123.677        4.20818       -61.8738               0           1        2288
         150    9.92607        9.97006        10.1831       -19.0529        10.8688       -53.6610       0.226102E+09    6.90088       0.690088        13.0500       0.225388E+09    654073.        59695.4        124186.        167.665       -44.5307        60.9942               0           1        2265
         151    10.0896        10.0658        10.0351        19.5263       -104.056       -103.930       0.150548E+09    6.21128       0.621128        11.5600       0.150397E+09    83913.4        66959.5        78893.6        256.444        7.47156       -19.3739               0           1        2164
         152    9.31509        10.3761        10.0633        154.438       -159.645       -98.5983       0.228693E+09    7.32387       0.732387        11.1200       0.228547E+09    145918.        0.00000        0.00000       -164.092        175.962       -4.02899               1           1        2151
         153    9.36236        10.5121        10.1590        126.119       -160.052       -120.737       0.207780E+09    7.10884       0.710884        12.8500       0.207679E+09    100903.        0.00000        0.00000       -138.425        249.776        47.9190               1           1        2113
         154    10.3616        9.65509        9.96360        96.4277       -65.5743       -118.603       0.189954E+09    6.78468       0.678468        12.1700       0.189888E+09    31273.9        34838.8        76445.9        404.159       -215.557       -58.1761               0           1        2104
         155    9.39770        10.0741        9.85878        223.472       -152.490       -65.3434       0.271565E+09    7.03988       0.703988        11.6300       0.243844E+09   0.277210E+08    0.00000        0.00000       -119.235        11.9838       -115.092               1           1        2102
         156    10.3264        9.65547        10.4532        97.6764       -46.8308        23.0088       0.172247E+09    6.71409       0.671409        12.8500       0.172013E+09    126523.        107784.        220957.        385.040       -215.350        207.667               0           1        2089
         157    10.0345        10.1755        10.1563       -24.5471       -174.488       -172.187       0.239405E+09    5.83662       0.583661        10.7200       0.234117E+09   0.528762E+07    0.00000        0.00000        226.525        67.0485        46.4583               1           1        2088
         158    10.1357        10.2119        10.2033        28.0781       -224.347       -135.624       0.120541E+09    5.69978       0.569978        10.6100       0.120384E+09    156822.        0.00000        0.00000        281.508        86.8080        71.9897               1           1        2056
         159    9.71128        10.3362        10.1741        110.938       -200.496       -191.789       0.164719E+09    6.60821       0.660821        11.0700       0.164281E+09    438051.        0.00000        0.00000        51.0357        154.264        56.1398               1           1        2033
         160    9.94206        10.0296        10.3640       -5.58386       -9.34059        67.6021       0.176652E+09    6.70649       0.670649        11.3100       0.176503E+09    149948.        0.00000        0.00000        176.347       -12.1901        159.254               1           1        2029
         161    8.87880        10.0380        9.96430        166.974        4.83128       -56.3715       0.175118E+09    6.59300       0.659300        11.2700       0.164364E+09   0.107538E+08    0.00000        0.00000       -400.993       -7.62359       -57.7960               1           1        2022
         162    10.3647        9.80644        10.2758        109.085       -8.65524       -44.9104       0.187241E+09    6.93997       0.693997        14.4500       0.186063E+09   0.109921E+07    77998.1        112473.        405.853       -133.375        111.346               0           1        2015
         163    9.46028        10.1066        9.79447        15.4663        70.9045        13.1179       0.123634E+09    5.82033       0.582033        11.4500       0.122962E+09    638214.        34562.3        53275.0       -85.2550        29.6256       -150.012               0           1        1977
         164    10.0614        10.0441        9.31170        66.9071        47.9498        103.615       0.193049E+09    6.95192       0.695192        10.6300       0.192964E+09    84811.2        0.00000        0.00000        241.142       -4.33850       -412.152               1           1        1977
         165    10.0328        10.0774        9.28786        62.6394        38.5684        106.835       0.169243E+09    6.66251       0.666250        10.3700       0.169186E+09    56897.2        0.00000        0.00000        225.624        13.7322       -425.097               1           1        1942
         166    9.50553        10.0667        9.84001        227.165       -20.6003        106.048       0.151276E+09    5.77526       0.577526        9.88000       0.151145E+09    127612.        3014.63        11310.3       -60.6847        7.97111       -125.284               0           1        1922
         167    10.3443        10.0825        10.2969        104.329       -122.390       -174.350       0.151696E+09    6.44205       0.644205        11.0600       0.151561E+09    135282.        0.00000        0.00000        394.738        16.5341        122.781               1           1        1912
         168    9.80777        10.0624        9.78117       -31.6947        6.51053       -67.6921       0.147452E+09    6.27698       0.627698        12.1100       0.146988E+09    381381.        82035.8        111714.        103.429        5.59281       -157.234               0           1        1902
         169    9.19184        10.3536        10.1782        152.090       -117.550       -129.341       0.195765E+09    6.93020       0.693020        12.1800       0.195707E+09    57860.4        0.00000        0.00000       -231.016        163.750        58.3661               1           1        1895
         170    9.39992        10.0550        10.0075        260.513       -60.6738        70.3104       0.142751E+09    6.04295       0.604295        11.3000       0.142665E+09    25409.0        60020.9        76426.1       -118.030        1.59096       -34.3333               0           1        1870
         172    9.61370        10.2747        10.1214        157.589       -209.785       -182.873       0.429764E+09    6.44911       0.644911        12.2500       0.411950E+09   0.178139E+08    0.00000        0.00000       -1.94934        120.892        27.4971               1           1        1842
         173    9.71781        10.4983        10.1099        102.655       -194.362       -119.863       0.245476E+09    7.46885       0.746885        12.4100       0.245258E+09    217807.        0.00000        0.00000        54.5815        242.315        21.2635               1           1        1802
         174    9.11582        10.0554        10.4648        142.232       -72.1125       -136.270       0.173698E+09    6.75101       0.675101        11.9900       0.173426E+09    271232.        0.00000        0.00000       -272.294        1.81902        213.993               1           1        1799
         175    10.0544        10.2187        10.1545        94.6666       -293.743       -120.123       0.403709E+09    5.29905       0.529905        11.3500       0.365891E+09   0.377580E+08    59567.2        35307.0        237.352        90.4623        45.4972               0           1        1789
         176    9.62227        10.0787        9.99630        60.3736        163.524        191.660       0.130215E+10    5.72096       0.572096        13.4700       0.116345E+10   0.199960E+08   0.118697E+09   0.520981E+08    2.70410        14.4490       -40.4203               0           0        1785
         177    9.52593        10.0201        9.94135        246.512        9.03576        169.379       0.141080E+09    5.93218       0.593218        10.4300       0.139423E+09   0.165740E+07    0.00000        0.00000       -49.6077       -17.3540       -70.2576               1           0        1768
         178    10.0823        10.2694        10.1587       -37.7178       -195.510       -134.036       0.231522E+09    5.81381       0.581381        10.3000       0.200280E+09   0.312328E+08    8984.49        4638.98        252.485        118.035        47.7832               0           1        1744
         179    9.68199        10.0940        10.1321        93.3671        252.308        89.9421       0.191550E+09    5.04765       0.504765        9.92000       0.190885E+09    591069.        73473.9        71817.5        35.1315        22.7893        33.3071               0           0        1742
         180    9.61879        10.0272        10.0189        274.786        51.4780        292.446       0.674443E+09    5.43046       0.543046        10.5200       0.655132E+09   0.171023E+08   0.220867E+07   0.195519E+07   0.814487       -13.5042       -28.1269               0           0        1682
         181    9.57140        10.0639        10.1057        438.727       -44.9743        92.2660       0.490691E+09    5.11606       0.511607        10.0800       0.488604E+09   0.128394E+07    803721.        302259.       -24.9179        6.44530        18.9667               0           0        1660
         182    10.1887        9.87579        10.3711        78.2711       -11.4348       -3.19967       0.133320E+09    6.07444       0.607445        10.7300       0.132356E+09    963910.        0.00000        0.00000        310.249       -95.7185        163.076               1           1        1627
         183    9.22390        9.87097        9.90612        206.431        14.4646       -63.5573       0.108500E+09    5.71227       0.571227        8.77000       0.108495E+09    5014.22        0.00000        0.00000       -213.607       -98.3357       -89.3872               1           1        1500
         185    10.1829        9.88790        10.4807        101.335        29.2612       -2.89510       0.114458E+09    5.89200       0.589200        10.8400       0.114398E+09    59647.6        0.00000        0.00000        307.137       -89.1428        222.583               1           1        1451
         186    9.53163        9.59529        9.79102        93.7612        95.6621        84.9258       0.110498E+09    5.79969       0.579969        9.43000       0.110491E+09    7337.23        0.00000        0.00000       -46.5126       -248.027       -151.885               1           1        1450
         187    9.45826        10.5758        9.38264        57.9417       -64.0220       -2.14217       0.119683E+09    5.90720       0.590720        10.2300       0.119636E+09    47401.1        0.00000        0.00000       -86.3519        284.370       -373.632               1           1        1445
         188    9.83198        9.55313        10.7360        127.337        39.6071       -118.209       0.122166E+09    5.97019       0.597019        9.90000       0.122047E+09    119158.        0.00000        0.00000        116.575       -270.920        361.252               1           1        1437
         189    9.68979        9.71423        10.0432        70.4038       -15.7157       -62.4948       0.113637E+09    5.84367       0.584367        12.5300       0.113484E+09    12690.2        140726.        216706.        39.3668       -183.444       -14.9757               0           1        1404
         192    9.47756        9.57416        10.5052        141.462        34.4819       -125.888       0.110415E+09    5.75625       0.575625        9.82000       0.110408E+09    7148.13        0.00000        0.00000       -75.8721       -259.501        235.919               1           1        1326
         194    9.82244        10.3663        10.0803        101.794       -227.893       -105.225       0.183839E+09    6.15046       0.615046        9.59000       0.183819E+09    20518.4        0.00000        0.00000        111.395        170.597        5.18013               1           1        1267
         197    9.26331        10.0649        9.78339        111.708        75.4734        127.333       0.102351E+09    5.28819       0.528819        9.64000       0.100764E+09   0.158786E+07    0.00000        0.00000       -192.208        6.96657       -156.028               1           1        1162
         198    9.04032        10.1956        9.73643        117.780       -37.5855        48.0871       0.133411E+09    6.04078       0.604078        10.7700       0.133271E+09    122754.        17752.6        29866.8       -313.290        77.9409       -181.527               0           1        1129
         199    9.56665        9.71884        10.7172        117.256        56.7151       -120.680       0.123005E+09    5.92784       0.592784        11.2400       0.122795E+09    210051.        0.00000        0.00000       -27.4971       -180.941        351.033               1           1        1120
         200    10.3772        9.83328        10.1266        84.1605        87.9755        6.73854       0.216865E+09    6.54631       0.654630        12.5900       0.212585E+09   0.428081E+07    0.00000        0.00000        412.603       -118.801        30.3315               1           1        1108
         201    8.98827        9.86617        10.3328        136.745        69.3876       -83.4975       0.152663E+09    6.33291       0.633291        11.4400       0.152642E+09    21385.2        0.00000        0.00000       -341.552       -100.942        142.275               1           1        1105
         202    9.82733        10.3635        10.0829        79.4105       -223.875       -100.737       0.213849E+09    6.00223       0.600223        9.12000       0.213832E+09    17834.7        0.00000        0.00000        114.050        169.104        6.60277               1           1        1058
         203    10.0187        9.90614        9.84081        54.9056        28.9274       -156.609       0.111010E+09    5.79698       0.579698        9.28000       0.110906E+09    103806.        0.00000        0.00000        217.973       -79.2387       -124.850               1           1        1048
         205    9.40686        9.94495        10.3979        144.979       -37.5031       -190.961       0.114173E+09    5.70575       0.570575        10.8100       0.114149E+09    23735.4        0.00000        0.00000       -114.262       -58.1652        177.672               1           1         898
