#          i      x              y              z              v_x            v_y            v_z            Mvir           Rvir     Rs (Rockstar)       v_max           Mdm           Mgas           Mstars    Avg age of stars     xc             yc             zc      flag DM only  flag outside Rvir  Np bound
# (h^-1 comoving Mpc) (h^-1 comoving Mpc) (h^-1 comoving Mpc) (km/s)         (km/s)         (km/s)         (Msun)         (kpc)         (kpc)           (km/s)         (Msun)         (Msun)         (Msun)         (yrs)          (kpc)          (kpc)          (kpc)
           1    8.60931        10.1157        10.4562        108.074       -3.34741       -43.7908       0.210738E+11    10.0656        1.00656        83.0200       0.180155E+11   0.279024E+10   0.268062E+09   0.259496E+10    0.00000        0.00000        0.00000               0           0      105864
           2    8.62529        10.2295        9.88057        111.388       -7.27746        30.1497       0.855628E+10    7.70974       0.770973        64.3600       0.770942E+10   0.766007E+09   0.808528E+08   0.837673E+09    2.74152        19.5269       -98.7549               0           1       56154
           3    8.63443        10.1187        10.3993        81.9336       -9.10787        47.3672       0.831102E+10    6.86515       0.686514        58.9600       0.691314E+10   0.131519E+10   0.826929E+08   0.815094E+09    4.30958       0.514679       -9.76003               0           1       53236
           4    8.99591        10.0714        10.2310        52.7887        22.0007       -18.3140       0.760746E+10    7.41928       0.741928        62.7000       0.704614E+10   0.513531E+09   0.477917E+08   0.769259E+09    66.3250       -7.60181       -38.6421               0           1       50896
           5    8.75781        10.1399        10.5612        54.6324       -62.9665       -76.6318       0.539721E+10    6.69942       0.669942        57.3100       0.502648E+10   0.330199E+09   0.405329E+08   0.891421E+09    25.4766        4.15003        18.0189               0           1       43891
           6    8.58918        10.0936        10.5184        125.914       -16.5513       -131.420       0.575338E+10    6.13378       0.613378        50.5900       0.475073E+10   0.928286E+09   0.743562E+08   0.799793E+09   -3.45350       -3.78118        10.6779               0           1       43720
           7    8.68744        10.2034        9.96894        65.6497        12.3336       -13.9748       0.917489E+10    7.78539       0.778539        64.2100       0.803239E+10   0.106784E+10   0.746574E+08   0.806194E+09    13.4040        15.0561       -83.5942               0           1       42171
           8    8.70844        10.2797        9.78642        19.5994       -75.7111        32.6721       0.392199E+10    5.91762       0.591762        48.8100       0.360660E+10   0.290996E+09   0.243943E+08   0.522725E+09    17.0067        28.1375       -114.907               0           1       40174
           9    8.82549        10.2031        10.8270        61.2653       -29.1359       -131.144       0.491345E+10    6.47124       0.647124        54.3600       0.452597E+10   0.360390E+09   0.270889E+08   0.811252E+09    37.0878        15.0029        63.6161               0           1       35744
          10    8.60785        10.0961        10.6183        63.6322        41.6183       -113.800       0.325406E+10    5.51034       0.551034        45.6100       0.287812E+10   0.353358E+09   0.225781E+08   0.447596E+09  -0.250477       -3.35056        27.8081               0           1       31480
          11    8.77247        10.1297        10.4405        38.6953        12.8906       -52.0971       0.247803E+10    5.09430       0.509430        42.0200       0.227851E+10   0.187230E+09   0.122872E+08   0.389773E+09    27.9917        2.40870       -2.69863               0           1       27090
          12    9.26801        9.96950        9.78528        17.4501        20.8174        53.8617       0.241573E+10    5.04541       0.504541        41.6100       0.227560E+10   0.123379E+09   0.167451E+08   0.350871E+09    113.006       -25.0786       -115.103               0           1       23341
          13    8.67930        10.1751        10.1129        82.3556       -13.8789       -28.8010       0.237901E+10    5.01641       0.501641        42.4600       0.211272E+10   0.244974E+09   0.213087E+08   0.265227E+09    12.0075        10.1941       -58.8982               0           1       22373
          14    8.61326        10.1361        10.4400        109.527       -25.9563       -9.65023       0.299946E+10    3.71496       0.371496        32.2700       0.262255E+10   0.321495E+09   0.554167E+08   0.615405E+09   0.677661        3.50153       -2.77069               0           0       20901
          15    8.81115        10.2276        10.7692        29.4541       -79.8628       -100.431       0.372436E+10    5.81674       0.581674        50.3300       0.338270E+10   0.319226E+09   0.224273E+08   0.441554E+09    34.6276        19.1958        53.6965               0           1       18855
          16    8.67374        10.2246        9.86120        36.0408       -39.7919        25.0494       0.158014E+10    4.14575       0.414575        34.2100       0.136647E+10   0.206712E+09   0.695784E+07   0.148842E+09    11.0536        18.6794       -102.078               0           1       16563
          17    8.35288        10.0567        10.5795        71.0141        12.5529       -58.3676       0.301903E+10    5.21731       0.521731        45.6800       0.241436E+10   0.586361E+09   0.183122E+08   0.211427E+09   -43.9931       -10.1255        21.1602               0           1       16308
          18    9.01317        10.0886        10.3604        37.2071       -56.5191       -17.9453       0.146625E+10    4.17629       0.417629        35.5200       0.137420E+10   0.842740E+08   0.777880E+07   0.247613E+09    69.2861       -4.65442       -16.4389               0           1       16043
          19    8.71377        10.2018        9.95028        57.4185       -36.3274       -14.0318       0.246758E+10    4.05465       0.405465        33.5700       0.221924E+10   0.208174E+09   0.401643E+08   0.289522E+09    17.9211        14.7782       -86.7955               0           1       15452
          20    9.16371        10.0254        9.76003        62.0908        17.0477        75.1266       0.208447E+10    4.82753       0.482753        39.8500       0.189981E+10   0.175718E+09   0.894254E+07   0.171065E+09    95.1127       -15.4901       -119.435               0           1       15332
          21    8.96716        11.3059        11.0524        57.2480       -70.8604       -61.1222       0.171723E+10    4.53587       0.453587        37.8500       0.157307E+10   0.138484E+09   0.567677E+07   0.119794E+09    61.3926        204.194        102.284               0           1       14713
          22    9.00125        11.3195        11.0673        40.3290       -102.399       -97.9597       0.120030E+10    4.00387       0.400387        33.5100       0.112021E+10   0.679408E+08   0.121524E+08   0.204751E+09    67.2411        206.529        104.847               0           1       14392
          23    8.57687        10.0694        10.5185        95.6753       -4.85947       -107.107       0.336491E+10    4.53690       0.453690        37.4200       0.309297E+10   0.219004E+09   0.529344E+08   0.485021E+09   -5.56540       -7.93978        10.6933               0           1       14371
          24    8.45076        10.0674        10.6052        114.463       -29.4440       -154.283       0.161366E+10    4.32829       0.432829        38.6500       0.138982E+10   0.216317E+09   0.751857E+07   0.160293E+09   -27.2008       -8.28977        25.5607               0           1       14234
          25    8.80285        11.3445        11.0907        88.9175       -91.3033       -76.0417       0.205467E+10    4.83885       0.483885        41.5300       0.189340E+10   0.154863E+09   0.640218E+07   0.144002E+09    33.2037        210.819        108.862               0           1       14228
          26    9.60605        10.1886        10.5007        38.2861       -73.8425       -30.2328       0.165484E+10    4.42453       0.442453        37.3000       0.149949E+10   0.145941E+09   0.941049E+07   0.115347E+09    171.000        12.5170        7.63269               0           1       14142
          27    8.80041        10.2259        10.7509        72.2623       -115.175       -68.5908       0.291662E+10    4.47308       0.447308        37.9200       0.266703E+10   0.228932E+09   0.206545E+08   0.375127E+09    32.7851        18.9093        50.5518               0           1       13829
          28    8.52042        9.51344        9.44682        47.5073        48.1214        36.5261       0.144104E+10    4.32674       0.432674        36.5100       0.136413E+10   0.706880E+08   0.622383E+07   0.197971E+09   -15.2499       -103.320       -173.169               0           1       13574
          29    8.29850        10.0615        10.5903        133.501       -7.93286       -34.7878       0.157361E+10    4.15381       0.415381        34.5300       0.126720E+10   0.296020E+09   0.103935E+08   0.108887E+09   -53.3225       -9.29682        23.0062               0           1       13332
          30    9.05299        11.2421        11.0091        38.6888       -78.2277       -68.4804       0.190196E+10    4.76079       0.476079        39.9900       0.180344E+10   0.913172E+08   0.719822E+07   0.219193E+09    76.1176        193.255        94.8554               0           1       13229
          31    8.69392        10.2059        9.97025        92.8721       -40.7446        18.2002       0.217897E+10    2.79060       0.279059        26.1900       0.194704E+10   0.201483E+09   0.304518E+08   0.426902E+09    14.5157        15.4815       -83.3695               0           1       12458
          32    8.89064        9.93831        10.5252        63.6781        101.211       -56.4655       0.117896E+10    4.00730       0.400730        35.2000       0.109244E+10   0.816584E+08   0.487005E+07   0.164543E+09    48.2649       -30.4295        11.8342               0           1       12167
          33    8.96022        10.0847        10.1626        52.6854        42.3559        38.8243       0.111516E+10    3.79611       0.379611        31.3100       0.983777E+09   0.126827E+09   0.455231E+07   0.985635E+08    60.2020       -5.30806       -50.3751               0           1       11952
          34    9.47546        9.96009        10.6911        71.4049        5.17016       -48.6140       0.126919E+10    4.11727       0.411727        33.9800       0.118888E+10   0.773375E+08   0.297540E+07   0.945593E+08    148.596       -26.6930        40.3028               0           1       10970
          35    9.24315        11.2445        11.0418        29.7145       -76.3408       -64.0380       0.768312E+09    3.46448       0.346448        28.6400       0.736687E+09   0.282900E+08   0.333475E+07   0.115405E+09    108.741        193.657        100.460               0           1       10613
          36    9.23112        10.1319        10.4243        22.4949       -29.3971       -38.3151       0.204913E+10    4.82238       0.482238        40.0700       0.186780E+10   0.177734E+09   0.359703E+07   0.970123E+08    106.678        2.77927       -5.48133               0           1        9998
          37    8.62358        10.1005        10.4053        131.942      -0.635691        65.9724       0.160814E+10    3.05514       0.305514        26.7700       0.142683E+10   0.164770E+09   0.165365E+08   0.174840E+09    2.44816       -2.60942       -8.73582               0           0        9769
          38    9.67005        11.2514        11.1547        14.5442       -77.9120       -90.3962       0.134431E+10    4.23633       0.423633        34.9900       0.127642E+10   0.628998E+08   0.498221E+07   0.159904E+09    181.980        194.837        119.834               0           1        9668
          39    8.61312        10.1560        10.1626        137.060       -41.0288       -30.8275       0.716136E+09    3.36481       0.336481        27.8500       0.649309E+09   0.633851E+08   0.344212E+07   0.109648E+09   0.653643        6.91900       -50.3699               0           1        9544
          40    8.86144        10.1160        10.5251        40.6014       -62.1745       -67.9585       0.630843E+09    3.27011       0.327011        27.4800       0.613310E+09   0.140409E+08   0.349166E+07   0.974409E+08    43.2554       0.548991E-01    11.8153               0           1        9359
          41    9.23987        9.96452        9.77946        63.3560        81.8611        77.0341       0.137217E+10    3.66830       0.366830        31.5400       0.124209E+10   0.122922E+09   0.716102E+07   0.578926E+08    108.179       -25.9330       -116.101               0           1        8710
          42    8.23838        10.0287        10.6205        122.584       -29.0655       -116.354       0.654703E+09    3.20320       0.320320        27.5800       0.584544E+09   0.691060E+08   0.105270E+07   0.687531E+08   -63.6367       -14.9154        28.1890               0           1        8145
          43    8.73364        10.2383        9.85343       -9.46491       -53.2697        7.69482       0.762743E+09    3.43806       0.343806        28.8100       0.683562E+09   0.776400E+08   0.154085E+07   0.336244E+08    21.3300        21.0332       -103.411               0           1        7975
          44    8.51844        9.71037        9.78475        53.6596        71.2970        9.97112       0.654815E+09    3.33564       0.333564        27.5200       0.626529E+09   0.262365E+08   0.204871E+07   0.491943E+08   -15.5896       -69.5349       -115.194               0           1        7601
          45    9.04732        9.84962        10.9856        68.3226        41.5034       -71.5362       0.667010E+09    3.30064       0.330064        27.2700       0.611564E+09   0.533361E+08   0.210944E+07   0.643188E+08    75.1449       -45.6452        90.8323               0           1        7499
          46    8.50852        10.0714        10.5734        116.939       0.793983       -120.107       0.691073E+09    3.10129       0.310129        26.0300       0.540980E+09   0.143845E+09   0.624749E+07   0.581683E+08   -17.2915       -7.60353        20.1102               0           1        7468
          47    9.08676        10.1273        10.3822        24.6265       -44.9155       -24.7952       0.600434E+09    3.13612       0.313612        25.8800       0.528343E+09   0.700749E+08   0.201585E+07   0.593093E+08    81.9112        2.00210       -12.7023               0           1        7132
          48    8.23966        10.0320        10.5702        137.461       -9.65292       -3.45352       0.105554E+10    3.60328       0.360327        29.7200       0.903799E+09   0.147084E+09   0.465750E+07   0.630334E+08   -63.4171       -14.3630        19.5561               0           1        7034
          49    9.45610        9.95551        9.83903        31.0977       -9.95686        56.5337       0.643935E+09    3.34216       0.334216        28.1700       0.621957E+09   0.194385E+08   0.254008E+07   0.445729E+08    145.275       -27.4787       -105.882               0           1        7011
          50    8.96222        10.1234        10.5022        7.98896       -39.1388       -100.856       0.146776E+10    4.05860       0.405859        33.4700       0.129572E+10   0.167448E+09   0.459785E+07   0.690064E+08    60.5451        1.32444        7.88660               0           1        6975
          51    8.89640        9.96692        10.4896        75.3539        74.0600       -40.5832       0.121065E+10    3.98688       0.398688        34.0700       0.109568E+10   0.107139E+09   0.783491E+07   0.974040E+08    49.2531       -25.5212        5.72495               0           1        6897
          52    9.06377        11.3462        11.2729        53.9669       -87.4341       -112.129       0.584880E+09    3.16820       0.316820        26.3900       0.544555E+09   0.391911E+08   0.113430E+07   0.676981E+08    77.9670        211.101        140.104               0           1        6853
          53    9.05043        11.2388        11.0063        54.5404       -40.2956       -36.1631       0.117021E+10    2.78871       0.278871        24.9900       0.110782E+10   0.554880E+08   0.690679E+07   0.211922E+09    75.6784        192.687        94.3733               0           1        6819
          54    9.13754        11.2524        11.0262        34.2818       -87.6811       -75.4690       0.580108E+09    3.10747       0.310747        26.0300       0.553118E+09   0.253559E+08   0.163396E+07   0.598059E+08    90.6230        195.017        97.7908               0           1        6806
          55    8.74327        10.7813        10.7394        55.1039       -83.2310       -56.7608       0.604823E+09    3.24351       0.324351        26.7700       0.575981E+09   0.270954E+08   0.174658E+07   0.552541E+08    22.9821        114.190        48.5840               0           1        6789
          56    8.04821        9.87269        10.7114        57.7068        54.0727       -63.5543       0.134041E+10    4.14283       0.414283        34.1700       0.125406E+10   0.833668E+08   0.298243E+07   0.136560E+09   -96.2622       -41.6873        43.7786               0           1        6751
          57    8.69485        10.2283        10.8233        95.7398       -67.5045       -146.698       0.114521E+10    3.92684       0.392684        34.6200       0.102376E+10   0.117620E+09   0.382228E+07   0.653822E+08    14.6752        19.3176        62.9813               0           1        6721
          58    8.35255        10.0588        10.5738        139.691        49.2427       -78.4695       0.155176E+10    2.59502       0.259502        25.2900       0.136871E+10   0.167382E+09   0.156744E+08   0.174139E+09   -44.0497       -9.76003        20.1806               0           1        6618
          59    9.19651        10.0791        9.77063        30.5653       -21.1062        49.4509       0.812596E+09    3.56313       0.356313        29.5100       0.765952E+09   0.445213E+08   0.212187E+07   0.308883E+08    100.740       -6.27222       -117.616               0           1        6535
          60    8.99504        10.0807        10.2300        14.3757       -97.5324        13.7027       0.286085E+10    3.03078       0.303078        26.6400       0.272632E+10   0.949772E+08   0.395544E+08   0.690417E+09    66.1757       -6.00459       -38.8017               0           1        6368
          61    8.87631        10.0928        10.3530        54.0917       -97.5238       -26.3637       0.668618E+09    3.24437       0.324437        27.3600       0.596932E+09   0.702985E+08   0.138721E+07   0.367844E+08    45.8064       -3.92872       -17.7050               0           1        6307
          62    8.58371        10.2420        9.85733        91.8279        20.6370        117.256       0.413516E+09    2.56259       0.256259        21.9800       0.382103E+09   0.299131E+08   0.149941E+07   0.385952E+08   -4.39193        21.6680       -102.742               0           1        6220
          63    8.60676        10.2180        9.88391        49.8262       0.693221       -24.4294       0.711759E+09    2.43375       0.243375        21.6000       0.678824E+09   0.303423E+08   0.259205E+07   0.438844E+08  -0.437477        17.5591       -98.1819               0           1        5662
          64    8.25828        10.8952        10.2148        58.0346       -72.4544       -56.2793       0.663198E+09    3.31848       0.331849        27.7200       0.631767E+09   0.284103E+08   0.302025E+07   0.621710E+08   -60.2226        133.738       -41.4094               0           1        5627
          65    9.33431        10.1501        9.83103        22.8865       -30.5304        27.6677       0.403044E+09    2.79128       0.279128        23.0300       0.375119E+09   0.268732E+08   0.105123E+07   0.318136E+08    124.381        5.90680       -107.254               0           1        5620
          66    8.81421        10.0804        10.3166        48.2838       -30.2915       -9.46935       0.442677E+09    2.93350       0.293350        24.2500       0.424587E+09   0.171634E+08    926677.       0.463064E+08    35.1526       -6.04920       -23.9412               0           1        5460
          67    8.94421        10.1434        10.4936        38.1797       -7.24764       -81.6661       0.592078E+09    3.20045       0.320045        27.0400       0.549044E+09   0.422520E+08    781439.       0.137292E+08    57.4554        4.76250        6.42320               0           1        5350
          68    8.84945        9.91944        11.0610        87.7357       -4.12585       -103.010       0.573442E+09    3.21246       0.321246        28.5400       0.545636E+09   0.264002E+08   0.140586E+07   0.233335E+08    41.1984       -33.6669        103.768               0           1        5315
          69    8.56898        10.1383        10.5220        189.666       0.269434       -51.1650       0.343825E+09    2.34694       0.234694        20.1100       0.312267E+09   0.305428E+08   0.101475E+07   0.677289E+08   -6.91900        3.87725        11.2921               0           1        5285
          70    9.16579        11.5212        11.6175        48.1594       -94.0465       -121.392       0.633129E+09    3.29978       0.329979        27.3100       0.600840E+09   0.306713E+08   0.161773E+07   0.440448E+08    95.4696        241.134        199.236               0           1        5243
          71    8.78727        10.2888        9.76191       -1.44467       -35.4340        89.0514       0.810405E+09    3.42571       0.342571        28.2600       0.723220E+09   0.841880E+08   0.299767E+07   0.231516E+08    30.5308        29.6987       -119.112               0           1        5235
          72    9.19837        9.98308        9.77827        42.3719        1.93516        71.7080       0.400630E+09    2.65661       0.265661        22.1100       0.334881E+09   0.635618E+08   0.218739E+07   0.264433E+08    101.059       -22.7488       -116.305               0           1        5197
          73    8.85642        10.1857        9.88662        15.3128        23.6551        46.7751       0.650505E+09    3.23099       0.323099        26.6500       0.597597E+09   0.523002E+08    608026.       0.242864E+08    42.3941        12.0040       -97.7170               0           1        5188
          74    8.88112        9.82983        11.0524        100.255        34.8498       -71.0713       0.509264E+09    3.04296       0.304296        25.1300       0.473804E+09   0.341510E+08   0.130808E+07   0.444606E+08    46.6316       -49.0403        102.282               0           1        5157
          75    8.97705        9.80483        10.7299        76.3244        70.1418       -65.6628       0.367971E+09    2.71202       0.271202        22.3700       0.340202E+09   0.266615E+08   0.110823E+07   0.347296E+08    63.0894       -53.3293        46.9593               0           1        4992
          76    8.43729        10.1758        9.75917        88.3408        11.0442        43.0352       0.367599E+09    2.64391       0.264391        22.6400       0.340700E+09   0.259979E+08    900707.       0.171037E+08   -29.5117        10.3176       -119.582               0           1        4961
          77    8.56259        10.1843        10.0693        127.444       -41.6207       -1.10775       0.390493E+09    2.68389       0.268388        22.3800       0.344358E+09   0.448617E+08   0.127292E+07   0.339225E+08   -8.01527        11.7793       -66.3696               0           1        4889
          78    8.03568        9.86385        10.7284        65.1361        59.9700       -92.3042       0.705327E+09    3.18038       0.318038        26.2800       0.679904E+09   0.237109E+08   0.171232E+07   0.782066E+08   -98.4118       -43.2039        46.6986               0           1        4874
          79    8.62321        10.4051        9.67000        34.2540       -40.4818        16.9066       0.951510E+09    3.57411       0.357411        29.5500       0.853164E+09   0.945162E+08   0.382987E+07   0.565961E+08    2.38468        49.6562       -134.880               0           1        4872
          80    8.97391        10.0555        10.2469        18.4843        23.8983        10.5194       0.104612E+10    2.83297       0.283297        24.3900       0.985441E+09   0.559513E+08   0.472790E+07   0.259987E+08    62.5507       -10.3210       -35.9160               0           1        4821
          81    8.61282        10.3876        9.63954        50.8297       -75.2532        34.7687       0.383749E+09    2.74084       0.274084        22.6100       0.360986E+09   0.220869E+08    675870.       0.150807E+08   0.602175        46.6574       -140.106               0           1        4819
          82    8.26538        10.0709        9.65892        65.8447        50.4332        38.0012       0.745210E+09    3.35039       0.335040        28.5200       0.661281E+09   0.824111E+08   0.151776E+07   0.138598E+08   -59.0045       -7.69102       -136.781               0           1        4746
          83    9.35824        10.2946        10.4645        41.9664       -105.713       -31.0489       0.371270E+09    2.72334       0.272334        22.9200       0.343194E+09   0.272828E+08    792475.       0.233016E+08    128.486        30.6938        1.42738               0           1        4745
          84    8.69837        10.0425        10.7264        56.5792        38.2160       -118.957       0.296687E+09    2.43975       0.243975        20.1300       0.264047E+09   0.316862E+08    954118.       0.367677E+08    15.2791       -12.5479        46.3554               0           1        4744
          85    9.31381        11.0799        11.0984        48.2968       -55.6102       -70.1541       0.350880E+09    2.72043       0.272043        22.8600       0.338705E+09   0.114279E+08    747109.       0.412500E+08    120.864        165.418        110.184               0           1        4576
          86    8.59562        10.1575        10.1122        115.866       -36.9477       -6.53875       0.699401E+09    3.12600       0.312599        26.1600       0.519281E+09   0.176594E+09   0.352589E+07   0.463219E+08   -2.34865        7.18149       -59.0183               0           1        4479
          87    8.41585        9.82717        9.78697        75.6407        67.1305       0.196370       0.310477E+09    2.60926       0.260926        21.8500       0.297635E+09   0.115023E+08   0.133995E+07   0.343229E+08   -33.1899       -49.4967       -114.813               0           1        4404
          88    8.81867        10.1870        10.8170        91.4779       -62.3739       -71.3216       0.215936E+09    1.84873       0.184873        15.8900       0.204437E+09   0.113359E+08    163469.       0.838549E+07    35.9177        12.2391        61.8936               0           1        4394
          89    7.89500        9.85118        10.7996        73.3277       -5.75180       -76.9757       0.367740E+09    2.72609       0.272609        22.4900       0.344358E+09   0.228088E+08    572406.       0.108747E+08   -122.547       -45.3775        58.9119               0           1        4361
          90    9.65892        11.2575        11.1553        64.5057       -77.4522       -99.0063       0.809599E+09    2.68354       0.268354        22.2700       0.761132E+09   0.440674E+08   0.440039E+07   0.143477E+09    180.071        195.883        119.944               0           1        4349
          91    8.80548        10.1765        10.0896        33.3311        20.9007        7.27960       0.465270E+09    2.89490       0.289490        24.7600       0.415525E+09   0.491654E+08    580195.       0.110334E+08    33.6549        10.4394       -62.8989               0           1        4347
          92    8.40685        10.3777        9.87716        84.6752       -71.5652       -23.4278       0.312541E+09    2.63602       0.263602        21.7500       0.306697E+09   0.516522E+07    678743.       0.285791E+08   -34.7340        44.9486       -99.3399               0           1        4344
          93    9.49200        10.1700        10.4750        48.4309       -72.9070       -25.7261       0.284629E+09    2.36170       0.236169        19.4800       0.253987E+09   0.299926E+08    648741.       0.282198E+08    151.434        9.31055        3.23390               0           1        4338
          94    8.87481        10.2066        10.8261        12.5009       -81.3066       -93.6651       0.317691E+09    2.49912       0.249911        20.6300       0.291649E+09   0.248788E+08   0.116345E+07   0.338733E+08    45.5491        15.5913        63.4634               0           1        4297
          95    8.60872        10.1351        10.4449        139.250        58.0737       -75.2152       0.112660E+10    2.07811       0.207811        22.7500       0.102784E+10   0.778069E+08   0.209485E+08   0.412131E+09  -0.101220        3.33684       -1.94034               0           0        4270
          96    8.54833        9.47603        9.42803        30.4716        69.0280        53.6900       0.364660E+09    2.68697       0.268697        23.1100       0.333218E+09   0.300434E+08   0.139842E+07   0.331662E+08   -10.4617       -109.738       -176.393               0           1        4231
          97    8.61452        10.4101        9.67333        54.7140       -75.9387        50.7621       0.568629E+09    2.61492       0.261492        21.8100       0.542560E+09   0.233415E+08   0.272731E+07   0.486348E+08   0.893826        50.5140       -134.309               0           1        4187
          98    9.66654        9.87855        10.2263        57.2616       -14.7678        7.05110       0.366494E+09    2.75285       0.275285        22.7700       0.354086E+09   0.119499E+08    458755.       0.127006E+08    181.378       -40.6820       -39.4467               0           1        4187
          99    8.66067        10.1503        10.3767        10.7987      -0.929774       -5.41054       0.394878E+09    2.56842       0.256842        22.0000       0.352589E+09   0.407374E+08   0.155166E+07   0.267201E+08    8.81131        5.94283       -13.6390               0           1        4136
         100    9.06445        10.1736        10.8741        49.1472       -64.3848       -86.2806       0.397055E+09    2.71133       0.271133        22.3600       0.359822E+09   0.360568E+08   0.117610E+07   0.281615E+08    78.0837        9.92816        71.6879               0           1        4097
         101    8.17176        10.0746        9.61957        71.9000        40.5041        8.34681       0.311896E+09    2.53240       0.253240        22.5600       0.282919E+09   0.274281E+08   0.154885E+07   0.177207E+08   -75.0660       -7.05625       -143.532               0           1        4074
         102    8.80855        10.2572        9.81659        6.39240       -14.9017        59.1803       0.374519E+09    2.61955       0.261955        22.1600       0.334382E+09   0.398517E+08    285230.       0.813310E+07    34.1816        24.2877       -109.731               0           1        4059
         103    8.58367        10.0633        10.4988        93.8472        13.3006       -169.591       0.709064E+09    2.53926       0.253926        22.8800       0.638502E+09   0.653693E+08   0.519346E+07   0.863937E+08   -4.39879       -8.99316        7.30158               0           1        3967
         104    8.93457        10.1154        10.5068        23.5774       -36.4616       -63.0429       0.542995E+09    2.82714       0.282714        23.3800       0.497249E+09   0.443457E+08   0.140040E+07   0.166037E+08    55.8015      -0.446055E-01    8.68092               0           1        3957
         105    8.87094        9.82717        11.1063        92.1056        17.1369       -106.007       0.453220E+09    2.91069       0.291069        26.1400       0.410703E+09   0.408176E+08   0.169997E+07   0.179148E+08    44.8852       -49.4967        111.526               0           1        3898
         107    8.43097        9.74112        9.76559        83.7231        71.2185        19.5610       0.364121E+09    2.77841       0.277841        23.7300       0.356912E+09   0.618625E+07   0.102268E+07   0.157491E+08   -30.5960       -64.2594       -118.481               0           1        3810
         108    8.95664        10.1006        10.3688        36.9606        34.7238       -60.3410       0.300164E+09    2.35106       0.235106        19.3900       0.265128E+09   0.346076E+08    429045.       0.556971E+07    59.5878       -2.58026       -15.0012               0           1        3808
         109    9.72329        9.81957        10.4509        77.7687        3.51276       -31.9944       0.383966E+09    2.80278       0.280278        23.2400       0.369799E+09   0.135784E+08    588705.       0.192658E+08    191.114       -50.8006      -0.904120               0           1        3808
         110    9.46388        10.1809        10.4786        55.1449       -75.0239       -21.0404       0.276912E+09    2.36255       0.236255        19.5000       0.251659E+09   0.249579E+08    294952.       0.180591E+08    146.610        11.1823        3.84122               0           1        3804
         111    8.90841        9.97063        10.4860        24.5857        85.2364       -25.2132       0.684681E+09    2.64872       0.264871        22.1100       0.622705E+09   0.560912E+08   0.588470E+07   0.845299E+08    51.3135       -24.8847        5.11763               0           1        3793
         112    9.29040        11.4962        11.6056        57.4510       -73.9355       -123.369       0.273194E+09    2.43221       0.243221        20.1300       0.259807E+09   0.124778E+08    909120.       0.270959E+08    116.848        236.833        197.192               0           1        3736
         113    8.49125        9.99302        10.1592        96.9422        68.4990       -4.12926       0.318436E+09    2.61578       0.261578        21.5800       0.305367E+09   0.122747E+08    794847.       0.170839E+08   -20.2543       -21.0435       -50.9567               0           1        3698
         114    9.12066        9.46915        10.1272        86.2478        62.3099       -16.8411       0.327459E+09    2.67874       0.267874        22.2300       0.316258E+09   0.108477E+08    353405.       0.110140E+08    87.7271       -110.919       -56.4397               0           1        3681
         115    9.06211        10.0394        10.2164        26.1695        62.2922        38.1958       0.266034E+09    2.37079       0.237079        20.1000       0.251410E+09   0.139398E+08    684106.       0.102532E+08    77.6822       -13.0849       -41.1417               0           1        3649
         116    8.86711        11.3305        11.0703        53.2505       -67.8489       -86.4017       0.359098E+09    2.57666       0.257666        21.2900       0.321994E+09   0.367816E+08    322549.       0.122227E+08    44.2281        208.407        105.351               0           1        3617
         117    8.31485        10.0623        10.5531        108.866        6.37435       -84.0203       0.227878E+09    2.04431       0.204431        17.0500       0.167939E+09   0.581326E+08   0.180635E+07   0.102492E+08   -50.5175       -9.15957        16.6173               0           1        3599
         118    8.95290        10.4056        10.6081        53.4624       -106.523       -52.1081       0.309405E+09    2.60943       0.260943        21.8500       0.295556E+09   0.130088E+08    839483.       0.152321E+08    58.9462        49.7455        26.0616               0           1        3593
         119    9.35730        10.1544        10.4478        32.4589       -73.9807       -29.5346       0.136277E+09    1.76793       0.176793        14.5800       0.110075E+09   0.259385E+08    263630.       0.774959E+07    128.325        6.64108       -1.43767               0           1        3537
         120    9.16124        10.0242        9.75550        52.9951        34.4644        124.616       0.675776E+09    1.89745       0.189745        17.9400       0.610484E+09   0.594197E+08   0.587316E+07   0.118614E+09    94.6890       -15.6977       -120.212               0           1        3499
         121    8.53599        11.0084        10.8275        79.1673       -73.6320       -84.4380       0.312339E+09    2.62418       0.262418        22.1600       0.297385E+09   0.142445E+08    708665.       0.153975E+08   -12.5788        153.146        63.7053               0           1        3457
         122    8.59184        10.1165        10.4695        66.9245       -12.4267       -27.6727       0.183965E+10    2.45125       0.245125        26.0200       0.161481E+10   0.175637E+09   0.492065E+08   0.416400E+09   -2.99715       0.140679        2.28861               0           0        3447
         123    8.40313        10.2591        9.89281        116.207       -23.7689       -15.9479       0.215029E+09    2.28535       0.228535        19.4000       0.198035E+09   0.165466E+08    447422.       0.107880E+08   -35.3722        24.5999       -96.6550               0           1        3363
         124    8.20049        9.89695        10.6472        70.6565        92.8442       -57.1987       0.298245E+09    2.56619       0.256619        21.5400       0.287159E+09   0.101879E+08    898011.       0.237464E+08   -70.1370       -37.5253        32.7748               0           1        3349
         125    8.59059        10.0522        10.5072        65.3407       -71.8816       -67.3089       0.237047E+09    1.84633       0.184633        15.2300       0.227632E+09   0.909754E+07    317482.       0.104520E+08   -3.21160       -10.8855        8.74955               0           1        3320
         126    8.59254        10.4568        10.4187        66.9331       -93.5836       -43.8094       0.300029E+09    2.57700       0.257700        21.3800       0.282504E+09   0.169722E+08    553166.       0.143213E+08   -2.87706        58.5310       -6.43177               0           1        3315
         127    9.66574        10.2052        10.5231        30.5909       -79.9331       -34.1298       0.686060E+09    3.24952       0.324952        26.8000       0.596599E+09   0.872772E+08   0.218396E+07   0.167843E+08    181.241        15.3597        11.4808               0           1        3297
         128    8.82299        10.1450        10.3199        55.9797        8.01559       -26.7839       0.205557E+09    2.19957       0.219957        20.0800       0.189306E+09   0.156515E+08    599444.       0.224365E+08    36.6589        5.02842       -23.3836               0           1        3292
         129    9.31125        11.4989        11.6079        40.3447       -79.5793       -121.781       0.395090E+09    2.85527       0.285527        23.7400       0.385595E+09   0.690888E+07   0.258666E+07   0.185491E+08    120.425        237.307        197.584               0           1        3267
         130    8.65297        10.3638        9.73793        51.4571       -26.8976        68.2462       0.334373E+09    2.38915       0.238914        19.7600       0.296637E+09   0.363692E+08   0.136693E+07   0.651123E+07    7.49030        42.5691       -123.226               0           1        3253
         131    8.48791        10.1211        10.5508        129.681        20.4793       -33.5012       0.131264E+09    1.77136       0.177136        14.6400       0.108579E+09   0.221373E+08    547965.       0.628065E+07   -20.8274       0.928138        16.2347               0           1        3240
         132    9.35609        9.59938        9.93725        81.9533        75.9310        42.4260       0.350986E+09    2.73192       0.273192        22.8900       0.343111E+09   0.683037E+07   0.104480E+07   0.487750E+08    128.117       -88.5763       -89.0309               0           1        3210
         133    9.25140        10.1183        10.4288        7.23962       -61.9821        2.89119       0.294131E+09    2.15977       0.215977        18.1100       0.267123E+09   0.263570E+08    651303.       0.176274E+08    110.157       0.454633       -4.70074               0           1        3173
         134    9.30697        9.80663        10.0564        58.6454        25.6533        24.8914       0.259172E+09    2.47012       0.247012        20.3700       0.254652E+09   0.434251E+07    177275.       0.878891E+07    119.690       -53.0205       -68.5810               0           1        3163
         135    8.60856        10.2668        10.8869        103.276       -78.0238       -113.675       0.353775E+09    2.64323       0.264322        21.8100       0.331971E+09   0.215651E+08    239421.       0.164350E+08  -0.128670        25.9261        73.8822               0           1        3142
         136    8.75122        10.2107        9.99178        4.26429        54.4852        27.8473       0.263004E+09    2.38829       0.238829        19.8200       0.240685E+09   0.216320E+08    687118.       0.127717E+08    24.3460        16.2999       -79.6758               0           1        3107
         137    8.98836        11.4522        11.7158        60.4993       -75.6537       -126.415       0.288002E+09    2.55247       0.255247        21.5400       0.274772E+09   0.128675E+08    362223.       0.101590E+08    65.0297        229.293        216.102               0           1        3103
         138    9.14997        9.44520        10.1383        78.8558        81.8222       -18.0456       0.331127E+09    2.67222       0.267222        22.2600       0.315925E+09   0.146472E+08    554882.       0.137228E+08    92.7555       -115.027       -54.5371               0           1        3102
         139    8.90543        11.3150        11.0286        80.1058       -95.8080       -34.1136       0.272991E+09    2.38811       0.238812        19.8500       0.243595E+09   0.281212E+08   0.127531E+07   0.944420E+07    50.8023        205.753        98.1939               0           1        3084
         140    8.94338        11.2868        11.2571        46.6419       -68.8824       -108.856       0.493328E+09    3.03044       0.303044        25.5800       0.455930E+09   0.361715E+08   0.122700E+07   0.181751E+08    57.3130        200.914        137.406               0           1        3079
         141    8.01244        9.90060        10.6503        94.8925        16.7708       -53.1951       0.205322E+09    2.18053       0.218053        18.0300       0.195957E+09   0.834049E+07   0.102508E+07   0.268025E+08   -102.399       -36.8991        33.3066               0           1        3067
         142    8.58411        10.4366        9.59642        37.4053       -86.8763        13.9116       0.130950E+09    1.87566       0.187567        16.0100       0.117890E+09   0.128501E+08    210255.       0.278035E+07   -4.32331        55.0621       -147.504               0           1        3047
         143    8.95217        10.8226        11.2820        62.5045       -65.6743       -109.096       0.200240E+09    2.25499       0.225498        18.6100       0.193463E+09   0.644390E+07    332986.       0.177725E+08    58.8210        121.281        141.671               0           1        3016
         144    8.66179        10.3502        9.74021        30.3258       -73.1130        41.6972       0.214828E+09    1.97140       0.197140        16.6300       0.190553E+09   0.235734E+08    702039.       0.187745E+08    9.00345        40.2290       -122.835               0           1        3015
         145    8.64349        10.1260        10.2613        136.687       -32.1850        7.70196       0.174598E+09    1.85439       0.185439        17.2500       0.116394E+09   0.569329E+08   0.127162E+07   0.223168E+08    5.86391        1.76535       -33.4353               0           1        3014
         146    8.47653        10.2563        9.91558        121.967       -19.5413       -12.5724       0.213989E+09    2.27111       0.227111        18.8400       0.197869E+09   0.146245E+08   0.149527E+07   0.169039E+08   -22.7797        24.1316       -92.7486               0           1        3008
         147    8.04147        9.88634        10.7211        84.4348        51.1952       -37.1066       0.548174E+09    2.56208       0.256208        22.2000       0.502570E+09   0.450028E+08    600552.       0.224611E+08   -97.4185       -39.3455        45.4513               0           1        2990
         148    9.11177        10.3317        11.1888        40.0483       -56.5149       -117.537       0.479966E+09    2.99424       0.299424        25.3300       0.443958E+09   0.346618E+08   0.134664E+07   0.738297E+07    86.2019        37.0672        125.688               0           1        2947
         149    9.06220        10.0150        10.2358        15.0749        42.3889       -2.96168       0.229478E+09    2.19082       0.219082        18.6200       0.207264E+09   0.220222E+08    192206.       0.563293E+07    77.6977       -17.2743       -37.8100               0           1        2943
         150    8.67768        10.1813        10.0945        71.5772       -9.36011        23.1756       0.386523E+09    2.13095       0.213095        17.6800       0.341781E+09   0.427091E+08   0.203333E+07   0.281234E+08    11.7295        11.2646       -62.0600               0           1        2933
         151    8.72591        10.2109        9.96395        110.953       -58.2740        52.9357       0.374118E+09    1.90414       0.190414        18.2000       0.368801E+09   0.232220E+07   0.299531E+07   0.461617E+08    20.0039        16.3308       -84.4503               0           1        2904
         152    8.00757        10.0169        10.7089        94.7540       -35.2364       -82.3150       0.172785E+09    2.14193       0.214193        17.6800       0.167773E+09   0.458508E+07    426807.       0.165869E+08   -103.234       -16.9450        43.3549               0           1        2882
         153    9.05922        10.3563        11.2296        65.9570       -42.9271       -128.559       0.285913E+09    2.54269       0.254269        20.9800       0.280342E+09   0.447189E+07   0.109885E+07   0.167931E+08    77.1864        41.2824        132.689               0           1        2869
         154    9.26600        10.1484        10.9068        50.6066       -60.2109       -92.7248       0.221627E+09    2.31246       0.231246        19.2100       0.207846E+09   0.135248E+08    256211.       0.744432E+07    112.662        5.60829        77.2962               0           1        2860
         155    9.18868        10.1476        10.8836        42.2801       -67.1489       -93.1556       0.115870E+09    1.86898       0.186897        15.4200       0.113068E+09   0.232801E+07    473734.       0.212773E+08    99.3966        5.47790        73.3246               0           1        2852
         156    8.83754        10.1785        9.94795       -6.03824       -31.3054        11.3310       0.197937E+09    2.14313       0.214313        17.6900       0.174757E+09   0.229929E+08    187010.       0.454100E+07    39.1551        10.7774       -87.1952               0           1        2809
         157    8.63164        10.1416        10.6264        88.3933       -100.850       -117.855       0.333963E+09    2.47561       0.247561        20.4500       0.295057E+09   0.382438E+08    661571.       0.126481E+08    3.83093        4.43825        29.1926               0           1        2753
         158    8.88422        10.9442        11.1137        70.6615       -56.8666       -86.3678       0.164888E+09    2.12957       0.212957        18.0000       0.161122E+09   0.310411E+07    661772.       0.209681E+08    47.1635        142.134        112.794               0           1        2723
         159    8.77346        10.1582        10.5602        74.4544       -30.7401       -105.709       0.766899E+09    2.22719       0.222719        20.6200       0.740595E+09   0.237740E+08   0.253024E+07   0.593192E+08    28.1615        7.29644        17.8422               0           1        2722
         160    9.08287        10.2742        10.5724        29.6422       -111.878       -55.0285       0.283776E+09    2.47492       0.247492        20.4100       0.264130E+09   0.191557E+08    490376.       0.111295E+08    81.2438        27.2008        19.9284               0           1        2721
         161    8.58612        10.1717        10.4925        108.238        72.0424       -83.1014       0.134364E+09    1.81253       0.181253        15.1300       0.133271E+09    768884.        324335.       0.124169E+08   -3.97847        9.60391        6.23276               0           1        2718
         162    9.17702        11.2582        11.0209        30.0377       -87.0474       -81.9505       0.183083E+09    1.99421       0.199421        16.4600       0.146988E+09   0.357905E+08    303893.       0.107841E+08    97.3962        196.012        96.8815               0           1        2716
         163    8.23609        10.0133        10.5666        139.866       -4.59610       -77.7371       0.312661E+09    2.31143       0.231143        19.4000       0.285164E+09   0.263602E+08   0.113696E+07   0.296820E+08   -64.0295       -17.5626        18.9419               0           1        2710
         164    8.66666        10.0846        10.3289        32.8239       -2.16604        19.5420       0.183609E+09    2.15256       0.215256        17.7600       0.181574E+09   0.174810E+07    287057.       0.164431E+08    9.83895       -5.32865       -21.8361               0           1        2705
         165    9.49472        10.0672        10.5420        47.2291       -20.2567       -51.1674       0.215624E+09    2.30937       0.230937        19.1900       0.205351E+09   0.988665E+07    386309.       0.809921E+07    151.901       -8.31378        14.7250               0           1        2693
         166    8.82728        10.1410        10.5071        36.0657       -74.2446       -86.4964       0.166952E+09    2.00605       0.200605        16.5500       0.145575E+09   0.207365E+08    640429.       0.154101E+08    37.3949        4.34218        8.72896               0           1        2643
         167    8.58556        10.2411        11.2016        78.0929       -47.7350       -121.466       0.184259E+09    2.12614       0.212614        17.5500       0.161953E+09   0.220268E+08    279424.       0.124793E+08   -4.07454        21.5119        127.875               0           1        2642
         168    9.04634        10.1973        10.9535        41.6333       -69.0648       -108.074       0.175630E+09    2.15273       0.215273        17.8700       0.168272E+09   0.695652E+07    401344.       0.162200E+08    74.9767        13.9976        85.3132               0           1        2638
         169    8.76788        11.5061        11.4457        51.7445       -90.2423       -108.036       0.301603E+09    2.54183       0.254183        21.8400       0.271280E+09   0.296160E+08    706530.       0.927620E+07    27.2042        238.547        169.763               0           1        2615
         170    8.46973        10.8598        10.6858        74.9141       -74.5303       -45.7864       0.230244E+09    2.30371       0.230371        19.0200       0.204354E+09   0.257707E+08    119263.       0.139877E+08   -23.9463        127.659        39.3850               0           1        2588
         171    9.61293        11.6411        11.3312        48.2614       -106.397       -97.4072       0.275586E+09    2.53428       0.253428        23.2400       0.263465E+09   0.115871E+08    533962.       0.969147E+07    172.181        261.699        150.118               0           1        2587
         172    8.77643        10.3041        9.76557        28.0751       -32.5952        76.6421       0.247057E+09    2.20849       0.220849        19.4000       0.226053E+09   0.206538E+08    350737.       0.708488E+07    28.6711        32.3219       -118.484               0           1        2579
         173    9.37692        10.1510        9.83679        7.01120       -16.9519        31.9323       0.212543E+09    2.16594       0.216595        18.9000       0.194128E+09   0.181593E+08    255608.       0.937149E+07    131.691        6.05606       -106.266               0           1        2553
         174    8.47075        10.3483        10.8750        92.6439       -77.2407       -102.781       0.199738E+09    2.26253       0.226253        18.8100       0.190636E+09   0.865590E+07    445957.       0.847130E+07   -23.7713        39.9065        71.8458               0           1        2546
         175    8.62879        10.2630        10.8796        86.7277       -53.5983       -141.552       0.280208E+09    2.37388       0.237388        19.8600       0.255733E+09   0.239398E+08    534624.       0.775044E+07    3.34198        25.2742        72.6332               0           1        2540
         176    9.09254        10.2276        9.83370        23.9780       -43.8246        13.5432       0.134673E+09    1.96196       0.196196        16.3700       0.128781E+09   0.576130E+07    130060.       0.426728E+07    82.9028        19.2027       -106.796               0           1        2509
         177    9.07166        10.0955        10.6066        38.3482        7.58109       -93.8614       0.223456E+09    2.26648       0.226648        18.7100       0.209591E+09   0.134035E+08    460933.       0.655254E+07    79.3206       -3.46894        25.8026               0           1        2493
         178    9.06765        10.2802        10.5710        47.3319       -97.1782       -62.1776       0.311014E+09    2.42483       0.242483        20.0000       0.293228E+09   0.174384E+08    347203.       0.152929E+08    78.6327        28.2250        19.6899               0           1        2487
         179    8.99443        10.0720        10.2515       -15.7854       -62.8073       -43.5534       0.308156E+09    1.79898       0.179898        15.5000       0.304618E+09   0.263526E+07    901950.       0.151289E+08    66.0711       -7.49030       -35.1234               0           1        2468
         180    8.97416        10.1344        10.4971        2.76273       -26.0226       -32.3795       0.367648E+09    2.28072       0.228072        18.9000       0.343860E+09   0.229343E+08    854336.       0.790233E+07    62.5936        3.21503        7.01336               0           1        2460
         181    9.18031        10.1722        10.4801        43.3891       -93.2897       -58.2292       0.202758E+09    2.28741       0.228741        19.2800       0.200031E+09   0.173951E+07    988454.       0.773495E+07    97.9606        9.69312        4.09856               0           1        2444
         182    9.39879        9.96892        9.82876        45.1249       -5.33973        39.1542       0.205190E+09    2.04465       0.204465        17.6100       0.161870E+09   0.423810E+08    938626.       0.109085E+08    135.443       -25.1781       -107.643               0           1        2419
         183    8.70600        11.2558        11.6695        53.2244       -74.8525       -111.585       0.218058E+09    2.35483       0.235483        20.4200       0.212335E+09   0.498568E+07    737614.       0.103221E+08    16.5881        195.595        208.150               0           1        2414
         184    8.66086        10.1677        10.3776        32.8621       -28.8475        11.4883       0.197460E+09    2.07485       0.207485        17.1500       0.196456E+09    638414.        365545.       0.160176E+08    8.84390        8.92968       -13.4794               0           1        2407
         185    8.99067        9.78012        10.7475        60.0388        79.3664       -60.8411       0.182454E+09    2.14862       0.214862        17.8200       0.167856E+09   0.144327E+08    164937.       0.929665E+07    65.4260       -57.5686        49.9805               0           1        2405
         186    8.57881        10.1250        10.5701        56.0106        2.43738       -123.066       0.142487E+09    1.94841       0.194841        16.5000       0.135266E+09   0.663626E+07    585078.       0.264412E+08   -5.23257        1.59551        19.5372               0           1        2360
         187    8.63588        10.8502        11.3978        65.2307       -71.9150       -110.149       0.235943E+09    2.37542       0.237542        19.6200       0.224473E+09   0.111470E+08    323184.       0.119966E+08    4.55834        126.014        161.534               0           1        2357
         188    9.44120        9.84705        9.86087        47.3057        18.9579        51.4904       0.141740E+09    1.96282       0.196282        16.5500       0.134351E+09   0.704616E+07    342428.       0.252229E+07    142.719       -46.0861       -102.135               0           1        2294
         189    8.68470        10.2788        9.81671        93.8901       -65.7095        38.7783       0.174427E+09    1.86331       0.186331        15.8800       0.131358E+09   0.424711E+08    597844.       0.732520E+07    12.9339        27.9848       -109.711               0           1        2292
         190    8.91767        10.1442        9.88006        21.7838        26.3429        42.5428       0.147630E+09    1.91804       0.191804        15.8300       0.123627E+09   0.238285E+08    175259.       0.149315E+07    52.9022        4.89975       -98.8424               0           1        2291
         191    9.56482        9.98705        10.2649        55.4342       -20.7936       -4.65385       0.221238E+09    2.31211       0.231211        19.1000       0.208843E+09   0.122175E+08    176906.       0.282850E+07    163.927       -22.0677       -32.8159               0           1        2273
         192    8.94131        10.0991        10.3506        50.0201        41.4106       -33.1235       0.265258E+09    2.10007       0.210007        17.6500       0.201776E+09   0.630978E+08    383357.       0.141803E+08    56.9578       -2.83931       -18.1098               0           1        2268
         193    8.04667        10.0959        9.55652        68.3604        32.4150        6.95268       0.174985E+09    2.11293       0.211293        17.4400       0.164032E+09   0.103373E+08    616190.       0.161800E+08   -96.5264       -3.38830       -154.349               0           1        2268
         194    8.46116        10.8644        10.7293        80.2288       -62.7587       -77.6759       0.429521E+09    2.91566       0.291566        24.9200       0.408292E+09   0.200528E+08   0.117690E+07   0.280871E+08   -25.4166        128.443        46.8547               0           1        2249
         195    9.66541        10.1867        10.5111        17.4801       -96.3643       -17.9027       0.254385E+09    2.03264       0.203264        17.2000       0.229046E+09   0.247327E+08    606275.       0.111763E+08    181.184        12.1893        9.41348               0           1        2242
         196    8.93958        10.1126        10.4617        36.1521       -18.8859       -29.0706       0.222718E+09    2.26665       0.226665        19.3600       0.197786E+09   0.246013E+08    330523.       0.477702E+07    56.6610      -0.523257       0.948725               0           1        2230
         197    8.99037        10.0470        10.2429       -6.43531        82.7903       -10.1838       0.225242E+09    1.88081       0.188081        16.2600       0.212834E+09   0.121572E+08    251431.       0.791125E+07    65.3746       -11.7862       -36.5885               0           1        2202
         198    8.54554        10.4980        9.52433        26.1827       -42.8612        48.9050       0.116234E+09    1.83346       0.183346        15.2500       0.107082E+09   0.903916E+07    112401.       0.321729E+07   -10.9404        65.5856       -159.871               0           1        2196
         199    9.52535        11.4330        11.1727        39.5132       -90.1620       -80.2868       0.167422E+09    2.10864       0.210864        17.6300       0.155219E+09   0.120641E+08    138653.       0.442941E+07    157.156        226.008        122.926               0           1        2168
         200    8.62781        10.0891        10.6296        62.1222        71.8258       -168.982       0.232515E+09    1.85679       0.185679        16.1600       0.201860E+09   0.288403E+08   0.181461E+07   0.324834E+08    3.17385       -4.56692        29.7433               0           1        2155
         201    8.67993        10.1830        10.6788        94.7364       -91.9263       -104.423       0.134075E+09    1.87086       0.187086        15.4400       0.114398E+09   0.193655E+08    310882.       0.634168E+07    12.1155        11.5425        38.1892               0           1        2154
         202    9.28025        9.76086        10.0230        69.4523        48.5819        30.1250       0.265261E+09    2.46120       0.246120        21.0000       0.250579E+09   0.140673E+08    614683.       0.360637E+07    115.106       -60.8728       -74.3111               0           1        2122
         203    8.58450        9.67961        9.92911        61.0471        79.7838       -8.29526       0.229556E+09    2.38194       0.238194        20.5800       0.219734E+09   0.952159E+07    299702.       0.553821E+07   -4.25640       -74.8121       -90.4274               0           1        2122
         204    8.58795        10.2487        11.1477        87.3562       -53.9008       -119.503       0.117935E+09    1.91530       0.191530        17.0000       0.114398E+09   0.291813E+07    618812.       0.215507E+08   -3.66452        22.8277        118.627               0           1        2119
         205    8.60050        10.9943        10.8148        55.3277       -83.3161       -58.3906       0.152970E+09    2.04843       0.204843        17.2000       0.143247E+09   0.936620E+07    356497.       0.825173E+07   -1.51144        150.732        61.5179               0           1        2118
         206    9.40267        10.1512        10.4701        30.0537       -63.4876       -4.32997       0.220263E+09    2.26408       0.226408        18.6800       0.205767E+09   0.143582E+08    138175.       0.448185E+07    136.109        6.08694        2.38983               0           1        2111
         207    8.71858        10.2774        9.82109       -16.1920       -85.0215       -12.7042       0.153093E+09    1.79898       0.179898        15.0600       0.146240E+09   0.663837E+07    214555.       0.180936E+08    18.7463        27.7498       -108.959               0           1        2085
         208    8.45750        10.8650        10.7328        104.178       -86.5492       -72.7603       0.306367E+09    1.94429       0.194429        16.0400       0.285746E+09   0.194781E+08   0.114326E+07   0.271400E+08   -26.0445        128.550        47.4483               0           1        2084
         209    8.80024        9.99139        9.74213        58.4782        62.2430        57.3072       0.194760E+09    2.25327       0.225327        19.2600       0.187061E+09   0.734489E+07    354458.       0.279129E+07    32.7559       -21.3232       -122.506               0           1        2080
         210    8.00119        9.96722        10.5746        90.2464        22.8843       -27.1224       0.174234E+09    2.14845       0.214845        17.8600       0.164697E+09   0.943727E+07    99580.6       0.518412E+07   -104.329       -25.4698        20.3058               0           1        2077
         211    9.23606        10.1155        10.4244        63.5683       -62.0296       -65.1960       0.317837E+09    1.73670       0.173670        15.6600       0.283917E+09   0.329064E+08   0.101359E+07   0.788950E+07    107.525      -0.377431E-01   -5.46418               0           1        2050
         212    8.63399        10.2460        9.84747        111.131        31.2211        29.0298       0.271439E+09    2.02269       0.202269        16.9900       0.252158E+09   0.185784E+08    702025.       0.121941E+08    4.23409        22.3577       -104.434               0           1        2048
         213    8.57610        9.75849        9.98888        77.1700        63.0883       -15.4632       0.176628E+09    2.14759       0.214759        18.8200       0.164115E+09   0.123330E+08    179785.       0.368145E+07   -5.69750       -61.2794       -80.1733               0           1        2033
         214    9.30315        10.0875        9.80744        25.9586       -16.4284        43.4430       0.229415E+09    2.32052       0.232052        19.9800       0.212002E+09   0.169811E+08    431000.       0.470808E+07    119.035       -4.83627       -111.301               0           1        2025
         215    8.41932        10.6028        10.3208        68.1549       -76.4579       -55.4119       0.168139E+09    2.13626       0.213627        18.1300       0.154388E+09   0.134651E+08    286452.       0.515539E+07   -32.5946        83.5770       -23.2378               0           1        2024
         216    8.76307        9.99239        10.8250        71.3697        37.5694       -102.276       0.107395E+09    1.78165       0.178165        14.7200       0.104920E+09   0.198324E+07    490892.       0.469893E+07    26.3790       -21.1516        63.2747               0           1        2022
         217    9.40604        10.1683        10.4582        18.9150       -26.1172       -13.0295       0.333927E+09    2.34900       0.234900        20.1900       0.284915E+09   0.485392E+08    473084.       0.737567E+07    136.687        9.02576       0.344835               0           1        2005
         218    8.82580        10.0658        11.1339        82.1159       -15.6630       -118.488       0.162269E+09    2.06301       0.206301        20.2100       0.142250E+09   0.188393E+08   0.118019E+07   0.202191E+07    37.1410       -8.56255        116.266               0           1        2004
         219    9.07902        11.3534        10.7900        48.0558       -94.0369       -45.3775       0.119932E+09    1.88150       0.188150        16.2400       0.112652E+09   0.711167E+07    168218.       0.531547E+07    80.5833        212.346        57.2598               0           1        1995
         220    9.13762        11.3705        11.3288        27.7879       -91.3265       -114.746       0.167753E+09    2.06301       0.206301        17.0200       0.154388E+09   0.128425E+08    522764.       0.612145E+07    90.6367        215.271        149.710               0           1        1986
         221    8.42037        9.85651        9.78851        79.6400        53.5642      -0.900076       0.241581E+09    2.35312       0.235312        19.4200       0.229378E+09   0.118911E+08    311594.       0.105419E+08   -32.4145       -44.4631       -114.549               0           1        1980
         222    9.48503        10.3016        9.77829        31.2990       -48.2257        41.9924       0.171372E+09    2.15050       0.215050        18.5500       0.162702E+09   0.844255E+07    227698.       0.107477E+08    150.238        31.9015       -116.302               0           1        1969
         223    8.42621        10.0096        10.7155        96.4616        56.8731       -113.311       0.155994E+09    2.05855       0.205855        16.9800       0.148235E+09   0.697230E+07    785764.       0.362698E+08   -31.4126       -18.1973        44.4803               0           1        1955
         224    9.29709        10.3401        9.70030        31.6110       -47.3913        50.9033       0.153558E+09    2.06318       0.206318        17.5400       0.146822E+09   0.650803E+07    227825.       0.682453E+07    117.995        38.4929       -129.682               0           1        1953
         225    9.02414        10.1097        10.4810        13.6865       -68.7637       -58.1693       0.145109E+09    1.99181       0.199181        17.0100       0.134684E+09   0.975181E+07    673609.       0.100701E+08    71.1681       -1.03451        4.26326               0           1        1940
         226    9.10706        10.0125        10.2310        22.5253        50.8410        17.9441       0.114051E+09    1.82660       0.182660        15.1200       0.103341E+09   0.104387E+08    271265.       0.215037E+07    85.3939       -17.6964       -38.6387               0           1        1918
         227    9.13622        10.1136        10.3686        7.85005       -42.1886        11.1747       0.126109E+09    1.78337       0.178337        14.7100       0.114232E+09   0.117899E+08    86796.9       0.255398E+07    90.3965      -0.360275       -15.0218               0           1        1918
         228    9.39520        11.4007        10.9867        58.4098       -90.1227       -59.1610       0.133141E+09    1.97980       0.197980        16.4200       0.130278E+09   0.242149E+07    441500.       0.149766E+08    134.827        220.453        91.0124               0           1        1916
         229    9.63980        11.6025        11.2810        33.1807       -88.9590       -88.4902       0.133407E+09    1.95149       0.195150        16.1000       0.127035E+09   0.613748E+07    234342.       0.436535E+07    176.791        255.077        141.509               0           1        1906
         230    9.08397        10.1203        9.73641        39.1006       -9.13043        68.6894       0.122134E+09    1.85782       0.185782        15.3300       0.111405E+09   0.104968E+08    231425.       0.255825E+07    81.4325       0.794322       -123.487               0           1        1905
         231    8.69913        10.1782        9.98196        59.6258        46.0527       -56.8554       0.244234E+09    1.87086       0.187086        15.6400       0.207097E+09   0.366783E+08    458233.       0.138450E+08    15.4095        10.7259       -81.3605               0           1        1904
         232    9.22054        9.96218        9.78314        50.4269       -6.31131        55.1091       0.253107E+09    1.87206       0.187206        15.4700       0.186562E+09   0.656866E+08    858220.       0.734909E+07    104.862       -26.3344       -115.470               0           1        1903
         233    8.64503        11.4301        11.3364        77.1215       -79.6856       -104.073       0.190548E+09    2.21724       0.221724        18.2900       0.182156E+09   0.759792E+07    793809.       0.116043E+08    6.12811        225.510        151.010               0           1        1900
         234    8.60570        10.0878        10.6220        99.1127       -1.23164       -132.610       0.805759E+09    1.93159       0.193159        21.1700       0.737936E+09   0.543397E+08   0.134835E+08   0.295776E+09  -0.619331       -4.78652        28.4377               0           1        1887
         235    9.45631        10.9905        11.2504        53.4526       -67.0169       -88.4309       0.202817E+09    2.28432       0.228432        18.9800       0.198451E+09   0.407969E+07    286085.       0.739742E+07    145.311        150.091        136.244               0           1        1882
         236    9.02586        9.47567        10.0830        88.6318        78.5628       -7.10757       0.123409E+09    1.88630       0.188630        15.5900       0.115728E+09   0.735813E+07    322142.       0.534799E+07    71.4632       -109.800       -64.0330               0           1        1881
         237    9.01585        10.1171        10.3663        11.9812       -68.4535       -23.7674       0.142514E+09    1.92696       0.192696        15.9200       0.140337E+09   0.183294E+07    343415.       0.864380E+07    69.7459       0.238468       -15.4215               0           1        1879
         238    9.12990        11.2166        10.9416        26.2227       -63.9464       -34.6176       0.151897E+09    2.07073       0.207073        17.1200       0.148319E+09   0.322959E+07    348734.       0.628646E+07    89.3123        188.868        83.2682               0           1        1861
         239    8.94254        11.2921        11.2622        68.1918       -78.4045       -138.379       0.298824E+09    1.93726       0.193726        17.3300       0.272194E+09   0.254158E+08   0.121371E+07   0.178452E+08    57.1688        201.830        138.270               0           1        1851
         240    9.07742        10.3638        11.2125        83.8536       -75.5041       -101.362       0.458909E+09    2.82937       0.282937        23.3400       0.413779E+09   0.441772E+08    952762.       0.142949E+08    80.3088        42.5640        129.752               0           1        1845
         241    9.54663        11.2328        11.1716        42.9873       -64.4941       -100.183       0.138372E+09    1.99782       0.199782        16.6100       0.132938E+09   0.521543E+07    218984.       0.312505E+07    160.806        191.651        122.739               0           1        1829
         242    8.70058        11.3988        11.2878        64.8835       -80.0400       -99.9833       0.134579E+09    1.94000       0.194000        16.8600       0.126121E+09   0.821658E+07    242036.       0.676069E+07    15.6583        220.132        142.666               0           1        1802
         243    8.67729        10.1636        9.95019        41.0901        28.2843        12.5760       0.262086E+09    1.85491       0.185491        16.2900       0.226801E+09   0.343917E+08    893344.       0.202804E+08    11.6626        8.22629       -86.8109               0           1        1798
         244    9.61818        9.70096        8.99836        46.2883        13.8190        87.3697       0.125187E+09    1.83466       0.183466        15.1300       0.106833E+09   0.181393E+08    214712.       0.502032E+07    173.081       -71.1493       -250.107               0           1        1781
         245    9.53196        11.5615        11.3998        46.2901       -89.6653       -100.026       0.136161E+09    1.98804       0.198804        16.5200       0.130111E+09   0.583775E+07    211416.       0.369292E+07    158.290        248.041        161.880               0           1        1760
         246    8.36283        11.0870        10.8269        82.8411       -70.4687       -78.3939       0.151808E+09    2.04311       0.204311        16.8800       0.144079E+09   0.744585E+07    283335.       0.669094E+07   -42.2860        166.643        63.6006               0           1        1751
         247    8.37188        10.7067        10.2966        68.6047       -69.1306       -67.7021       0.132129E+09    1.83037       0.183037        15.2800       0.109410E+09   0.222652E+08    453651.        998924.       -40.7334        101.392       -27.3741               0           1        1743
         248    8.76943        10.1536        10.5663        20.3950       -157.987       -41.7645       0.626919E+09    1.73104       0.173104        15.1700       0.618798E+09   0.476021E+07   0.336024E+07   0.609826E+08    27.4701        6.50040        18.8801               0           1        1739
         249    8.68168        10.1922        9.93374        35.3102       -54.9491        57.5132       0.174861E+09    1.82831       0.182831        15.4200       0.148901E+09   0.256623E+08    297611.       0.548518E+07    12.4158        13.1312       -89.6331               0           1        1739
         250    9.46610        11.2414        11.7305        58.8084       -76.7197       -114.661       0.178900E+09    2.16715       0.216715        18.1700       0.166775E+09   0.120442E+08    80708.4       0.337626E+07    146.991        193.135        218.624               0           1        1724
         251    8.69389        10.1678        9.94343        7.29951       -14.0466        54.7262       0.173082E+09    1.92113       0.192113        16.1800       0.146157E+09   0.265890E+08    336070.       0.948066E+07    14.5105        8.93483       -87.9707               0           1        1723
         252    9.40891        11.4769        11.3997        62.9379       -92.3428       -107.664       0.118506E+09    1.88716       0.188716        15.5800       0.114398E+09   0.389553E+07    212659.       0.522956E+07    137.179        233.522        161.863               0           1        1716
         253    8.82595        10.1878        10.0289        12.6074       -96.7732       -28.6072       0.139742E+09    1.95733       0.195733        16.3400       0.129696E+09   0.993331E+07    112638.       0.169166E+07    37.1667        12.3677       -73.3126               0           1        1707
         254    8.91549        11.0166        11.1228        54.5010       -76.2340       -82.9679       0.148029E+09    2.03247       0.203247        16.7800       0.141917E+09   0.584374E+07    268488.       0.766858E+07    52.5282        154.558        114.357               0           1        1701
         255    9.32236        10.1559        10.4409        27.1983       -22.2406       -25.5888       0.110620E+09    1.66190       0.166190        14.6400       0.107664E+09   0.277928E+07    176817.       0.245950E+07    122.331        6.90185       -2.62830               0           1        1691
         256    8.81444        11.3114        11.2343        76.7163       -77.0751       -112.309       0.145928E+09    2.00502       0.200502        16.5600       0.138176E+09   0.757260E+07    179968.       0.770294E+07    35.1920        205.141        133.494               0           1        1677
         257    9.12608        11.3231        10.5414        43.7757       -80.7225       -53.4191       0.180659E+09    2.17349       0.217349        17.9700       0.172346E+09   0.805409E+07    259827.       0.545290E+07    88.6569        207.146        14.6100               0           1        1671
         258    8.89976        10.2649        9.74652        9.45481       -26.5541        72.6655       0.126127E+09    1.87138       0.187138        15.4700       0.115479E+09   0.105031E+08    144552.       0.289323E+07    49.8295        25.6053       -121.753               0           1        1656
         259    8.50287        10.8879        10.7515        76.7879       -74.7089       -78.2568       0.123656E+09    1.86297       0.186297        16.3700       0.113983E+09   0.949446E+07    179249.        341279.       -18.2608        132.478        50.6633               0           1        1653
         260    8.56905        10.9893        10.8189        66.7415       -76.4342       -76.3391       0.164545E+09    2.04362       0.204362        17.7500       0.149566E+09   0.149307E+08    48461.6       0.271191E+07   -6.90699        149.876        62.2179               0           1        1647
         261    8.52636        10.2303        9.90522        124.284       -20.4697       -11.6176       0.113353E+09    1.88184       0.188184        16.1800       0.108329E+09   0.479474E+07    229397.       0.109692E+08   -14.2309        19.6659       -94.5260               0           1        1646
         262    8.99072        10.1699        10.9842        64.3068       -42.3391       -119.545       0.183215E+09    2.16217       0.216217        20.6400       0.165029E+09   0.178023E+08    382762.        904605.        65.4346        9.29854        90.5870               0           1        1640
         263    8.67082        11.2454        11.7158        60.9439       -69.0385       -130.326       0.140064E+09    1.83535       0.183535        15.2700       0.138342E+09   0.139213E+07    329940.       0.409764E+07    10.5526        193.820        216.105               0           1        1614
         264    8.91431        9.38052        9.92403        78.6489        79.9790        18.9297       0.135255E+09    1.92370       0.192370        16.3100       0.122213E+09   0.128734E+08    168324.       0.228262E+07    52.3257       -126.124       -91.2989               0           1        1601
         265    8.27166        10.0285        10.6178        97.1632       -26.4385       -130.923       0.150097E+09    1.95767       0.195767        16.5300       0.141169E+09   0.856615E+07    362483.       0.539035E+07   -57.9271       -14.9583        27.7292               0           1        1599
         266    9.22609        11.1181        10.1145        47.6741       -71.5463       -31.1103       0.137958E+09    2.02612       0.202612        17.3200       0.137594E+09    176877.        187612.       0.553913E+07    105.815        171.982       -58.6134               0           1        1596
         267    9.53885        11.2977        11.1398        36.9676       -93.0976       -83.0743       0.170265E+09    2.11448       0.211448        17.6100       0.159210E+09   0.107703E+08    285364.       0.337881E+07    159.472        202.794        117.285               0           1        1592
         268    9.11939        11.3622        11.3130        47.7299       -81.7956       -109.654       0.143319E+09    1.93297       0.193297        15.9500       0.126204E+09   0.166352E+08    480282.       0.159720E+07    87.5092        213.856        146.992               0           1        1587
         269    9.07260        10.3805        11.2181        70.2386       -91.8190       -138.697       0.265625E+09    2.28158       0.228158        19.3600       0.242514E+09   0.224103E+08    700446.       0.767349E+07    79.4819        45.4410        130.711               0           1        1577
         270    9.22798        10.1115        10.4258        41.9347       -48.1406        41.6348       0.300790E+09    1.81202       0.181202        16.4800       0.253821E+09   0.459401E+08   0.102887E+07   0.842476E+07    106.139      -0.713688       -5.21713               0           1        1570
         271    9.50333        11.6257        11.5373        48.4782       -88.7776       -111.150       0.148323E+09    1.99353       0.199353        17.0800       0.130278E+09   0.177865E+08    258462.       0.239869E+07    153.378        259.059        185.478               0           1        1559
         272    8.45453        9.94834        11.4909        63.6342       -27.2602       -82.3568       0.305419E+09    2.61680       0.261680        22.0700       0.294309E+09   0.104849E+08    624484.       0.123276E+08   -26.5540       -28.7088        177.521               0           1        1556
         273    9.52775        11.4790        11.2787        45.8552       -78.8294       -87.4461       0.319834E+09    2.62796       0.262796        21.9700       0.304036E+09   0.151226E+08    674941.       0.993374E+07    157.567        233.894        141.116               0           1        1531
         274    8.65108        10.1372        10.3924       -9.66293        6.39107       -34.0395       0.253464E+09    1.82523       0.182523        15.2400       0.233369E+09   0.185017E+08   0.159286E+07   0.642337E+07    7.16605        3.69540       -10.9438               0           1        1529
         275    9.24522        9.73059        10.0111        92.8185        63.1285        18.1890       0.115744E+09    1.89642       0.189642        15.8700       0.112486E+09   0.313184E+07    126204.       0.223654E+07    109.097       -66.0659       -76.3612               0           1        1496
         276    8.89876        10.9948        11.1444        73.4650       -71.8601       -110.235       0.208215E+09    2.23062       0.223062        18.5200       0.186812E+09   0.212169E+08    186815.       0.393523E+07    49.6580        150.822        118.074               0           1        1478
         277    8.64870        9.72697        9.68324        46.7126        58.5404        28.9196       0.184845E+09    2.16697       0.216697        19.1500       0.169186E+09   0.154259E+08    232426.       0.308869E+07    6.75774       -66.6870       -132.609               0           1        1474
         278    8.97114        9.97339        10.8851        62.7547        14.4367       -91.9155       0.128040E+09    1.92765       0.192765        15.9500       0.123128E+09   0.486157E+07    50969.5       0.152143E+07    62.0755       -24.4112        73.5785               0           1        1469
         279    9.01802        10.1328        10.5453        19.7208       -65.6295       -80.6145       0.161842E+09    1.95836       0.195836        16.4800       0.151478E+09   0.101312E+08    232997.       0.123986E+07    70.1182        2.94053        15.2877               0           1        1465
         280    8.47117        10.8267        10.7323        88.2047       -54.4863       -81.1980       0.143019E+09    1.91650       0.191650        15.9100       0.128615E+09   0.142463E+08    157694.       0.231923E+07   -23.6993        121.977        47.3728               0           1        1464
         281    8.59802        10.8961        10.7198        61.4039       -84.2036       -48.5276       0.114948E+09    1.86160       0.186160        15.3600       0.109493E+09   0.528054E+07    174357.       0.275466E+07   -1.93691        133.889        45.2266               0           1        1463
         282    8.45226        9.94823        11.4933        55.2324       -10.7268       -107.667       0.232268E+09    1.87875       0.187875        15.5100       0.224972E+09   0.667135E+07    624484.       0.123276E+08   -26.9435       -28.7277        177.926               0           1        1453
         283    9.38611        11.2556        11.0741        40.5991       -74.0232       -70.4798       0.126650E+09    1.93005       0.193005        16.0400       0.120301E+09   0.620330E+07    145584.       0.843426E+07    133.268        195.558        106.007               0           1        1435
         284    9.37385        9.63633        9.97140        86.6004        58.2216        15.8653       0.161016E+09    2.04002       0.204002        17.4700       0.144411E+09   0.162513E+08    353837.       0.312496E+07    131.164       -82.2372       -83.1722               0           1        1426
         285    9.11224        10.3413        11.1870        68.5231       -62.4837       -119.252       0.231636E+09    1.76038       0.176038        15.6900       0.211753E+09   0.189358E+08    947165.       0.354300E+07    86.2825        38.7107        125.378               0           1        1417
         286    8.35213        10.0556        10.5726        101.721       -4.40672       -62.9616       0.105549E+10    1.63085       0.163085        18.2700       0.883426E+09   0.158682E+09   0.133847E+08   0.161611E+09   -44.1217       -10.3107        19.9627               0           1        1415
         287    8.22632        10.0535        9.70440        89.7957        34.4477       -20.2671       0.133464E+09    1.97517       0.197517        16.3000       0.129197E+09   0.410336E+07    163473.       0.149814E+07   -65.7057       -10.6659       -128.979               0           1        1415
         288    8.65891        10.1421        10.2546        48.1792       -3.09949        10.3556       0.166197E+09    1.90432       0.190432        15.7700       0.156549E+09   0.933020E+07    317692.       0.285893E+07    8.50936        4.53089       -34.5950               0           1        1393
         289    8.77857        10.6445        10.8775        53.1060       -75.3641       -77.3885       0.116974E+09    1.88304       0.188304        16.4700       0.109576E+09   0.713051E+07    266802.       0.224359E+07    29.0382        90.7259        72.2798               0           1        1368
         290    8.64999        10.0700        10.7322        83.8545        65.8141       -128.986       0.139970E+09    1.85765       0.185765        15.9500       0.118139E+09   0.216150E+08    215314.        926971.        6.97905       -7.84371        47.3419               0           1        1361
         291    9.60303        10.2126        10.5150        33.1282       -60.6832       -37.1196       0.132166E+09    1.62416       0.162416        14.0700       0.131940E+09    57703.0        167489.       0.383276E+07    170.482        16.6241        10.0826               0           1        1319
         292    8.99084        10.9145        11.2356        49.4961       -60.1915       -110.883       0.145453E+09    2.00777       0.200777        16.9000       0.132772E+09   0.125856E+08    95625.5        683911.        65.4552        137.045        133.712               0           1        1305
         293    8.43764        9.95042        9.66711        46.6171        42.0709        39.6984       0.128684E+09    1.92696       0.192696        15.9100       0.120883E+09   0.770723E+07    93922.0        949958.       -29.4517       -28.3520       -135.376               0           1        1266
         294    9.47217        11.6685        11.6068        43.1404       -89.8928       -123.996       0.109860E+09    1.81665       0.181665        15.4000       0.105087E+09   0.449261E+07    280758.       0.420861E+07    148.032        266.395        197.397               0           1        1262
         295    8.39149        9.94880        9.65942        63.7213        54.1991        46.3370       0.123362E+09    1.95270       0.195270        16.2400       0.121631E+09   0.154646E+07    183802.       0.421358E+07   -37.3691       -28.6299       -136.695               0           1        1244
         296    8.60764        10.8306        11.3779        80.8467       -59.3889       -93.1199       0.114952E+09    1.89711       0.189711        16.1200       0.110906E+09   0.390599E+07    139587.       0.352916E+07  -0.286505        122.657        158.123               0           1        1227
         297    7.98183        10.1292        9.51632        62.6587        28.6129       -1.73423       0.116668E+09    1.87498       0.187498        16.5700       0.114398E+09   0.176984E+07    499560.       0.125113E+07   -107.650        2.31949       -161.246               0           1        1196
         298    8.61563        11.0153        10.8318        44.4885       -99.3589       -68.9643       0.149687E+09    2.03985       0.203985        16.8300       0.146406E+09   0.261294E+07    667158.       0.940576E+07    1.08426        154.330        64.4464               0           1        1167
         299    7.87998        9.82483        10.8307        73.5413        13.6061       -94.5702       0.160151E+09    2.05495       0.205495        17.3600       0.147072E+09   0.128561E+08    223067.       0.165924E+07   -125.124       -49.8981        64.2440               0           1        1140
         300    8.30356        10.0754        10.5622        114.002        27.2140       -89.4932       0.112006E+09    1.53323       0.153323        13.1700       0.109244E+09   0.254223E+07    219821.       0.137833E+07   -52.4544       -6.90356        18.1922               0           1        1113
         301    8.67777        10.3433        9.75189        50.1732       0.644037        70.9335       0.146795E+09    1.91495       0.191495        17.3300       0.142333E+09   0.430009E+07    161729.        496498.        11.7450        39.0470       -120.831               0           1        1093
         302    8.70069        11.5450        11.4860        63.2559       -95.1166       -120.414       0.135636E+09    1.93966       0.193966        16.6500       0.122130E+09   0.133324E+08    173905.       0.394938E+07    15.6771        245.212        176.676               0           1        1070
         303    8.92319        11.2651        11.2349        75.4530       -74.9663       -102.253       0.146944E+09    1.90140       0.190140        16.2800       0.130111E+09   0.166064E+08    226151.        788564.        53.8492        197.201        133.594               0           1        1065
         304    8.50125        9.88824        9.68726        59.3136        59.4829        34.7011       0.120151E+09    1.88836       0.188836        15.6700       0.112819E+09   0.716979E+07    162936.        983191.       -18.5387       -39.0195       -131.919               0           1        1006
         305    8.37784        11.0769        10.8372        77.5510       -72.0817       -61.8293       0.148458E+09    2.02492       0.202492        16.7100       0.136679E+09   0.115065E+08    272203.       0.299304E+07   -39.7109        164.914        65.3660               0           1        1006
         306    9.52030        10.1871        10.4911        58.0874       -82.5316       -34.2187       0.159800E+09    1.99181       0.199181        16.4300       0.151977E+09   0.698324E+07    839929.       0.697709E+07    156.289        12.2459        5.98400               0           1        1005
         307    9.57687        10.7023        10.0033        57.8364       -75.8523       -19.1625       0.171244E+09    2.17023       0.217023        19.2700       0.166692E+09   0.444268E+07    108845.       0.204290E+07    165.994        100.637       -77.7011               0           1         945
         308    9.27509        10.1409        10.1381        10.2224       -54.1832        14.3056       0.174517E+09    1.77908       0.177908        15.8900       0.163865E+09   0.103634E+08    287983.        982806.        114.221        4.33017       -54.5714               0           1         927
         309    9.31419        10.4570        9.82496        51.2926       -71.9983       -5.84066       0.114697E+09    1.84684       0.184684        15.3400       0.107082E+09   0.741786E+07    196567.        814117.        120.929        58.5482       -108.295               0           1         922
         310    9.28278        10.2156        10.5867        49.0254       -94.7701       -77.3380       0.129692E+09    1.91392       0.191392        15.8900       0.119553E+09   0.100785E+08    60845.5        993710.        115.540        17.1491        22.3903               0           1         889
         311    7.99665        9.79461        10.8318        52.3091        47.4259       -85.3919       0.112952E+09    1.82574       0.182574        16.2400       0.106084E+09   0.656954E+07    298096.       0.137184E+07   -105.108       -55.0827        64.4464               0           1         880
         312    9.27384        10.1459        10.1407        38.7389       -38.0035        21.8951       0.170678E+09    2.10109       0.210110        18.4500       0.156882E+09   0.135080E+08    287983.        982806.        114.007        5.18282       -54.1322               0           1         875
         313    9.53276        10.0331        10.7484        66.9970       -21.7788       -76.1365       0.146353E+09    2.02235       0.202235        16.8900       0.137095E+09   0.915122E+07    106652.       0.138098E+07    158.427       -14.1743        50.1280               0           1         872
         314    9.08680        10.3531        11.2012        67.3713       -57.5269       -119.218       0.166131E+09    1.81253       0.181253        15.0700       0.133686E+09   0.316862E+08    758932.       0.152666E+07    81.9181        40.7300        127.807               0           1         806
         315    8.96043        9.44560        11.1479        90.3285        61.4016       -52.7601       0.104800E+09    1.85902       0.185902        17.3300       0.104505E+09    17617.8        277374.       0.239650E+07    60.2381       -114.959        118.676               0           1         731
         316    9.44047        11.3635        11.0465        34.3006       -91.7219       -53.4954       0.116827E+09    1.89814       0.189814        16.2700       0.112237E+09   0.443731E+07    153166.       0.179231E+07    142.594        214.072        101.268               0           1         697
         319    8.59596        10.1593        10.1216        108.718       -39.5364       -4.25148       0.317457E+09    1.61266       0.161266        16.6800       0.272278E+09   0.429551E+08   0.222406E+07   0.355635E+08   -2.29032        7.47657       -57.4056               0           1         578
         322    8.67481        11.2447        11.7116        48.4826       -83.7454       -114.325       0.168111E+09    2.13112       0.213112        17.7100       0.164780E+09   0.300123E+07    329940.       0.409764E+07    11.2372        193.701        215.376               0           1         316
