#          i      x              y              z              v_x            v_y            v_z            Mvir           Rvir     Rs (Rockstar)       v_max           Mdm           Mgas           Mstars    Avg age of stars     xc             yc             zc      flag DM only  flag outside Rvir  Np bound
# (h^-1 comoving Mpc) (h^-1 comoving Mpc) (h^-1 comoving Mpc) (km/s)         (km/s)         (km/s)         (Msun)         (kpc)         (kpc)           (km/s)         (Msun)         (Msun)         (Msun)         (yrs)          (kpc)          (kpc)          (kpc)
           1    9.96949        9.98775        9.99723       -117.686       0.271987       -100.045       0.918109E+12    139.660        13.9660        211.680       0.840567E+12   0.379453E+11   0.395968E+11   0.128059E+11    0.00000        0.00000        0.00000               0           0     9343677
           2    9.99757        10.0385        10.0313       -168.491       -200.077       -35.2046       0.460866E+12    60.4627        6.04627        121.460       0.402905E+12   0.191021E+11   0.388582E+11   0.123511E+11    18.8581        34.0829        22.8809               0           0     1484597
           3    9.97552        9.63603        9.74547       -188.741        38.5936       -17.6560       0.542620E+11    54.3426        5.43426        73.0900       0.524914E+11   0.109636E+10   0.674195E+09   0.608288E+09    4.04966       -236.210       -169.078               0           1      548158
           4    9.50053        9.98649        9.76130       -167.272       -135.333       -9.01400       0.742588E+10    27.5242        2.75242        38.0300       0.720400E+10   0.199261E+09   0.226161E+08   0.194128E+08   -314.946      -0.846197       -158.447               0           1       80067
           5    9.92832        9.88626        9.96402       -330.743        144.689       -64.8850       0.127965E+11    23.4524        2.34524        33.4600       0.125151E+11   0.227714E+09   0.537226E+08   0.207872E+08   -27.6491       -68.1591       -22.3033               0           0       60679
           6    9.85437        10.0501        9.90492       -309.151        51.4118       -122.633       0.546381E+10    20.3779        2.03779        26.9200       0.538923E+10   0.672225E+08   0.735940E+07   0.107771E+08   -77.3128        41.8599       -61.9940               0           0       56654
           7    9.94987        9.67540        9.73655       -224.255        24.9390       -72.7333       0.101087E+11    22.6861        2.26861        40.6000       0.987066E+10   0.195296E+09   0.427410E+08   0.766373E+08   -13.1765       -209.769       -175.069               0           1       54221
           8    10.0130        10.0671        9.95099       -297.376       -47.8720       -99.7451       0.613294E+10    18.3470        1.83470        29.8000       0.549624E+10   0.599415E+09   0.372858E+08   0.279482E+08    29.1938        53.2701       -31.0541               0           0       53649
           9    9.80633        10.0911        10.0267       -124.685        101.584       -1.97695       0.429467E+10    21.1925        2.11925        27.7700       0.419141E+10   0.773158E+08   0.259441E+08   0.511665E+07   -109.576        69.4083        19.8117               0           0       51391
          10    9.99388        10.0611        10.1490       -184.906       -111.723       -324.219       0.585318E+10    22.1455        2.21455        32.4600       0.574705E+10   0.856348E+08   0.204965E+08   0.679247E+07    16.3800        49.2339        101.947               0           0       39402
          11    9.69340        9.86263        9.90857       -100.006       -174.575        8.93359       0.334815E+10    21.2382        2.12382        29.7400       0.328450E+10   0.581100E+08   0.553373E+07   0.649538E+07   -185.418       -84.0287       -59.5427               0           1       36187
          12    10.4751        9.75020        9.94992       -245.451       -21.2460       -98.2310       0.429403E+10    23.5155        2.35155        32.1900       0.418148E+10   0.105058E+09   0.748862E+07   0.762498E+07    339.567       -159.535       -31.7727               0           1       35459
          13    9.85138        9.91843        9.76709       -53.1939       -78.1431        18.8535       0.354416E+10    21.0783        2.10783        30.8500       0.332840E+10   0.211831E+09   0.393084E+07   0.451577E+07   -79.3209       -46.5542       -154.558               0           1       33909
          14    10.1107        9.38379        9.61374       -157.244        2.13272       -15.7059       0.555331E+10    25.0964        2.50964        33.7600       0.516676E+10   0.372189E+09   0.143609E+08   0.574264E+07    94.8412       -405.610       -257.546               0           1       31074
          15    9.70001        10.0255        10.0058       -52.6877       -34.9478        18.3741       0.292566E+10    19.1402        1.91402        25.9200       0.250415E+10   0.418084E+09   0.342368E+07   0.119880E+07   -180.979        25.3255        5.76891               0           1       26990
          16    9.83747        10.1667        9.73965       -110.515        78.9697       -130.859       0.129795E+10    15.8178        1.58178        26.7900       0.128249E+10   0.174626E+07   0.137114E+08   0.179506E+08   -88.6626        120.146       -172.987               0           1       25496
          17    10.0265        10.0639        10.0431       -140.259       -142.957       -38.9048       0.572809E+10    12.9522        1.29522        23.7300       0.505904E+10   0.325312E+09   0.343734E+09   0.778105E+08    38.2602        51.1210        30.8056               0           0       24708
          18    10.0217        10.0372        10.1496       -214.438       -84.1491       -324.506       0.415350E+10    17.8467        1.78467        21.4900       0.346243E+10   0.644400E+09   0.466731E+08   0.555208E+07    35.0836        33.1897        102.336               0           0       22631
          19    9.36898        10.1546        9.74269       -121.232        64.6841       -6.62293       0.205956E+10    18.2584        1.82584        23.7600       0.199291E+10   0.658441E+08    804224.        397956.       -403.293        112.034       -170.945               0           1       22452
          20    10.2465        10.1691        10.2450       -181.653       -172.758       -122.171       0.162326E+10    17.2920        1.72920        23.8100       0.161646E+10   0.562306E+07   0.117645E+07   0.148345E+07    186.016        121.778        166.372               0           1       22083
          21    9.97087        10.1342        10.0292        32.6206        22.2542        22.9384       0.200891E+10    15.2799        1.52799        21.4500       0.200374E+10   0.473423E+07    439120.        702684.       0.926787        98.3469        21.5041               0           0       22022
          22    9.85105        10.0956        9.36081       -139.746       -4.20538        9.06913       0.299392E+10    20.8762        2.08762        27.0800       0.297112E+10   0.217468E+08   0.105716E+07    639065.       -79.5425        72.4640       -427.410               0           1       20752
          23    10.0670        10.0096        10.1264       -122.626       -94.0330       -158.882       0.111622E+10    12.0267        1.20267        19.1100       0.105711E+10   0.583572E+08    757001.       0.140824E+07    65.4929        14.6876        86.7284               0           0       20587
          24    9.98458        10.1257        9.69165       -156.887        107.291       -161.204       0.145147E+10    16.1946        1.61946        23.4900       0.144827E+10   0.132795E+07   0.187394E+07   0.268493E+07    10.1342        92.6720       -205.223               0           1       20587
          25    9.44820        10.0177        9.50989       -194.684       -83.2789        25.9808       0.259771E+10    20.0240        2.00240        27.6300       0.259675E+10    587791.        372110.        604713.       -350.090        20.1408       -327.290               0           1       20213
          26    9.85157        9.96344        9.80634       -29.1581       -217.488       -77.7395       0.145914E+10    15.2262        1.52262        20.1600       0.142475E+10   0.341209E+08    270337.        666240.       -79.1933       -16.3262       -128.199               0           1       19930
          27    9.83264        9.99420        10.0845        11.6435       -80.3074        27.1075       0.151870E+10    15.9891        1.59891        23.0000       0.151212E+10   0.565992E+07    922862.       0.124508E+07   -91.9064        4.33172        58.6293               0           0       18301
          28    10.0597        9.99334        9.91388       -145.539       -37.5776       -265.754       0.124943E+10    13.6788        1.36788        20.7200       0.124674E+10   0.183013E+07    859016.       0.231094E+07    60.5635        3.75416       -55.9766               0           0       17937
          29    9.99989        9.93395        9.86991       -40.8396       -162.111       -276.379       0.145890E+10    13.4465        1.34465        18.5100       0.145817E+10    172634.        560407.        651094.        20.4162       -36.1313       -85.5062               0           0       17099
          30    9.91982        9.98974        10.0063       -293.931       -197.777       -354.317       0.560099E+10    13.4478        1.34478        20.7900       0.556048E+10   0.283329E+08   0.121804E+08   0.706374E+07   -33.3576        1.33645        6.09127               0           0       16959
          31    9.95571        10.1962        9.78882       -95.0272        123.548       -111.063       0.662291E+09    11.3813        1.13813        18.3200       0.653966E+09    859274.       0.746596E+07   0.618756E+07   -9.25444        140.012       -139.965               0           1       16556
          32    9.89051        9.84187        10.0617       -145.719       -164.978        62.5250       0.103599E+10    13.0684        1.30684        17.2800       0.102759E+10   0.792831E+07    472873.        624238.       -53.0418       -97.9708        43.3239               0           0       16271
          33    10.1542        10.2766        10.2009       -190.492       -180.310       -127.174       0.122038E+10    14.7238        1.47238        19.8400       0.108595E+10   0.132857E+09   0.157429E+07   0.116997E+07    124.055        193.987        136.762               0           1       14942
          34    9.99239        9.90867        10.0276       -349.895       -118.313       -197.162       0.149223E+10    11.8199        1.18199        18.3300       0.146765E+10   0.122047E+08   0.123751E+08   0.332208E+07    15.3793       -53.1089        20.4296               0           0       14655
          35    9.66118        10.2565        9.52837       -171.467       -2.27810        19.3139       0.164449E+10    17.1093        1.71093        20.4300       0.164356E+10    869707.        54416.0        53995.6       -207.056        180.482       -314.879               0           1       13501
          36    10.0480        9.53417        9.55718       -198.160        13.6641       -30.7128       0.119012E+10    15.2913        1.52913        20.8500       0.116086E+10   0.288675E+08    390881.        701502.        52.6925       -304.617       -295.531               0           1       13351
          37    10.3632        9.85354        10.0624       -267.943       -54.8098       -98.8874       0.130635E+10    16.0039        1.60038        20.6100       0.130427E+10   0.182956E+07    251564.        610862.        264.436       -90.1334        43.7806               0           1       12920
          38    9.79464        10.0256        9.45073       -169.777       -8.03217        10.7560       0.105032E+10    15.1241        1.51241        19.6800       0.105004E+10    197683.        86123.5        116270.       -117.427        25.4195       -367.021               0           1       12349
          39    9.51699        10.1139        9.50489       -156.958        18.6696        28.3706       0.111352E+10    14.7158        1.47158        21.0800       0.111272E+10    397002.        399058.        524398.       -303.892        84.7003       -330.648               0           1       12219
          40    9.91175        9.92622        9.95982       -304.212       -4.04430        168.676       0.326879E+10    12.8481        1.28481        17.3300       0.318382E+10   0.778169E+08   0.714433E+07   0.292507E+07   -38.7773       -41.3226       -25.1240               0           0       12193
          41    10.1100        10.1318        9.99545        50.4769       -38.8957       -39.3230       0.788596E+09    12.2134        1.22134        17.0700       0.773933E+09   0.144085E+08    254173.        300908.        94.3644        96.7686       -1.19542               0           0       11399
          42    9.93828        10.0722        10.0674        26.4591       -20.8931       -112.114       0.604445E+09    10.0697        1.00697        17.1000       0.599094E+09    635612.       0.471541E+07   0.296754E+07   -20.9602        56.6952        47.1117               0           0       11243
          43    10.0152        10.1377        9.92314       -163.650       -5.14029        29.0509       0.451978E+09    9.66208       0.966208        16.4400       0.449279E+09   0.141493E+07   0.128454E+07   0.219483E+07    30.6847        100.724       -49.7577               0           0       11195
          44    9.92048        9.51584        9.58327       -204.829        41.2854       -54.6724       0.114866E+10    15.2738        1.52738        20.4800       0.114564E+10   0.267444E+07    341627.        375548.       -32.9144       -316.928       -278.009               0           1       10762
          45    9.43601        9.80500        9.83170        5.73264       -151.831       -6.47858       0.929714E+09    14.0932        1.40932        21.0600       0.925993E+09   0.304719E+07    674612.       0.137227E+07   -358.277       -122.732       -111.167               0           1       10404
          46    10.0544        10.0511        10.1264       -166.807       -156.859       -324.007       0.140672E+10    13.1530        1.31530        16.8800       0.137112E+10   0.355593E+08    42725.3        38393.8        57.0310        42.5785        86.7553               0           0       10006
          47    10.0079        10.0596        10.2117       -47.4158       -77.3015       -165.802       0.556640E+09    11.0079        1.10079        16.3700       0.551456E+09   0.513324E+07    51409.1        80098.7        25.7687        48.2601        144.041               0           1        9814
          48    9.83207        9.94302        9.92481       -10.5737       -18.8155       0.360872       0.512855E+09    8.86894       0.886894        16.4900       0.395572E+09   0.958390E+08   0.214444E+08   0.188329E+08   -92.2892       -30.0400       -48.6362               0           0        9783
          49    10.2711        9.82169        10.0322       -280.446       -29.8590       -104.122       0.869096E+09    13.8595        1.38595        18.1900       0.868295E+09    709705.        91833.2        210574.        202.557       -111.523        23.5122               0           1        9484
          50    10.5664        10.0216        10.1374       -235.830       -61.0605       -92.9813       0.134141E+10    15.9380        1.59380        21.6200       0.133969E+10   0.129405E+07    427822.       0.132735E+07    400.896        22.7667        94.1629               0           1        9339
          51    9.88700        9.95765        10.0330       -202.692        39.6750        179.892       0.106142E+10    11.1053        1.11053        16.8900       0.103433E+10   0.268574E+08    233030.        144861.       -55.3990       -20.2147        24.0427               0           0        9262
          52    9.87899        10.0846        9.90049       -75.0965        149.551       -171.542       0.537511E+09    9.55396       0.955396        12.7500       0.534247E+09   0.324222E+07    22383.7        40650.0       -60.7784        65.0094       -64.9691               0           0        8901
          53    9.87120        9.94538        9.95496       -93.4216        221.859       -106.772       0.231674E+10    12.2141        1.22141        17.4900       0.212638E+10   0.187605E+09   0.275788E+07   0.117627E+07   -66.0101       -28.4550       -28.3879               0           0        8881
          54    9.83444        9.95691        9.93498       -126.781        184.798       -195.360       0.763776E+09    10.0442        1.00442        13.5000       0.642992E+09   0.118136E+09   0.264891E+07    873075.       -90.6975       -20.7117       -41.8061               0           0        8475
          55    10.0116        9.40952        9.71927       -107.793        52.6816       -44.7747       0.710668E+09    13.0025        1.30025        16.8200       0.710249E+09    387005.        31550.4        36814.9        28.2871       -388.330       -186.674               0           1        8334
          56    10.0610        10.0027        10.0533       -174.522       -138.875       -226.626       0.232178E+09    6.53451       0.653452        9.28000       0.229129E+09   0.302511E+07    23547.7        32597.4        61.4433        10.0268        37.6289               0           0        7779
          57    9.81304        9.68049        10.1136       -134.445       -79.7040       -16.0953       0.456526E+09    11.0590        1.10590        18.9600       0.455514E+09    474870.        537423.       0.168852E+07   -105.069       -206.351        78.1456               0           1        7670
          58    9.81064        10.0757        9.99289       -86.1454        150.103       -38.4735       0.766334E+09    11.5546        1.15546        14.4500       0.760714E+09   0.559683E+07    22593.9        23065.3       -106.681        59.0592       -2.91468               0           0        7336
          59    10.1592        10.4953        10.2805       -159.645       -178.482       -53.1185       0.981521E+09    14.1651        1.41651        16.0700       0.964405E+09   0.170964E+08    19855.9        24936.9        127.406        340.876        190.220               0           1        7309
          60    10.0703        9.83919        10.0562       -50.1614       -75.4895        56.4150       0.454637E+09    9.65470       0.965470        13.0700       0.453934E+09    702316.        0.00000        0.00000        67.6823       -99.7706        39.5765               1           0        6976
          61    9.96195        10.0156        10.0818       -209.372       -149.815       -56.9885       0.103024E+10    9.78297       0.978297        19.3400       0.102660E+10    776807.       0.286854E+07   0.795973E+07   -5.06375        18.6969        56.7691               0           0        6915
          62    9.82429        9.93721        10.0804       -113.051        24.2742        116.449       0.314599E+09    9.40957       0.940957        13.2600       0.314429E+09    170155.        0.00000        0.00000       -97.5141       -33.9419        55.8826               1           0        6783
          63    9.71585        9.95936        10.1545       -53.0774       -19.7868       -25.0934       0.516503E+09    11.5983        1.15983        16.6200       0.514709E+09   0.176797E+07    26713.5        158383.       -170.341       -19.0663        105.607               0           1        6637
          64    10.0556        9.97520        10.0206       -159.814        89.9846       -195.996       0.560738E+09    8.09460       0.809461        15.4700       0.548547E+09   0.116125E+08    578239.       0.153091E+07    57.8033       -8.42839        15.7285               0           0        6381
          65    10.0119        9.95001        9.95975       -305.729       -135.246       -150.104       0.238433E+09    6.32834       0.632834        8.98000       0.237942E+09    447464.        44065.6        52413.7        28.4550       -25.3456       -25.1710               0           0        6367
          66    9.53744        10.1087        9.43677       -158.662        12.9917        38.4896       0.551758E+09    11.9347        1.19347        14.7100       0.551622E+09    87332.9        49130.7        163909.       -290.158        81.2080       -376.396               0           1        6353
          67    9.84875        10.0252        10.2870       -87.3295       -122.708       -257.874       0.871831E+09    13.9616        1.39616        19.6600       0.870790E+09    808432.        232885.        314549.       -81.0871        25.1777        194.605               0           1        6348
          68    10.0082        9.98474        10.1692       -96.5307       -116.307       -321.001       0.472881E+09    10.4908        1.04908        13.0800       0.471560E+09   0.127751E+07    44002.5        6374.66        26.0172       -2.02147        115.459               0           0        6229
          69    9.82573        9.84717        10.0055       -276.681       -221.308       -123.696       0.277817E+09    8.52711       0.852711        10.0300       0.277266E+09    530267.        20472.9        25195.5       -96.5470       -94.4114        5.52714               0           0        6184
          70    9.88547        9.47443        9.99169       -176.665        60.0433       -119.577       0.467791E+09    11.4176        1.14176        15.4500       0.466156E+09   0.160137E+07    34294.7        34287.8       -56.4265       -344.738       -3.72058               0           1        5962
          71    10.0564        9.87933        10.1355       -115.590       -9.95964        35.3026       0.190153E+09    7.47675       0.747675        10.2000       0.188641E+09   0.151194E+07    0.00000        0.00000        58.3540       -72.8132        92.8264               1           0        5935
          72    10.1361        10.4116        10.1853       -167.309       -168.447       -136.493       0.344326E+09    10.0852        1.00852        12.1300       0.344192E+09    78886.6        54915.5        135658.        111.913        284.624        126.332               0           1        5849
          73    9.75977        9.59371        9.97475       -154.351        48.4250       -224.625       0.542004E+09    11.9159        1.19159        15.0400       0.536990E+09   0.497056E+07    43808.1        88682.8       -140.845       -264.631       -15.0972               0           1        5690
          74    9.95060        10.1774        9.91422       -122.668        120.453       -120.547       0.325426E+09    8.73462       0.873463        10.3800       0.324572E+09    830472.        24596.3        58914.9       -12.6862        127.339       -55.7482               0           0        5491
          75    10.0106        10.1941        10.0774       -27.7713        6.11348       -103.944       0.258008E+09    8.64866       0.864866        13.3700       0.252325E+09   0.563662E+07    46845.9        53734.5        27.6223        138.608        53.8141               0           1        5414
          76    9.97933        9.61073        9.40333       -148.495       -17.9912       -1.86396       0.424787E+09    10.8588        1.08588        15.2000       0.406961E+09   0.178260E+08    0.00000        0.00000        6.60839       -253.201       -398.854               1           1        5280
          77    10.0173        9.97752        10.0035       -127.112        40.5615       -323.818       0.164359E+10    8.71784       0.871784        16.8900       0.137271E+10   0.260469E+09   0.104043E+08   0.479297E+07    32.0749       -6.87031        4.21084               0           0        5192
          78    9.43978        10.1653        9.82366       -118.245        54.5676       -16.0810       0.364788E+09    10.1926        1.01926        12.4800       0.364644E+09    143843.        0.00000        0.00000       -355.745        119.267       -116.567               1           1        5017
          79    10.0310        9.96049        10.1218       -196.212        78.8065       -134.895       0.316638E+09    8.12550       0.812550        12.3400       0.306946E+09   0.946759E+07    224618.        223050.        41.2823       -18.3074        83.6794               0           0        4901
          80    10.0735        10.0257        10.1105       -185.915       -132.768       -305.227       0.553730E+09    9.39546       0.939546        12.8300       0.552536E+09   0.119325E+07    0.00000        0.00000        69.8650        25.4665        76.0771               1           0        4787
          81    9.55278        10.0624        9.67544       -162.959       -10.0313        31.7559       0.380558E+09    10.4317        1.04317        13.7700       0.379027E+09   0.147683E+07    54016.3        62401.2       -279.856        50.1002       -216.109               0           1        4738
          82    9.97154        10.2050        9.79184       -99.7607        105.099       -170.545       0.402868E+09    9.84677       0.984677        14.3700       0.402056E+09    424677.        386981.        146514.        1.37675        145.895       -137.937               0           1        4729
          83    9.81760        9.94508        9.88806       -27.3314       -91.2180        63.8322       0.458284E+09    9.87027       0.987027        14.1300       0.446785E+09   0.114235E+08    75795.1        130414.       -102.007       -28.6565       -73.3169               0           0        4623
          84    9.39672        9.96678        10.1173        89.9129       -196.515       -31.7679       0.638327E+09    12.2571        1.22571        15.5700       0.637920E+09    407014.        0.00000        0.00000       -384.664       -14.0831        80.6305               1           1        4345
          85    9.55022        9.99741        9.56247       -106.115       -60.6482       -90.1196       0.363852E+09    10.3310        1.03310        14.4100       0.361402E+09   0.237111E+07    79426.6        115252.       -281.575        6.48751       -291.978               0           1        4329
          86    9.48321        9.93628        9.94941        49.0837       -173.136       -37.1710       0.247701E+09    9.04758       0.904758        12.0200       0.247087E+09    582588.        31452.3        33058.9       -326.578       -34.5665       -32.1152               0           1        4251
          87    10.0639        9.99604        10.0165        28.5990       -68.6310       -256.941       0.620515E+09    8.42637       0.842637        10.9200       0.593608E+09   0.268681E+08    38701.3        55855.2        63.4312        5.56744        12.9079               0           0        4156
          88    9.84419        10.0415        9.86154       -145.907       -86.1549       -40.2509       0.289918E+09    7.88507       0.788507        11.1100       0.288905E+09    972955.        39366.2        36857.1       -84.1496        36.0775       -91.1273               0           0        4076
          89    9.94692        9.92302        10.0133       -23.7704       -293.107       -291.068       0.130373E+10    9.19668       0.919668        15.7900       0.129905E+10   0.289858E+07   0.178048E+07    977497.       -15.1577       -43.4717        10.8125               0           0        4018
          90    9.86008        10.0425        9.92085       -270.072        23.2712       -109.596       0.641231E+09    8.23698       0.823698        9.36000       0.638254E+09   0.258976E+07    386934.        454282.       -73.4781        36.7760       -51.2956               0           0        3991
          91    9.66491        10.0192        9.35816       -157.250        20.3414        12.6895       0.311692E+09    9.72253       0.972253        14.3400       0.298799E+09   0.128730E+08    20030.2        41764.8       -204.551        21.1079       -429.190               0           1        3957
          92    10.0100        10.1057        10.0188       -190.394       -211.146       -37.0493       0.499661E+09    7.42705       0.742705        11.1300       0.461085E+09   0.370077E+08   0.156915E+07    853464.        27.2193        79.2268        14.4659               0           0        3913
          93    9.53474        9.98849        9.51555       -225.896       -98.7352        18.2270       0.337695E+09    10.0241        1.00241        12.5400       0.336959E+09    725013.        11281.6        11445.1       -291.971       0.496973       -323.489               0           1        3886
          94    9.97080        9.93435        10.0334       -285.892       -117.082       -375.716       0.114328E+10    9.08788       0.908788        13.8100       0.114125E+10    837282.       0.119434E+07    573634.       0.879776       -35.8626        24.2845               0           0        3861
          95    9.99672        10.2380        10.0998       -179.922       -255.325       -69.7249       0.293996E+09    9.65470       0.965470        13.4800       0.293644E+09    321594.        30157.6        36624.4        18.2873        168.037        68.9180               0           1        3799
          96    9.76792        10.1236        9.85421       -264.488        14.3732       -107.365       0.154969E+09    7.22423       0.722423        10.5300       0.153806E+09   0.116335E+07    0.00000        0.00000       -135.371        91.2482       -96.0500               1           1        3782
          97    9.99058        9.95037        9.94372       -293.518       -129.421       -60.4663       0.289573E+09    6.17052       0.617052        9.89000       0.289321E+09    83173.0        168659.        167086.        14.1637       -25.1038       -35.9365               0           0        3743
          98    10.0922        10.2026        10.0517       -41.2880        20.8167        23.8460       0.219493E+09    8.38540       0.838540        12.5600       0.214414E+09   0.350963E+07   0.156957E+07   0.132251E+07    82.4370        144.290        36.5611               0           1        3680
          99    9.99576        10.0515        10.0706       -163.270       -295.440       -123.168       0.515266E+09    7.06843       0.706842        12.3100       0.511549E+09   0.329600E+07    420230.        519655.        17.6425        42.8404        49.2943               0           0        3591
         101    10.0390        9.68296        9.74519       -119.116        67.7307       -93.0636       0.220119E+09    8.22288       0.822288        10.3500       0.219984E+09    134854.        0.00000        0.00000        46.6550       -204.692       -169.266               1           1        3558
         102    10.0468        10.1332        9.91700       -253.033       -252.207       -145.729       0.241537E+09    8.19131       0.819131        11.4200       0.240935E+09    591883.        10116.1        12128.8        51.8933        97.6484       -53.8812               0           0        3542
         103    10.3232        10.2457        10.1624       -191.108       -166.797       -110.842       0.283319E+09    9.59694       0.959694        13.1000       0.283003E+09    300565.        15753.3        27190.0        237.533        173.229        110.899               0           1        3542
         104    9.97370        9.42634        9.90151       -182.048        51.1186       -108.048       0.290229E+09    9.70238       0.970238        12.7000       0.288988E+09   0.122867E+07    12194.9        11445.1        2.82737       -377.034       -64.2841               0           1        3477
         105    10.3265        10.5646        10.1805       -157.743       -119.490       -138.480       0.441829E+09    10.8864        1.08864        15.3800       0.439801E+09   0.188426E+07    143057.        250123.        239.783        387.404        123.075               0           1        3411
         106    9.73704        10.0353        10.0203       -53.0927       -22.1168        26.0726       0.387842E+09    9.40621       0.940621        13.4500       0.386510E+09   0.133220E+07    0.00000        0.00000       -156.110        31.9473        15.4733               1           1        3376
         107    10.5956        10.2375        10.1418       -209.888       -110.874       -37.1480       0.440397E+09    11.0818        1.10818        14.5900       0.440051E+09    325881.        20049.1        25800.5        420.513        167.701        97.0977               0           1        3250
         108    9.83335        10.0452        9.84715       -257.932       -2.77174       -196.623       0.185763E+09    6.56004       0.656004        8.14000       0.184982E+09    602147.        178013.        262592.       -91.4295        38.5557       -100.791               0           1        3238
         109    9.89386        9.63931        9.92189       -180.911        98.4607       -111.453       0.273083E+09    9.13355       0.913355        10.7600       0.272693E+09    368130.        21648.9        94951.5       -50.7919       -234.007       -50.5972               0           1        3237
         110    10.0641        9.75272        9.33797       -88.9763        20.1338        4.52863       0.261656E+09    9.28130       0.928129        12.0100       0.261303E+09    336463.        16165.3        13478.8        63.5252       -157.843       -442.749               0           1        3227
         111    9.87483        10.0299        9.86115       -360.431        21.0508       -176.469       0.238160E+09    7.55532       0.755532        9.90000       0.237942E+09    185814.        32528.5        22719.6       -63.5722        28.2939       -91.3892               0           0        3211
         112    9.91419        9.93067        9.99388       -360.621        177.331       -91.1758       0.118342E+10    8.83402       0.883402        13.5000       0.117509E+10   0.641403E+07   0.191266E+07    766317.       -37.1386       -38.3341       -2.24981               0           0        3205
         113    10.2146        10.4022        10.1919       -132.202       -194.327       -98.5996       0.262499E+09    9.35584       0.935584        12.1700       0.258560E+09   0.393952E+07    0.00000        0.00000        164.592        278.305        130.751               1           1        3177
         114    9.66367        10.4453        9.89529       -153.947       -209.868       -120.147       0.277622E+09    9.61641       0.961642        13.2200       0.277599E+09    23309.2        0.00000        0.00000       -205.384        307.284       -68.4613               1           1        3143
         115    10.0069        10.2305        9.78209       -114.348        95.5841       -111.180       0.142280E+09    7.45056       0.745056        12.7800       0.140088E+09    239394.       0.195307E+07   0.205260E+07    25.1508        163.007       -144.485               0           1        3120
         116    9.79841        10.0428        9.97423       -117.287        165.390       -34.4843       0.173522E+09    7.49287       0.749287        10.7300       0.173343E+09    178553.        0.00000        0.00000       -114.895        36.9909       -15.4464               1           0        3060
         117    10.0263        10.0858        10.0124        115.687        24.9216       -124.529       0.433855E+09    6.51235       0.651235        9.37000       0.422924E+09   0.105087E+08    422364.        195158.        38.1393        65.8422        10.1812               0           0        3054
         118    10.0464        10.1276        10.0706       -100.671       -194.009       -67.8248       0.173241E+09    6.84949       0.684949        10.4800       0.172678E+09    468325.        94414.2        144713.        51.6449        93.9077        49.2406               0           0        3020
         119    9.93249        9.77328        9.88669       -161.576       -213.491       -92.6899       0.144691E+09    7.13088       0.713088        9.68000       0.137344E+09   0.734682E+07    0.00000        0.00000       -24.8486       -144.035       -74.2370               1           1        3018
         120    9.96172        10.0517        10.0041        72.3739       -126.640        56.1303       0.102310E+10    7.88776       0.788776        12.1400       0.973807E+09   0.460581E+08   0.323475E+07   0.144931E+07   -5.21821        42.9546        4.62050               0           0        2997
         121    10.0069        10.2238        9.99470       -126.842        92.9630       -32.6712       0.123085E+09    6.72323       0.672323        7.80000       0.122878E+09    55092.3        151513.        112649.        25.1374        158.528       -1.69911               0           1        2966
         122    9.95119        9.85060        9.90428       -201.472        164.703       -62.1354       0.266344E+09    8.34981       0.834981        10.8800       0.264546E+09   0.178820E+07    10298.4        12080.5       -12.2900       -92.1078       -62.4238               0           0        2961
         123    10.0943        9.95859        10.1539       -223.338        15.5976       -113.065       0.142719E+09    7.20879       0.720879        11.8900       0.142250E+09    445933.        23329.8        93606.5        83.8138       -19.5834        105.217               0           0        2943
         124    9.82920        9.99439        10.1400        7.12711       -21.5531       -65.7646       0.196223E+09    8.34645       0.834645        12.2200       0.195957E+09    232633.        33892.8        37120.4       -94.2166        4.45932        95.8687               0           0        2939
         125    9.38554        10.1787        9.58631       -159.049       -18.3107       -53.6627       0.204286E+09    8.35921       0.835921        10.8700       0.202525E+09   0.176162E+07    0.00000        0.00000       -392.172        128.226       -275.968               1           1        2890
         126    10.2329        10.1247        10.0583       -236.807       -183.828       -118.343       0.206140E+09    8.62046       0.862046        12.1200       0.206017E+09    95972.3        27191.2        22321.9        176.902        91.9467        41.0405               0           1        2825
         127    9.55175        10.0028        9.49167       -227.787       -91.8080        26.8832       0.195760E+09    8.43644       0.843644        11.1400       0.195292E+09    468589.        0.00000        0.00000       -280.548        10.0805       -339.526               1           1        2786
         128    9.78627        10.0769        10.0041       -147.840        129.688        5.45127       0.199258E+09    6.69099       0.669099        10.2400       0.198700E+09    484174.        73594.4        159082.       -123.048        59.8986        4.64737               0           0        2750
         129    10.1718        9.99547        9.93392       -321.917       -118.480       -1.35508       0.182417E+09    8.26720       0.826720        10.6700       0.182239E+09    152321.        25938.2        23332.8        135.902        5.18463       -42.5180               0           1        2739
         130    9.65632        9.75438        9.98897       -72.0388       -25.1825       -224.864       0.189419E+09    8.25579       0.825579        10.1700       0.188641E+09    778757.        0.00000        0.00000       -210.320       -156.728       -5.54729               1           1        2710
         131    10.0429        10.1439        10.0181       -4.86251       -16.4818       -136.670       0.238376E+09    6.85285       0.685285        9.78000       0.237027E+09   0.130883E+07    39895.5        24495.6        49.2809        104.881        14.0361               0           0        2708
         132    9.74074        10.0447        10.0438       -47.0552       -74.8945        28.5099       0.170623E+09    7.84813       0.784813        11.4700       0.170433E+09    132143.        56969.3        98605.2       -153.625        38.2736        31.2556               0           1        2700
         133    9.87157        10.0786        10.1534       -193.229       -215.983       -213.267       0.206539E+09    8.52173       0.852173        11.9200       0.206515E+09    15011.9        8466.56        26308.6       -65.7616        61.0000        104.881               0           0        2636
         134    9.42157        9.94207        9.92937        58.0202       -211.400       -34.9683       0.227910E+09    8.88842       0.888842        13.0400       0.227632E+09    277075.        0.00000        0.00000       -367.975       -30.6780       -45.5737               1           1        2623
         135    9.89449        9.73084        9.99071       -228.413        95.6789       -191.962       0.147577E+09    7.27729       0.727729        9.46000       0.142416E+09   0.516076E+07    0.00000        0.00000       -50.3689       -172.537       -4.37873               1           1        2565
         136    9.31697        9.94957        9.66544       -142.411       -49.7545       -39.7105       0.191016E+09    8.35518       0.835518        10.7000       0.190636E+09    379692.        0.00000        0.00000       -438.222       -25.6411       -222.825               1           1        2512
         137    9.82793        9.98066        9.82026       -38.6977       -109.971        30.9007       0.163972E+09    7.51637       0.751637        10.2200       0.163616E+09    356132.        0.00000        0.00000       -95.0695       -4.76154       -118.850               1           1        2510
         138    10.4958        10.3840        10.1527       -208.600       -125.955       -35.1277       0.373216E+09    10.4445        1.04445        15.0900       0.372875E+09    329560.        11013.4        11506.7        353.462        266.142        104.384               0           1        2510
         139    9.64772        9.57032        10.1405       -144.603        9.92648       -188.778       0.243219E+09    9.17921       0.917921        14.3300       0.242182E+09    919511.        117339.        97760.8       -216.096       -280.340        96.2314               0           1        2510
         140    9.83107        9.81574        9.95537       -185.756       -220.635       -102.745       0.137118E+09    6.85285       0.685285        8.84000       0.132522E+09   0.459523E+07    0.00000        0.00000       -92.9607       -115.519       -28.1125               1           1        2506
         141    10.0665        10.0041        10.1575       -232.561       -96.0051       -307.996       0.205935E+09    7.25311       0.725311        11.5300       0.190470E+09   0.152746E+08    190710.        341406.        65.1303        10.9535        107.648               0           0        2503
         142    10.0935        9.89438        9.87121       -336.946        32.1711       -59.4826       0.247531E+09    9.23025       0.923025        12.5100       0.247502E+09    28422.9        0.00000        0.00000        83.2765       -62.7059       -84.6331               1           0        2500
         143    9.83816        9.72509        9.98900       -194.677        97.2606       -206.004       0.117528E+09    6.70510       0.670510        8.91000       0.112736E+09   0.479221E+07    0.00000        0.00000       -88.1992       -176.398       -5.52714               1           1        2473
         144    9.89348        10.0672        9.99584       -1.36050       -110.846        26.5492       0.229888E+09    7.14767       0.714767        10.2400       0.219485E+09   0.103438E+08    59073.3        76532.3       -51.0472        53.3574      -0.933503               0           0        2443
         145    10.3926        9.91013        9.40635       -212.594       -102.962       -37.8259       0.247092E+09    9.22891       0.922891        12.4100       0.247004E+09    88359.6        0.00000        0.00000        284.181       -52.1284       -396.826               1           1        2440
         146    9.72213        9.88717        10.0102       -126.029       -11.8653        81.2735       0.105129E+09    6.36057       0.636057        8.88000       0.104921E+09    208904.        0.00000        0.00000       -166.123       -67.5480        8.72388               1           1        2427
         147    9.64649        10.1564        9.81810       -115.614       -204.531       -147.370       0.176838E+09    8.03819       0.803819        11.0000       0.176503E+09    335898.        0.00000        0.00000       -216.922        113.269       -120.301               1           1        2417
         148    9.88147        9.69652        9.94729       -167.869        110.557       -122.608       0.122841E+09    6.75681       0.675681        9.62000       0.122629E+09    212516.        0.00000        0.00000       -59.1129       -195.586       -33.5389               1           1        2381
         149    10.1760        10.2751        10.1835       -212.139       -167.532       -145.665       0.195010E+09    7.92671       0.792671        10.2700       0.185648E+09   0.931279E+07    49102.6        31064.5        138.669        192.953        125.116               0           1        2335
         150    10.3565        10.3470        10.1087       -185.198       -119.839       -155.769       0.194020E+09    8.43375       0.843376        11.8100       0.193962E+09    58913.9        0.00000        0.00000        259.897        241.240        74.8347               1           1        2327
         151    9.32425        9.82083        10.1686       -151.319       -77.6991       -217.751       0.189105E+09    8.32630       0.832630        11.6400       0.188807E+09    170950.        127405.        225973.       -433.333       -112.101        115.096               0           1        2315
         152    10.2740        10.3371        10.3438       -163.181       -149.367       -138.940       0.180778E+09    8.26653       0.826653        12.4100       0.180493E+09    225846.        58876.5        56744.5        204.491        234.645        232.771               0           1        2269
         153    9.87274        9.78284        9.95317       -132.233        81.5302        41.0428       0.164716E+09    7.70038       0.770039        9.93000       0.161621E+09   0.309543E+07    0.00000        0.00000       -64.9758       -137.614       -29.5900               1           1        2261
         154    9.83706        10.2120        9.96613       -104.076       -247.980       -148.563       0.167988E+09    7.94350       0.794350        9.95000       0.167607E+09    381077.        0.00000        0.00000       -88.9380        150.603       -20.8863               1           1        2221
         155    9.84828        9.97104        10.0270       -5.20385       -57.8436       -332.463       0.249528E+09    7.09797       0.709797        9.84000       0.244593E+09   0.493494E+07    0.00000        0.00000       -81.4028       -11.2222        20.0065               1           0        2158
         156    9.51280        9.42963        10.1314       -151.364       -46.2115       -118.862       0.290007E+09    8.00931       0.800931        14.1700       0.287243E+09   0.226504E+07    499190.        572213.       -306.706       -374.825        90.1267               0           1        2127
         157    10.0251        9.78764        9.38178       -87.9413        26.0015        10.9952       0.187530E+09    8.37936       0.837936        10.6000       0.186562E+09    943380.        24769.1        24161.0        37.3603       -134.391       -413.327               0           1        2107
         158    10.5191        9.59604        9.85708       -231.992       -51.8813       -59.3651       0.311979E+09    9.89176       0.989176        13.1200       0.311935E+09    43708.7        0.00000        0.00000        369.110       -263.066       -94.1226               1           1        2099
         159    10.0439        10.2005        10.1223       -93.2800       -147.311       -49.5499       0.142686E+09    7.47205       0.747205        11.7100       0.140005E+09   0.264832E+07    32783.1        23713.1        49.9390        142.873        83.9884               0           1        2097
         160    9.90130        10.1165        9.66295       -161.894        98.9513       -162.478       0.146043E+09    7.61308       0.761308        11.4700       0.145825E+09    218461.        0.00000        0.00000       -45.7954        86.4934       -224.497               1           1        2085
         161    10.5430        10.0368        10.1506       -223.196       -70.2928       -86.9500       0.352872E+09    9.60836       0.960836        13.3300       0.352756E+09    116049.        0.00000        0.00000        385.167        32.9412        103.028               1           1        2067
         162    9.92141        9.62366        9.70525       -235.930        105.304       -88.4678       0.223996E+09    7.21550       0.721550        9.67000       0.223974E+09    21422.2        0.00000        0.00000       -32.2898       -244.517       -196.089               1           1        2058
         164    9.80485        9.77943        9.87132       -150.572        85.8406       -27.7830       0.163180E+09    7.91261       0.791261        10.4000       0.162203E+09    976983.        0.00000        0.00000       -110.570       -139.905       -84.5592               1           1        2028
         165    9.99773        9.54656        9.60579       -201.294        36.6821       -28.9282       0.124288E+09    7.18058       0.718058        11.6300       0.123377E+09    699357.        211451.        391221.        18.9656       -296.296       -262.885               0           1        1996
         166    9.94334        10.0245        9.76136       -102.023        93.8100       -194.441       0.136686E+09    7.34579       0.734579        11.5700       0.135765E+09    711296.        209475.        248343.       -17.5619        24.6673       -158.407               0           1        1995
         167    9.53424        10.0242        9.54545       -111.109       -68.5709       -110.778       0.156843E+09    7.19603       0.719603        10.8100       0.155635E+09   0.120775E+07    0.00000        0.00000       -292.307        24.4457       -303.409               1           1        1986
         168    9.78980        9.75361        10.2325       -99.9297       -63.0824       -64.0045       0.160583E+09    7.89380       0.789380        13.0400       0.160374E+09    120032.        89464.0        129965.       -120.677       -157.245        158.004               0           1        1986
         169    10.0598        9.56511        9.86053       -183.174        72.8241       -99.6763       0.159266E+09    7.93477       0.793477        10.2700       0.158628E+09    638221.        0.00000        0.00000        60.6441       -283.839       -91.8056               1           1        1977
         170    10.0782        10.4600        10.1283       -129.910       -196.260       -103.829       0.153911E+09    7.80717       0.780717        10.6900       0.153806E+09    73859.1        31753.7        42805.2        73.0214        317.149        88.0112               0           1        1946
         171    9.94429        10.0368        10.0504       -190.802       -126.351       -330.346       0.272762E+09    6.69838       0.669838        10.8200       0.272361E+09    121678.        279662.        172135.       -16.9239        32.9681        35.7417               0           0        1942
         172    9.66351        9.93334        10.1585       -86.3690       -19.7913        5.23052       0.123474E+09    6.90322       0.690321        9.89000       0.123128E+09    346504.        0.00000        0.00000       -205.491       -36.5409        108.313               1           1        1930
         173    9.56499        10.3281        9.59953       -183.962        35.4051       -7.62741       0.144122E+09    7.67218       0.767218        9.66000       0.143995E+09    126398.        0.00000        0.00000       -271.656        228.601       -267.089               1           1        1873
         174    9.40946        10.1938        9.76745       -116.184        64.7061       -26.6812       0.128570E+09    7.29475       0.729475        8.85000       0.128449E+09    121180.        0.00000        0.00000       -376.108        138.367       -154.317               1           1        1869
         175    9.44882        10.0087        9.50319       -200.477       -33.9575        48.9440       0.691412E+09    7.19267       0.719267        9.29000       0.691213E+09    14632.8        184197.        139223.       -349.674        14.0563       -331.790               0           1        1843
         176    10.0332        9.78413        9.55394       -151.347        5.84116        17.8349       0.163457E+09    7.96432       0.796432        9.14000       0.163450E+09    7343.71        0.00000        0.00000        42.7598       -136.748       -297.707               1           1        1832
         177    9.93287        9.89712        9.50885       -96.5782        32.1229        32.2597       0.140356E+09    7.58286       0.758286        9.04000       0.140088E+09    268161.        0.00000        0.00000       -24.5934       -60.8657       -327.989               1           1        1819
         179    9.64106        10.0312        9.96851       -73.8441       -43.1048       0.448367       0.146419E+09    7.71113       0.771113        11.7200       0.146157E+09    249818.        12423.7        28549.4       -220.569        29.1468       -19.2879               0           1        1787
         180    10.1884        10.0833        10.3646       -191.118       -23.1099       -246.471       0.146225E+09    7.58286       0.758286        9.74000       0.145575E+09    649516.        0.00000        0.00000        147.023        64.1901        246.707               1           1        1768
         181    9.76279        10.3936        9.98247       -144.013       -217.748       -111.200       0.168056E+09    8.07983       0.807983        11.0700       0.167440E+09    601514.        13856.5        11028.3       -138.817        272.569       -9.91259               0           1        1727
         182    9.98667        9.99591        9.90026        44.4524        8.09397        72.2191       0.192818E+09    6.88575       0.688575        9.64000       0.190387E+09   0.240228E+07    29680.6        24608.7        11.5378        5.48013       -65.1236               0           0        1715
         183    10.0774        10.0138        10.1227       -190.051       -137.710       -334.852       0.286458E+09    6.77494       0.677494        9.32000       0.285247E+09   0.113311E+07    77860.4        57497.7        72.4707        17.4813        84.2301               0           0        1713
         184    9.47447        10.2427        10.2529       -26.9468       -125.131        45.4693       0.158434E+09    7.96902       0.796902        12.3300       0.158212E+09    121059.        100805.        186793.       -332.448        171.241        171.711               0           1        1711
         185    9.41296        9.98396        9.99686        84.8883       -218.101       -38.9688       0.138983E+09    7.38273       0.738273        10.7600       0.138841E+09    50903.8        91610.3        100465.       -373.757       -2.54531      -0.248486               0           1        1694
         186    10.1492        10.4861        10.2639       -152.748       -179.575       -42.7797       0.163703E+09    7.38407       0.738407        9.47000       0.160789E+09   0.291330E+07    0.00000        0.00000        120.657        334.671        179.112               1           1        1636
         187    9.51757        10.1451        9.81189       -129.114       -182.032       -160.705       0.111940E+09    6.99724       0.699724        8.99000       0.111904E+09    35852.3        0.00000        0.00000       -303.503        105.647       -124.472               1           1        1630
         188    10.1947        10.2392        10.3505       -130.711       -99.6742       -229.047       0.179862E+09    8.24773       0.824773        11.1400       0.179579E+09    283478.        0.00000        0.00000        151.221        168.850        237.264               1           1        1622
         189    9.75850        9.87339        9.31661       -126.344       -38.5986        21.9684       0.137789E+09    7.55264       0.755264        11.8400       0.136181E+09   0.150548E+07    102563.        116602.       -141.698       -76.8024       -457.094               0           1        1614
         190    10.0403        9.82703        9.95424       -350.735        43.5450       -92.8615       0.120536E+09    7.03686       0.703686        10.5100       0.120301E+09    235356.        0.00000        0.00000        47.5348       -107.937       -28.8714               1           0        1601
         191    9.98447        9.48897        9.57852       -182.483        60.3226       -53.3276       0.163186E+09    7.99924       0.799924        11.0600       0.161953E+09   0.123264E+07    0.00000        0.00000        10.0603       -334.973       -281.199               1           1        1600
         192    9.68763        9.42202        10.0476       -173.373        16.8696       -215.522       0.199466E+09    8.50629       0.850629        11.3900       0.199282E+09    183396.        0.00000        0.00000       -189.293       -379.936        33.8210               1           1        1523
         193    10.1191        10.4143        10.3149       -214.017       -123.565       -125.844       0.121083E+09    7.24035       0.724035        10.2200       0.120717E+09    366226.        0.00000        0.00000        100.462        286.471        213.369               1           1        1521
         194    9.95796        9.94877        9.39340       -144.649        5.44604        1.44317       0.110202E+09    7.05567       0.705566        8.92000       0.110158E+09    43410.8        0.00000        0.00000       -7.74337       -26.1784       -405.523               1           1        1482
         196    10.1951        9.75898        9.96205       -294.813      -0.217743       -100.841       0.118404E+09    7.19938       0.719938        10.4100       0.118223E+09    181713.        0.00000        0.00000        151.516       -153.638       -23.6263               1           1        1454
         197    9.83145        9.92142        9.78977       -55.7315       -81.4828        7.03246       0.175864E+09    7.20543       0.720543        11.1200       0.140171E+09   0.354953E+08    197238.        337042.       -92.7055       -44.5462       -139.327               0           1        1422
         198    9.83716        10.4671        10.0033       -131.151       -207.954       -122.424       0.105940E+09    6.96299       0.696299        8.51000       0.105669E+09    270961.        0.00000        0.00000       -88.8708        321.904        4.11010               1           1        1364
         199    10.5192        10.2720        10.2466       -215.891       -87.1385       -90.6186       0.109527E+09    7.04089       0.704089        9.49000       0.109493E+09    33757.3        0.00000        0.00000        369.150        190.885        167.500               1           1        1362
         200    9.94113        9.64198        9.70182       -128.173        80.0272       -60.9794       0.250956E+09    7.03283       0.703283        11.1500       0.250662E+09    293876.        0.00000        0.00000       -19.0461       -232.214       -198.393               1           1        1361
         201    10.0260        9.68556        9.71209       -246.719        26.6705       -51.9173       0.120900E+09    6.98313       0.698313        10.8200       0.120800E+09    67641.1        32243.8        54179.3        37.9445       -202.946       -191.496               0           1        1324
         202    9.44354        9.89436        9.59781       -163.278       -13.1916        38.0068       0.104378E+09    6.94620       0.694620        9.74000       0.104339E+09    39604.3        0.00000        0.00000       -353.220       -62.7193       -268.244               1           1        1309
         203    9.84811        9.91773        9.76604       -50.2314       -33.4862       -3.24963       0.150309E+10    6.56004       0.656004        11.5300       0.145493E+10   0.445588E+08   0.360132E+07   0.405762E+07   -81.5169       -47.0244       -155.264               0           1        1308
         205    10.1276        9.39319        9.60520       -156.003       -28.0898       -4.68837       0.233010E+09    6.85755       0.685755        11.6100       0.231291E+09   0.166309E+07    56258.0        79061.7        106.171       -399.297       -263.281               0           1        1293
         206    9.75299        10.1732        9.37650       -22.7552       -123.893       -11.1159       0.141196E+09    7.21349       0.721349        11.2300       0.141003E+09    142695.        51250.2        62340.6       -145.398        124.532       -416.873               0           1        1282
         207    9.88027        9.67216        9.35526       -62.7390        31.7147        35.6932       0.122437E+09    7.25445       0.725445        9.01000       0.122213E+09    223678.        0.00000        0.00000       -59.9188       -211.945       -431.137               1           1        1189
         209    10.1336        9.65410        9.55006       -143.252       -1.53380        8.51933       0.103352E+09    6.95358       0.695358        8.86000       0.103341E+09    11427.4        0.00000        0.00000        110.247       -224.074       -300.313               1           1        1164
         211    10.5465        10.2294        10.2385       -220.049       -79.8088       -92.2161       0.148104E+09    7.64330       0.764330        10.4500       0.148069E+09    35174.0        0.00000        0.00000        387.498        162.255        162.040               1           1        1083
         213    9.64688        10.0941        9.37463       -23.1515       -196.806        1.47832       0.137077E+09    7.37198       0.737198        10.3700       0.137012E+09    65207.6        0.00000        0.00000       -216.660        71.4432       -418.129               1           1        1030
         214    9.90042        9.99303        10.2449       -92.6811       -122.562       -275.101       0.104209E+09    6.45527       0.645527        9.03000       0.104172E+09    36655.7        0.00000        0.00000       -46.3864        3.54597        166.345               1           1        1011
         215    9.44283        10.0221        9.51887       -211.512       -74.4787        38.6065       0.740521E+09    6.47273       0.647273        9.70000       0.740430E+09    22858.4        67704.9        114643.       -353.697        23.0421       -321.259               0           1         997
         219    10.0564        10.0030        10.3082       -119.121       -79.3940       -284.303       0.112721E+09    6.90523       0.690523        8.21000       0.109244E+09   0.347750E+07    0.00000        0.00000        58.3943        10.2685        208.829               1           1         824
         222    9.59064        10.4051        9.82204       -5.20058       -81.8149       -76.1292       0.116918E+09    7.17655       0.717655        10.7800       0.116892E+09    25383.2        0.00000        0.00000       -254.430        280.266       -117.655               1           1         783
         223    10.0725        9.58420        9.54513       -201.287        15.5877       -26.7528       0.106767E+09    6.94955       0.694955        10.5100       0.106666E+09    100253.        0.00000        0.00000        69.1531       -271.018       -303.623               1           1         747
