#          i      x              y              z              v_x            v_y            v_z            Mvir           Rvir     Rs (Rockstar)       v_max           Mdm           Mgas           Mstars    Avg age of stars     xc             yc             zc      flag DM only  flag outside Rvir  Np bound
# (h^-1 comoving Mpc) (h^-1 comoving Mpc) (h^-1 comoving Mpc) (km/s)         (km/s)         (km/s)         (Msun)         (kpc)         (kpc)           (km/s)         (Msun)         (Msun)         (Msun)         (yrs)          (kpc)          (kpc)          (kpc)
           1    10.1482        10.0708        10.1283       -260.190       -43.4584       -168.036       0.823066E+12    120.979        12.0979        211.050       0.750349E+12   0.367595E+11   0.359573E+11   0.124449E+11    0.00000        0.00000        0.00000               0           0     8114496
           2    10.1147        10.0656        10.0547       -42.6174        166.337       -133.697       0.538024E+12    60.6449        6.06449        113.530       0.465909E+12   0.365452E+11   0.355696E+11   0.120715E+11   -20.1034       -3.12052       -44.1674               0           0     1521138
           3    10.2044        9.61666        9.78028       -171.852      -0.965625       -38.8947       0.470298E+11    48.0986        4.80986        74.7500       0.456358E+11   0.716289E+09   0.677654E+09   0.643270E+09    33.7437       -272.530       -208.847               0           1      499991
           4    9.68728        9.42974        10.2804       -137.236       -13.6203       -141.122       0.146509E+11    31.3480        3.13480        48.5400       0.134844E+11   0.103750E+10   0.128958E+09   0.534818E+08   -276.598       -384.700        91.2753               0           1       80701
           5    9.72163        10.1832        9.77211       -171.030       -160.375       -8.88482       0.679100E+10    24.5885        2.45885        37.7900       0.660248E+10   0.166993E+09   0.215306E+08   0.209846E+08   -255.985        67.4813       -213.750               0           1       75178
           6    10.2399        9.59311        9.81666       -193.779        74.2252       -23.2780       0.855035E+10    22.8506        2.28506        41.7500       0.837847E+10   0.129490E+09   0.423926E+08   0.847833E+08    55.0532       -286.662       -187.015               0           1       71543
           7    10.1445        10.0347        10.1573        169.856       -6.38349       -57.7118       0.506127E+11    20.8175        2.08175        38.5700       0.469959E+11   0.227333E+10   0.134352E+10   0.256052E+09   -2.25038       -21.6696        17.4029               0           0       71281
           8    10.1022        10.0780        9.99227       -78.8625        68.0187       -105.667       0.206948E+11    21.1733        2.11733        41.2500       0.182061E+11   0.206307E+10   0.425702E+09   0.967889E+08   -27.6286        4.30272       -81.6317               0           0       70106
           9    10.3303        9.82459        10.0738       -278.267       -4.51062       -91.5234       0.534849E+10    22.4995        2.24995        33.2900       0.503637E+10   0.281663E+09   0.304595E+08   0.101506E+08    109.272       -147.751       -32.6875               0           1       60306
          10    10.2094        10.0046        10.2650       -134.762       -59.4193       -301.479       0.757209E+10    23.2119        2.32119        34.9600       0.718130E+10   0.383486E+09   0.730556E+07   0.118082E+08    36.7262       -39.6967        82.0157               0           0       58231
          11    10.2237        10.1689        10.4926       -167.844       -66.7262       -234.692       0.572849E+10    22.3465        2.23465        33.9000       0.570960E+10   0.114169E+08   0.746950E+07   0.656935E+07    45.3316        58.8879        218.623               0           1       54910
          12    10.0928        9.92666        10.0189       -303.352        81.4017       -23.6598       0.701989E+10    21.5712        2.15712        33.3900       0.648292E+10   0.511141E+09   0.258316E+08   0.500635E+07   -33.2516       -86.4985       -65.6390               0           0       53005
          13    9.98537        10.0241        9.96132       -139.520        135.732       -225.529       0.309746E+10    16.0215        1.60215        26.6500       0.297606E+10   0.107277E+09   0.141213E+08   0.192434E+08   -97.7144       -28.0067       -100.205               0           1       37042
          14    9.85388        10.1193        9.90211       -146.880       -208.378       -2.94555       0.369315E+10    18.9884        1.89884        29.3600       0.351206E+10   0.175787E+09   0.530123E+07   0.694921E+07   -176.622        29.1049       -135.737               0           1       36669
          15    9.91445        10.0337        9.78633       -46.1857       -96.4037       -45.0285       0.316349E+10    18.8305        1.88305        28.5600       0.303675E+10   0.122747E+09   0.399842E+07   0.485902E+07   -140.274       -22.2877       -205.216               0           1       36586
          16    10.7752        9.77887        10.0729       -217.984       -22.3787       -91.6447       0.412836E+10    20.9351        2.09351        31.9200       0.399358E+10   0.127634E+09   0.714351E+07   0.821310E+07    376.257       -175.187       -33.2336               0           1       33936
          17    10.1517        9.96344        9.98022       -90.5428        120.084       -306.435       0.265602E+10    16.1307        1.61307        24.5200       0.264791E+10   0.663977E+07   0.147428E+07   0.299210E+07    2.13036       -64.4268       -88.8629               0           0       29549
          18    10.2704        10.1307        10.4889       -171.964       -69.3145       -232.478       0.406785E+10    16.8280        1.68280        23.1800       0.283563E+10   0.118939E+10   0.428275E+08   0.385792E+07    73.3263        35.9460        216.414               0           1       27382
          19    10.0417        9.94262        10.0126       -159.623        173.229       -46.8460       0.302151E+10    15.0319        1.50319        23.2200       0.279889E+10   0.221669E+09    948656.        989201.       -63.8867       -76.9209       -69.4436               0           1       24162
          20    9.80364        10.0580        9.95760       -102.503       -16.7250        46.3166       0.272672E+10    17.3093        1.73093        26.1900       0.232906E+10   0.395576E+09   0.208940E+07   0.116969E+07   -206.771       -7.65728       -102.437               0           1       23722
          21    9.51480        10.0798        9.74441       -105.303        51.8520        2.54750       0.207215E+10    16.1793        1.61793        23.8400       0.191028E+10   0.161154E+09    716072.        432797.       -380.104        5.41291       -230.373               0           1       23330
          22    10.4537        10.3858        10.3802       -139.783       -161.800       -87.7721       0.177224E+10    15.7028        1.57028        24.1500       0.172961E+10   0.414307E+08   0.119571E+07   0.160871E+07    183.355        189.050        151.189               0           1       21442
          23    10.1346        10.1046        10.1895       -5.83555       -9.79323        113.848       0.359999E+10    13.2874        1.32874        24.8500       0.358872E+10   0.601752E+07   0.525951E+07   0.332059E+07   -8.17337        20.2954        36.7081               0           0       20227
          24    9.90832        10.0874        9.98633       -116.326       -58.4279        95.6102       0.191490E+10    15.4946        1.54946        24.3900       0.190770E+10   0.627556E+07    925742.       0.139459E+07   -143.952        9.96167       -85.1963               0           1       20023
          25    10.0151        10.0961        9.35974       -112.606        3.46345       -6.96350       0.304687E+10    18.8689        1.88689        27.6700       0.299772E+10   0.481678E+08    974990.        704697.       -79.8674        15.1825       -461.213               0           1       19649
          26    10.0184        10.0477        10.1953        53.3795       -40.4877       -40.9169       0.177699E+10    14.6070        1.46070        23.9300       0.177584E+10    269098.        875999.       0.258163E+07   -77.8630       -13.8803        40.2307               0           0       17692
          27    10.1421        10.0760        10.3442       -174.620       -50.5915       -285.919       0.183452E+10    15.2263        1.52263        21.5100       0.177011E+10   0.638003E+08    608029.        758938.       -3.67262        3.12652        129.586               0           1       17631
          28    10.2708        10.1663        10.1764       -92.8789       -190.415       -52.6091       0.109501E+10    12.0638        1.20638        19.6700       0.108205E+10    314756.       0.126444E+08   0.323224E+07    73.5663        57.3336        28.8528               0           0       17591
          29    9.70585        10.1562        9.49808       -200.625       -121.454       0.365147       0.153986E+10    15.3770        1.53770        23.9000       0.152625E+10   0.132389E+08    372951.        683436.       -265.454        51.2306       -378.195               0           1       16611
          30    10.0757        9.97954        10.0267       -113.170        163.340       -296.976       0.166528E+10    10.5942        1.05942        19.4300       0.164366E+10   0.125825E+08   0.903273E+07   0.788058E+07   -43.5013       -54.7652       -60.9882               0           0       16529
          31    10.2165        9.90229        9.86255       -148.111        28.4382        44.1310       0.123749E+10    14.0615        1.40615        20.7100       0.123643E+10    803167.        257039.        389649.        40.9929       -101.123       -159.477               0           1       16468
          32    10.1816        10.1948        10.0431       -241.974       -254.688       -141.670       0.177996E+10    13.8581        1.38581        20.8400       0.175390E+10   0.254660E+08    594004.        868270.        20.0434        74.4065       -51.1226               0           0       15844
          33    10.1072        10.0990        9.99933        40.3161        18.1540       -60.2055       0.332324E+10    10.4855        1.04855        21.5800       0.302252E+10   0.273167E+09   0.275599E+08   0.118037E+08   -24.6161        16.8988       -77.3950               0           0       14684
          34    9.91175        10.2409        9.96439       -60.1950       -196.018       -148.355       0.111628E+10    13.5953        1.35953        20.4200       0.110831E+10   0.769440E+07    270838.        752668.       -141.894        102.101       -98.3625               0           1       14652
          35    10.3644        10.1575        10.2490       -289.945       -90.0770       -112.151       0.129657E+10    14.1378        1.41378        20.3300       0.128848E+10   0.802703E+07    63395.0        127138.        129.748        52.0167        72.4501               0           1       14507
          36    10.2962        9.52041        9.60644       -184.557        9.87605       -44.7800       0.116819E+10    13.7339        1.37339        21.6800       0.109385E+10   0.739588E+08    380945.        777313.        88.8029       -330.289       -313.168               0           1       13358
          37    10.3832        10.4940        10.3441       -164.012       -154.842       -97.9456       0.104802E+10    12.5889        1.25889        19.7400       0.919841E+09   0.126819E+09   0.136080E+07   0.118873E+07    141.000        253.933        129.502               0           1       13059
          38    9.70982        10.1073        9.48455       -138.867       -7.86927        4.78635       0.110731E+10    13.0600        1.30600        21.0600       0.109160E+10   0.153048E+08    399737.        591233.       -263.072        21.9037       -386.315               0           1       12860
          39    10.1883        9.47306        9.66563       -209.538        25.5222       -70.3601       0.143306E+10    14.4684        1.44684        19.8800       0.142109E+10   0.116361E+08    342745.        421500.        24.0940       -358.704       -277.649               0           1       12792
          40    10.0538        9.99930        10.0786       -250.409        59.3047        53.9419       0.166130E+10    10.1159        1.01159        19.2600       0.163901E+10   0.168090E+08   0.548578E+07   0.373935E+07   -56.6375       -42.9072       -29.8370               0           0       12732
          41    10.0008        10.0375        9.45026       -150.400       -10.3323       -7.38207       0.102205E+10    13.2946        1.32946        19.6500       0.101587E+10   0.609862E+07    86326.1        131155.       -88.4308       -19.9893       -406.892               0           1       12336
          42    10.0353        9.97297        10.0919       -85.3483        213.588       -107.877       0.171159E+10    12.8517        1.28517        20.7500       0.168356E+10   0.277135E+08    307875.        377922.       -67.7453       -58.7078       -21.8617               0           0       12036
          43    9.41550        10.0323        9.84088        28.3267       -198.560       -6.36332       0.943204E+09    12.7647        1.27647        20.9100       0.938713E+09   0.381556E+07    675992.       0.153494E+07   -439.694       -23.0979       -172.481               0           1       11847
          44    10.6834        9.92805        10.1801       -228.821       -59.5222       -83.9645       0.128853E+10    14.3592        1.43592        20.0300       0.128357E+10   0.470504E+07    252485.        680569.        321.156       -85.6644        31.0612               0           1       11765
          45    9.84845        10.2659        9.51883       -123.451       -3.59027        1.13501       0.146081E+10    14.8633        1.48633        21.1000       0.146074E+10    42534.7        27805.5        43850.8       -179.880        117.074       -365.743               0           1       11542
          46    9.91857        9.99846        9.96227       -111.264       -63.3049       -50.0588       0.380131E+09    8.25438       0.825438        16.9200       0.356414E+09   0.129320E+07   0.224248E+08   0.203463E+08   -137.801       -43.4113       -99.6347               0           1       11296
          47    10.2296        10.1541        10.0976       -89.2750       -9.07111       -124.153       0.605633E+09    8.85928       0.885928        12.1900       0.604914E+09    357936.        360838.       0.137439E+07    48.8482        50.0004       -18.3991               0           0       10193
          48    10.1737        10.1726        10.0498       -60.0149        90.9919       -34.0401       0.750449E+09    8.84127       0.884127        12.8600       0.740265E+09   0.994719E+07    236482.        291889.        15.3026        61.1142       -47.1199               0           0       10173
          49    10.3041        10.0282        9.85747       -264.964       -100.257        26.4491       0.838226E+09    12.4185        1.24185        17.3900       0.838033E+09    105158.        88192.6        100246.        93.5617       -25.5703       -162.525               0           1        9887
          50    9.49046        10.2471        9.84536       -138.625       -146.047       -153.245       0.805190E+09    12.2108        1.22108        17.8400       0.803447E+09   0.173518E+07    7856.67        34635.4       -394.710        105.816       -169.792               0           1        9513
          51    10.8557        10.1006        10.2504       -208.472       -58.7458       -81.5934       0.128148E+10    14.1174        1.41173        21.3400       0.126586E+10   0.151850E+08    428374.       0.149492E+07    424.559        17.9130        73.2783               0           1        9156
          52    9.46173        10.1867        9.72433       -139.649       -92.5339       -146.485       0.718398E+09    11.5657        1.15657        16.6100       0.710333E+09   0.806541E+07    0.00000        0.00000       -411.951        69.5577       -242.423               1           1        8919
          53    10.0336        9.87119        10.0424       -245.011        112.848       -43.7213       0.837416E+09    11.3017        1.13017        15.3400       0.822487E+09   0.148922E+08    36379.6        36113.0       -68.7715       -119.786       -51.5366               0           1        8785
          54    10.0559        10.0528        10.1408       -136.848       -107.580        88.7130       0.116601E+10    9.07951       0.907951        18.6200       0.113784E+10   0.255768E+08   0.259715E+07   0.324612E+07   -55.3773       -10.8018        7.50126               0           0        8731
          55    10.6054        9.87056        10.1566       -237.546       -43.0186       -87.6961       0.797196E+09    12.1100        1.21100        18.6000       0.796547E+09    556702.        91971.9        238473.        274.372       -120.164        16.9768               0           1        8608
          56    10.2149        10.2110        10.4849       -99.0030       -91.0559       -248.475       0.116143E+10    12.1334        1.21334        16.9300       0.116136E+10    38777.0        29014.9        42231.8        40.0147        84.1341        213.978               0           1        8445
          57    9.99447        9.83105        10.1038       -152.270       -160.458        28.2010       0.563759E+09    10.4357        1.04357        19.0000       0.559686E+09   0.353466E+07    537820.       0.192186E+07   -92.2535       -143.874       -14.7205               0           1        8375
          58    10.0624        10.1348        10.3327       -45.5846       -36.4186       -27.7122       0.495301E+09    10.2629        1.02629        16.2400       0.495254E+09    10888.8        36257.4        76935.2       -51.4886        38.3944        122.673               0           1        7818
          59    10.0664        9.74211        10.1091       -164.527        105.358       -117.590       0.604587E+09    11.1535        1.11535        17.5900       0.602669E+09   0.183372E+07    84793.8        101458.       -49.1062       -197.247       -11.5339               0           1        7580
          60    10.2525        10.0366        10.3227       -127.217       -142.846       -35.6024       0.123345E+09    5.91158       0.591159        9.14000       0.123294E+09    38654.0        12696.9        13164.0        62.6205       -20.5234        116.690               0           1        7515
          61    10.1415        9.35474        9.77561       -93.7929        33.1071       -42.2049       0.634371E+09    11.3983        1.13983        16.5600       0.634178E+09    161148.        31679.0        41418.8       -4.02667       -429.708       -211.649               0           1        7472
          62    10.1404        10.0512        9.99716       -6.78593        101.401       -194.140       0.179126E+10    10.3289        1.03289        18.3800       0.176380E+10   0.253384E+08   0.212460E+07   0.351930E+07   -4.66878       -11.7680       -78.6972               0           0        7312
          63    10.2866        10.0713        10.1469       -229.910       -113.164       -127.599       0.389109E+09    9.00030       0.900030        17.2700       0.384597E+09   0.190117E+07   0.261031E+07   0.411368E+07    83.0539       0.294049        11.1559               0           0        7311
          64    9.80789        9.98773        10.1435       -91.6862       -24.3380        36.9375       0.534967E+09    10.6368        1.06368        16.7500       0.534745E+09    195464.        26747.0        178846.       -204.220       -49.8504        9.13953               0           1        7302
          65    10.3088        10.1207        10.0520       -319.771       -121.829        2.59322       0.547747E+09    10.4891        1.04892        16.2800       0.546135E+09   0.159131E+07    20544.0        28384.8        96.4002        29.9330       -45.7937               0           0        7001
          66    10.2580        10.0306        9.88289       -264.432       -97.0058        38.2752       0.568838E+09    10.9506        1.09506        16.6900       0.568665E+09    93267.8        79211.4        85740.8        65.8970       -24.1060       -147.271               0           1        6832
          67    9.73514        10.1035        9.40911       -145.116       -2.92881        7.15384       0.528648E+09    10.3469        1.03469        15.1500       0.524353E+09   0.423710E+07    58039.1        198738.       -247.878        19.6233       -431.586               0           1        6802
          68    10.3646        10.7200        10.3362       -147.641       -161.949       -40.3154       0.839219E+09    12.3501        1.23501        17.6900       0.826726E+09   0.124727E+08    19938.9        28078.7        129.886        389.555        124.773               0           1        6587
          69    10.0473        10.0918        10.0126        3.43536       -290.805       -74.0076       0.675754E+09    9.35676       0.935676        14.4900       0.672423E+09   0.314661E+07    184828.        141100.       -60.5801        12.5961       -69.4196               0           0        6562
          70    10.2150        10.0627        10.4136       -154.151       -67.8062       -254.041       0.634715E+09    10.3187        1.03187        15.4800       0.516454E+09   0.117815E+09    445163.        398213.        40.0987       -4.84281        171.233               0           1        6527
          71    10.0717        9.96772        9.90219       -239.709       -72.6950        102.155       0.353460E+09    8.66004       0.866004        14.0000       0.352922E+09    538853.        0.00000        0.00000       -45.9257       -61.8584       -135.689               1           1        6237
          72    10.1135        10.0366        10.0104       -42.7279        178.060       -314.951       0.573624E+09    7.08538       0.708538        14.9200       0.558191E+09   0.131429E+08   0.229060E+07   0.260959E+07   -20.8415       -20.5534       -70.7339               0           0        6117
          73    9.47259        10.2083        9.75101       -140.618       -114.497       -165.799       0.529298E+09    10.4783        1.04784        15.0100       0.528676E+09    622691.        0.00000        0.00000       -405.434        82.5258       -226.412               1           1        5952
          74    9.96081        10.1799        10.5830       -83.1028       -115.241       -207.278       0.822679E+09    12.2492        1.22492        19.3500       0.822403E+09    42375.6        233773.        353618.       -112.453        65.5010        272.842               0           1        5909
          75    10.1608        10.0348        10.2677       -136.089       -43.4800       -321.832       0.487934E+09    9.69402       0.969402        15.1600       0.481287E+09   0.644746E+07    199370.        364425.        7.57927       -21.5856        83.6840               0           0        5901
          76    10.0908        9.99263        10.0658       -45.2908        222.133       -166.125       0.152112E+10    8.60904       0.860903        17.2400       0.150067E+10   0.106646E+08   0.978481E+07   0.489387E+07   -34.4338       -46.9099       -37.5063               0           0        5819
          77    10.1054        9.41250        10.1416       -163.872        37.7250       -110.126       0.442457E+09    10.0829        1.00829        15.6400       0.442295E+09    127801.        34410.1        38426.5       -25.6783       -395.046        7.98734               0           1        5752
          78    10.0736        10.0074        10.1431      -0.671359       -183.848        42.9873       0.476688E+09    7.54926       0.754926        16.2600       0.472724E+09   0.342142E+07    542937.       0.170526E+07   -44.7675       -38.0524        8.88749               0           0        5646
          79    10.0894        9.78297        10.1935       -221.204        82.7425       -186.295       0.348104E+09    8.98830       0.898830        14.0900       0.345356E+09   0.274792E+07    0.00000        0.00000       -35.2559       -172.727        39.1446               1           1        5549
          80    10.1981        9.92492        10.1740       -60.8916       -44.0955        32.3310       0.329900E+09    8.40980       0.840980        13.4700       0.324987E+09   0.473518E+07    177898.        232709.        29.9690       -87.5427        27.4126               0           0        5542
          81    10.3371        10.6121        10.3498       -144.350       -141.225       -116.724       0.414775E+09    9.72882       0.972882        12.8500       0.414028E+09    692165.        55066.9        153387.        113.341        324.858        132.898               0           1        5432
          82    10.0614        10.0449        10.1250       -149.295        225.402        59.9746       0.113143E+10    8.76386       0.876386        15.8800       0.110234E+10   0.287118E+08    378990.        234921.       -52.1067       -15.5666       -1.95033               0           0        5430
          83    10.1621        9.95558        10.2329       -184.160        49.1966       -323.719       0.453676E+09    9.58420       0.958420        14.6000       0.451108E+09   0.248892E+07    79620.1        94189.2        8.35340       -69.1436        62.7885               0           0        5369
          84    9.95773        9.55272        10.2684       -149.113        18.3616       -224.887       0.495335E+09    10.3973        1.03973        14.7700       0.494340E+09    951306.        43985.4        99212.4       -114.301       -310.900        84.0861               0           1        5217
          85    10.1338        10.1313        10.2024        4.70004       -10.1285        20.1337       0.336526E+09    7.33202       0.733202        10.9900       0.336377E+09    131060.        17356.2        28804.2       -8.62945        36.3121        44.4674               0           0        5203
          86    10.1208        9.87661        10.1829       -267.054        85.1680       -210.699       0.448681E+09    9.54879       0.954879        14.4400       0.446868E+09   0.125884E+07    554823.        349573.       -16.4668       -116.534        32.7835               0           1        5112
          87    10.1087        9.99899        10.1246       -179.578        111.274       -377.538       0.208161E+10    9.06871       0.906871        15.4300       0.206419E+10   0.472930E+07   0.126889E+08   0.571404E+07   -23.7040       -43.0932       -2.21437               0           0        4979
          88    10.1028        10.0353        10.0284        35.9803       -288.825        29.3742       0.169339E+10    7.91232       0.791232        13.2500       0.162671E+10   0.651222E+08   0.156029E+07    980035.       -27.2446       -21.3096       -59.9620               0           0        4629
          89    9.39992        10.1796        9.98325        85.9678       -199.405       -14.6636       0.304799E+09    8.45241       0.845241        11.7500       0.304286E+09    481226.        31532.9        36971.2       -449.043        65.2669       -87.0446               0           1        4595
          90    10.0074        10.0348        9.99002       -127.525        60.7639       -49.5295       0.428667E+09    8.25918       0.825918        13.5200       0.427829E+09    805107.        32698.9        31083.2       -84.5242       -21.5916       -82.9819               0           0        4513
          91    9.67914        10.0989        9.70126       -92.7357       -93.7088       -120.825       0.341006E+09    9.11372       0.911372        14.2700       0.340285E+09    642185.        79554.9        129949.       -281.483        16.8628       -256.267               0           1        4477
          92    10.1014        10.0999        10.1655        10.0648        71.9160       -92.7359       0.800073E+09    7.48325       0.748325        12.5500       0.798963E+09    200290.        909070.        304485.       -28.0607        17.4929        22.3237               0           0        4384
          93    9.84589        10.0451        9.96173       -111.477      -0.679617E-02    57.1554       0.334799E+09    8.62224       0.862224        14.1500       0.294309E+09   0.404900E+08    0.00000        0.00000       -181.416       -15.4226       -99.9587               1           1        4357
          94    9.75509        10.0843        9.64166       -148.623       -25.4343        19.5693       0.360763E+09    9.30635       0.930635        13.9300       0.355915E+09   0.479397E+07    54170.9        70266.4       -235.906        8.11936       -292.033               0           1        4333
          95    10.0907        10.1067        10.0028       -254.271        17.3024       -208.602       0.794038E+09    8.05394       0.805394        12.4400       0.783333E+09   0.105826E+08    122796.        133290.       -34.5238        21.5376       -75.3126               0           0        4330
          96    9.88925        10.0786        9.84499       -68.1165       -106.549        9.32119       0.339105E+09    8.85448       0.885448        14.3700       0.333135E+09   0.592342E+07    47314.3        119913.       -155.396        4.68078       -170.014               0           1        4236
          97    9.58257        10.0955        9.82627       -103.147        52.3589        12.4915       0.357284E+09    9.02430       0.902430        12.9300       0.356330E+09    954191.        0.00000        0.00000       -339.435        14.8165       -181.248               1           1        4212
          98    10.2402        10.1734        10.4467       -93.7864       -96.6652       -231.608       0.311948E+09    8.56823       0.856823        13.2000       0.311935E+09    13820.3        0.00000        0.00000        55.2032        61.5643        191.078               1           1        4163
          99    10.1686        10.0518        10.0705       -294.380        46.5006       -328.880       0.866934E+09    7.83071       0.783070        13.8000       0.866306E+09    433144.        195293.        277419.        12.2541       -11.3899       -34.7038               0           0        4139
         100    10.5410        10.4512        10.2970       -148.178       -151.930       -97.6761       0.271987E+09    8.43501       0.843501        13.2400       0.271779E+09    192696.        15771.1        30746.6        235.701        228.302        101.255               0           1        4134
         101    9.50044        10.0466        9.73467       -139.278       -96.7306       -63.8063       0.232780E+09    7.47605       0.747605        11.7200       0.211088E+09   0.216918E+08    0.00000        0.00000       -388.721       -14.5164       -236.218               1           1        4128
         102    10.2206        10.1077        10.2932       -190.788       -12.8633       -84.7800       0.138166E+09    6.43367       0.643367        11.6300       0.138093E+09    26199.6        46793.6        53848.3        43.4713        22.1257        98.9266               0           0        3867
         103    10.1351        10.1568        10.1085       -167.335       -280.750       -275.715       0.552575E+09    7.98373       0.798373        12.5800       0.534246E+09   0.181222E+08    206693.        101706.       -7.84331        51.6206       -11.8640               0           0        3840
         104    10.1104        10.3237        10.1855       -158.409       -246.677       -61.9583       0.330622E+09    9.05131       0.905131        16.1600       0.330474E+09    42658.5        104624.        171590.       -22.6658        151.741        34.3378               0           1        3830
         105    10.0992        9.96658        9.94301       -144.210        114.531       -292.437       0.296731E+09    7.53666       0.753666        12.0000       0.295723E+09   0.100816E+07    0.00000        0.00000       -29.4049       -62.5425       -111.193               1           1        3790
         106    10.1297        10.0624        10.0797       -205.665        142.825       -27.8214       0.361500E+10    7.79770       0.779770        16.6500       0.356762E+10   0.349768E+08   0.123987E+08   0.515742E+07   -11.0899       -5.01684       -29.1589               0           0        3774
         107    9.98070        9.85190        10.0734       -172.648       -161.460       -44.1575       0.184983E+09    6.58490       0.658490        9.65000       0.184068E+09    620587.        294151.        649996.       -100.517       -131.362       -32.9335               0           1        3768
         108    10.2595        10.1333        10.1505       -118.184       -223.482       -81.6499       0.190779E+09    6.54769       0.654769        11.5000       0.190220E+09    492791.        66211.6        198372.        66.8152        37.4763        13.3462               0           0        3751
         109    9.86096        9.99912        9.35609       -145.747        10.6471       -7.34875       0.295297E+09    8.66124       0.866124        14.3300       0.282337E+09   0.129395E+08    20052.9        47280.2       -172.373       -43.0152       -463.404               0           1        3736
         110    10.0938        10.0593        10.0223       -267.884        48.1156       -211.988       0.164275E+10    7.15979       0.715979        13.3400       0.146641E+10   0.173712E+09   0.262638E+07    709907.       -32.6635       -6.91916       -63.5927               0           0        3698
         111    10.1905        10.1280        10.2152        16.5360       -102.579       -184.179       0.210306E+09    6.27224       0.627225        10.5500       0.210173E+09    70829.3        62211.1        18507.7        25.3662        34.3318        52.1427               0           0        3697
         112    10.2691        10.1693        10.3489       -187.686       -178.727       -170.104       0.289929E+09    8.69485       0.869485        13.6800       0.289903E+09    12984.5        13291.8        14317.6        72.5221        59.1399        132.400               0           1        3650
         113    10.2276        10.0060        10.2774       -101.851       -22.5780       -339.369       0.886726E+09    8.39240       0.839240        13.6900       0.873788E+09   0.127390E+08    199214.        140437.        47.6660       -38.8625        89.4570               0           0        3586
         114    9.82463        10.1433        9.50773       -217.345       -133.606       -2.53579       0.270590E+09    8.28438       0.828438        11.9100       0.256066E+09   0.145241E+08    0.00000        0.00000       -194.175        43.5313       -372.404               1           1        3537
         115    10.2155        10.5245        10.1641       -155.721       -197.444       -36.9924       0.294952E+09    8.81487       0.881487        13.7600       0.294891E+09    31023.3        30246.5        41193.2        40.3628        272.254        21.4896               0           1        3532
         116    10.0154        10.0104        10.1210       -133.588       -36.9578        168.641       0.206139E+09    6.60350       0.660350        10.2400       0.204520E+09   0.161929E+07    0.00000        0.00000       -79.6753       -36.2221       -4.37473               1           0        3530
         117    10.0358        10.0798        10.1091       -156.613       -91.6659       -131.225       0.167354E+09    5.40690       0.540690        8.28000       0.165445E+09   0.161888E+07    290014.        593774.       -67.4693        5.38290       -11.5039               0           0        3525
         119    10.1185        10.1432        10.5071       -80.2819       -124.772       -218.763       0.319801E+09    9.05191       0.905191        12.5100       0.319500E+09    300868.        0.00000        0.00000       -17.8110        43.4713        227.348               1           1        3495
         120    10.1002        9.96489        10.1775       -58.7606        129.439       -290.649       0.687361E+09    8.68645       0.868645        13.3700       0.651971E+09   0.343376E+08   0.105229E+07    476416.       -28.8288       -63.5566        29.5309               0           0        3433
         121    10.0642        9.86389        10.0612       -142.415        119.464        11.3969       0.231565E+09    7.32302       0.732302        11.0300       0.218737E+09   0.128220E+08    6398.17        15884.7       -50.4264       -124.167       -40.2908               0           1        3384
         122    9.94798        10.0490        10.1232        7.02863       -22.2180        38.8821       0.207854E+09    6.79493       0.679493        10.6700       0.207762E+09    91204.9        0.00000        0.00000       -120.152       -13.0522       -3.08452               1           0        3353
         123    10.3677        9.87606        10.0988       -299.041       -14.0742       -76.1197       0.271067E+09    8.47401       0.847401        13.8000       0.270449E+09    531071.        87152.5        91735.2        131.704       -116.864       -17.6850               0           1        3323
         124    10.5170        10.7071        10.3614       -134.657       -99.0836       -139.999       0.447610E+09    9.88425       0.988425        15.5600       0.441464E+09   0.600279E+07    143358.        283854.        221.323        381.826        139.871               0           1        3317
         125    10.1173        10.2545        10.0957       -30.7795       -1.40923        6.10392       0.199247E+09    6.96236       0.696236        11.0500       0.198700E+09    499137.        47090.1        99856.6       -18.5191        110.238       -19.5633               0           0        3200
         126    10.0729        9.93100        10.1275       -119.496       -13.1721       -346.689       0.279905E+09    6.92816       0.692815        12.1300       0.249830E+09   0.298637E+08    211114.        279572.       -45.1936       -83.8941      -0.486081               0           0        3190
         127    10.3635        10.6379        10.3092       -101.279       -171.527       -84.5831       0.243835E+09    8.17636       0.817636        12.2600       0.243262E+09    572881.        0.00000        0.00000        129.190        340.299        108.534               1           1        3138
         128    10.0895        10.0746        10.0048       -151.265        114.340       -259.649       0.687062E+09    5.85818       0.585818        10.0000       0.662698E+09   0.212853E+08   0.307840E+07    469458.       -35.1959        2.28638       -74.1184               0           0        3107
         129    10.8534        10.3760        10.1820       -187.969       -103.719       -25.6803       0.430997E+09    9.89445       0.989445        14.6400       0.430906E+09    71608.9        20122.5        29101.3        423.167        183.163        32.2014               0           1        3082
         130    10.3063        10.1340        10.4928       -146.919       -101.331       -226.159       0.218220E+09    6.58310       0.658310        12.1500       0.201943E+09   0.160981E+08    178916.        387596.        94.8999        37.9204        218.719               0           1        3038
         131    9.84672        10.6977        10.0359       -130.321       -179.606       -98.5386       0.265688E+09    8.52142       0.852142        13.0900       0.263631E+09   0.205716E+07    0.00000        0.00000       -180.918        376.227       -55.4253               1           1        2997
         132    10.2025        9.37619        10.0385       -171.710        28.1304       -100.912       0.285358E+09    8.77586       0.877586        13.5900       0.285247E+09    98671.3        12214.3        12827.6        32.5555       -416.836       -53.8710               0           1        2993
         133    10.0790        10.2601        10.1039       -56.7464        11.7409        22.0759       0.156336E+09    6.62871       0.662870        10.7200       0.156134E+09    192230.        10614.6        59257.5       -41.5390        113.605       -14.6545               0           1        2891
         134    9.54346        10.1090        9.78668       -91.9571        65.0869       -6.38197       0.164498E+09    6.83034       0.683034        9.74000       0.164032E+09    466552.        0.00000        0.00000       -362.905        22.9238       -205.006               1           1        2819
         135    9.86580        10.0189        10.1538       -63.7055       -18.0508        29.5719       0.204368E+09    7.67528       0.767528        12.6000       0.204271E+09    63712.8        34022.8        41780.6       -169.468       -31.1512        15.3206               0           1        2783
         136    10.1286        9.95237        10.1301       -68.1858       -300.596       -127.172       0.203118E+09    6.12642       0.612642        9.50000       0.202940E+09    159311.        18249.6        3701.45       -11.7800       -71.0699        1.05618               0           0        2722
         137    10.0064        10.0982        9.98169       -160.276        36.1072       -24.6732       0.204460E+09    7.11358       0.711359        11.2500       0.204271E+09    163515.        25970.7        75245.1       -85.0703        16.4488       -87.9807               0           1        2717
         138    9.84336        10.1428        9.47455       -218.011       -119.878        3.67388       0.186243E+09    7.49825       0.749825        10.6200       0.185980E+09    262676.        0.00000        0.00000       -182.935        43.2312       -392.316               1           1        2707
         139    9.58223        10.2287        9.66783       -139.133       -54.3752       -63.4726       0.177267E+09    7.24021       0.724021        10.6500       0.176918E+09    349082.        0.00000        0.00000       -339.639        94.7499       -276.328               1           1        2688
         140    10.0650        10.0899        10.1462        27.4201        49.5282        62.2456       0.289412E+09    6.43127       0.643127        10.8300       0.289238E+09    144337.        29568.3        15199.3       -49.9164        11.4679        10.7298               0           0        2665
         141    10.2209        10.1497        10.1293       -371.073       -131.476       -169.066       0.298669E+09    7.11299       0.711299        11.1000       0.291150E+09   0.751948E+07    0.00000        0.00000        43.5973        47.3359       0.588099               1           0        2661
         142    10.3132        10.3893        10.1336       -173.164       -158.946       -173.808       0.176214E+09    7.39083       0.739083        11.4900       0.176170E+09    33425.4        10161.2        13637.1        99.0106        191.108        3.17453               0           1        2652
         143    10.0531        9.84132        10.0298       -251.068        107.015       -55.4053       0.188972E+09    6.94556       0.694556        10.8800       0.187976E+09    983625.        12571.2        12961.2       -57.0576       -137.711       -59.1279               0           1        2644
         144    9.93121        10.0101        9.80398       -61.1452       -98.0397       -53.0704       0.274668E+09    7.95132       0.795133        12.2300       0.274190E+09    478414.        0.00000        0.00000       -130.216       -36.4261       -194.625               1           1        2621
         145    10.1152        9.96148        9.95464       -48.2755       -24.8622       -228.186       0.197252E+09    6.42647       0.642647        10.2800       0.196871E+09    381089.        0.00000        0.00000       -19.8093       -65.6030       -104.213               1           1        2596
         146    10.1674        10.2807        10.0853       -103.456       -80.7855        25.1633       0.153594E+09    6.70552       0.670552        12.7600       0.153473E+09    31108.6        89786.7        351769.        11.5159        125.937       -25.8103               0           1        2588
         147    10.2471        10.1045        9.91634       -129.841       -100.468       -74.0558       0.105201E+09    6.20743       0.620743        11.6400       0.104754E+09    261593.        185531.        420815.        59.3499        20.2534       -127.197               0           1        2545
         148    10.1403        10.3213        10.3654       -210.988       -161.009       -128.102       0.193739E+09    7.69808       0.769808        11.8600       0.193712E+09    18745.4        8473.26        29702.9       -4.71679        150.301        142.278               0           1        2522
         149    10.3024        9.96358        10.2285       -97.0059       -26.4225       -9.92055       0.147079E+09    6.88195       0.688195        12.3700       0.146739E+09    303596.        36710.9        117489.        92.5295       -64.3428        60.1421               0           1        2506
         150    10.1085        9.95142        10.0823       -213.155        167.537        18.4896       0.327618E+09    7.38483       0.738483        12.7500       0.326816E+09    363276.        438922.        180231.       -23.8180       -71.6400       -27.6166               0           0        2500
         151    9.75617        9.80902        10.2763       -78.9937       -55.7644       -217.884       0.184119E+09    7.47965       0.747965        10.6600       0.183735E+09    383391.        0.00000        0.00000       -235.257       -157.094        88.8329               1           1        2499
         152    10.2215        10.0953        10.0814       -189.898       -73.8174       -264.099       0.212411E+09    5.73215       0.573216        10.0800       0.210007E+09   0.221973E+07    184044.        109674.        43.9694        14.7265       -28.1207               0           0        2484
         153    10.1329        10.3184        10.1420       -50.2435       -31.0527        10.8911       0.158232E+09    6.95996       0.695996        11.8200       0.158129E+09    81437.4        21998.1        26629.6       -9.20554        148.573        8.22138               0           1        2482
         154    10.1252        10.0778        10.2438       -198.253       -35.9026       -338.198       0.156930E+09    6.54829       0.654829        9.97000       0.156882E+09    48050.6        0.00000        0.00000       -13.7783        4.19470        69.3056               1           0        2438
         155    9.82763        9.56793        10.3756       -132.327       -4.26962       -172.535       0.232069E+09    8.19196       0.819197        14.6300       0.231623E+09    327739.        117830.        109962.       -192.374       -301.773        148.405               0           1        2419
         156    10.4230        10.4750        10.3581       -172.752       -144.289       -124.280       0.169901E+09    6.92515       0.692515        9.92000       0.151727E+09   0.181247E+08    49358.2        34609.6        164.890        242.561        137.903               0           1        2388
         157    10.0957        9.90028        10.0159       -301.984        75.1653       -42.4340       0.318196E+09    6.38987       0.638986        10.6400       0.308692E+09   0.942288E+07    80796.3        181898.       -31.5173       -102.329       -67.4813               0           1        2385
         158    10.7514        10.5404        10.1912       -185.442       -115.948       -26.0793       0.351644E+09    9.26854       0.926854        14.9400       0.351592E+09    41476.2        11056.3        12900.4        361.999        281.813        37.7523               0           1        2375
         159    10.2221        9.67896        9.85038       -172.332       -22.1019       -60.6805       0.168381E+09    7.06558       0.706558        12.2800       0.167773E+09    514467.        93902.5        88573.9        44.3774       -235.143       -166.780               0           1        2356
         160    9.68425        9.46324        10.2583       -120.990        1.02790       -95.2214       0.267046E+09    7.45924       0.745924        14.6100       0.258560E+09   0.799080E+07    495732.        631505.       -278.417       -364.597        78.0131               0           1        2354
         161    9.66853        10.1344        9.71158       -94.5431       -97.3722       -142.484       0.147256E+09    6.57170       0.657170        11.0900       0.147072E+09    184330.        0.00000        0.00000       -287.850        38.1964       -250.074               1           1        2307
         162    9.50551        9.93062        10.4438       -129.252       -89.8108       -205.375       0.181256E+09    7.41064       0.741063        11.6200       0.180659E+09    468326.        127790.        253808.       -385.679       -84.1221        189.314               0           1        2290
         163    10.4927        10.3462        10.2036       -171.865       -160.580       -106.151       0.185360E+09    7.59366       0.759367        12.1300       0.185232E+09    100780.        27234.3        24982.2        206.759        165.292        45.1636               0           1        2280
         164    10.0715        9.99334        10.0499       -326.930        160.911       -24.3963       0.460838E+09    6.01660       0.601660        10.5300       0.436808E+09   0.234885E+08    541384.        574005.       -46.0517       -46.4838       -47.0239               0           0        2250
         165    9.54116        10.2392        9.61220       -174.705       -49.6226       -13.6661       0.143693E+09    6.39166       0.639167        10.3700       0.129446E+09   0.142463E+08    0.00000        0.00000       -364.285        101.045       -309.712               1           1        2244
         166    10.1919        9.69983        10.0156       -169.585        84.4319       -91.1778       0.174083E+09    7.43704       0.743704        11.4000       0.173925E+09    147475.        10334.8        13579.9        26.1944       -222.619       -67.6433               0           1        2237
         167    9.62785        10.6055        9.87405       -157.745       -184.304       -105.518       0.178713E+09    7.44964       0.744964        11.5200       0.178664E+09    14744.0        34511.6        57760.6       -312.262        320.874       -152.576               0           1        2217
         168    10.1384        10.0844        10.0874       -195.690        16.9188        246.243       0.145515E+10    6.11562       0.611562        10.2900       0.144887E+10   0.373393E+07   0.254307E+07   0.135690E+07   -5.86298        8.16137       -24.5201               0           0        2210
         169    10.1970        10.2135        10.1166       -214.409       -281.592       -119.060       0.124802E+09    6.24584       0.624584        9.55000       0.119470E+09   0.533223E+07    0.00000        0.00000        29.2729        85.6283       -7.03918               1           0        2202
         170    9.89592        10.1233        9.82645       -56.2787       -104.238       -30.3735       0.143696E+09    6.78773       0.678773        10.3300       0.142832E+09    864780.        0.00000        0.00000       -151.393        31.5233       -181.140               1           1        2200
         171    10.5258        10.1478        9.94590       -239.867       -113.376       -13.0367       0.173953E+09    7.43104       0.743104        10.8000       0.173925E+09    1651.17        26019.8        26179.2        226.586        46.1777       -109.458               0           1        2175
         172    10.8071        9.66724        9.92939       -212.367       -56.8622       -52.1224       0.297423E+09    8.78907       0.878906        13.0500       0.297386E+09    37561.8        0.00000        0.00000        395.376       -242.177       -119.366               1           1        2167
         173    10.4680        10.5220        10.5083       -138.353       -136.492       -114.766       0.168909E+09    7.33382       0.733382        12.4200       0.168604E+09    245262.        59111.4        63568.2        191.900        270.753        228.020               0           1        2161
         174    10.4535        10.7552        10.4740       -143.607       -109.876       -104.951       0.217871E+09    7.88411       0.788411        13.0200       0.215827E+09   0.202466E+07    19337.1        11444.3        183.241        410.709        207.449               0           1        2135
         175    10.1239        9.54276        10.0632       -170.835        55.9042       -104.853       0.161398E+09    7.16039       0.716039        10.7500       0.157298E+09   0.407870E+07    21685.3        106635.       -14.5584       -316.877       -39.0845               0           1        2132
         176    10.5728        10.4890        10.3109       -147.828       -99.0994       -155.302       0.183448E+09    7.45444       0.745444        11.6700       0.183070E+09    377721.        0.00000        0.00000        254.821        250.974        109.548               1           1        2112
         177    9.92232        9.86029        10.2724       -109.679       -101.806        2.93912       0.166656E+09    7.22580       0.722580        13.2200       0.166193E+09    372842.        89660.4        146647.       -135.551       -126.327        86.4685               0           1        2107
         178    10.1461        9.90399        10.0528       -69.3170       -214.570       -44.5522       0.196760E+09    6.64791       0.664791        11.7900       0.182987E+09   0.137268E+08    45975.7        114891.       -1.24821       -100.103       -45.2836               0           0        2105
         179    9.84565        10.1168        9.97361       -109.865       -36.2901        69.3282       0.170297E+09    7.21920       0.721920        11.8000       0.169436E+09    805294.        55780.5        97114.5       -181.560        27.5986       -92.8296               0           1        2094
         180    10.4752        9.87241        9.97780       -261.842        8.77248       -93.2888       0.166723E+09    7.28461       0.728461        10.9300       0.166692E+09    30734.0        0.00000        0.00000        196.251       -119.054       -90.3151               1           1        2085
         181    10.8168        10.1209        10.2493       -202.571       -60.2537       -68.7114       0.320065E+09    8.64024       0.864024        13.3800       0.319999E+09    65558.7        0.00000        0.00000        401.245        30.0470        72.6062               1           1        2063
         182    10.2185        10.1724        10.4968       -181.133       -72.9129       -191.926       0.174986E+10    7.00137       0.700137        14.3600       0.174275E+10    6052.81       0.710539E+07   0.624852E+07    42.1631        60.9882        221.155               0           1        2055
         183    9.79037        10.4130        10.0070       -105.102       -186.770       -141.572       0.152750E+09    7.11719       0.711719        10.8400       0.152476E+09    274467.        0.00000        0.00000       -214.734        205.342       -72.8102               1           1        2027
         184    9.48716        10.3931        10.1555        7.28850       -106.695        104.068       0.169071E+09    7.13639       0.713639        12.1600       0.168688E+09    282573.        100970.        211763.       -396.690        193.400        16.3407               0           1        2023
         185    10.0524        9.73151        9.90112       -142.361        8.78911        36.2565       0.144223E+09    6.92875       0.692875        10.0200       0.144079E+09    144134.        0.00000        0.00000       -57.4836       -203.608       -136.331               1           1        2020
         186    9.69731        9.40911        10.2788       -175.339       -32.1206       -182.585       0.291102E+09    5.63254       0.563254        11.3300       0.284915E+09   0.607060E+07    116664.        272202.       -270.579       -397.081        90.3031               0           1        2012
         187    10.2505        9.96680        10.2091       -97.5454       -4.32581        22.7707       0.127527E+09    6.49848       0.649848        10.4600       0.127118E+09    408252.        0.00000        0.00000        61.4023       -62.4105        48.5061               1           0        1992
         188    9.76121        10.0793        9.95458       -112.853       -31.4620        19.2184       0.161393E+09    7.03557       0.703557        12.1500       0.159792E+09   0.158890E+07    12439.0        32356.3       -232.233        5.07685       -104.249               0           1        1962
         189    9.39775        9.93749        10.3944       -142.599       -80.0752       -225.356       0.175089E+09    7.31282       0.731282        11.2200       0.175006E+09    82711.7        0.00000        0.00000       -450.345       -79.9994        159.687               1           1        1938
         190    9.97450        10.4910        10.1507       -101.790       -190.843       -136.169       0.145275E+09    6.94136       0.694136        9.65000       0.145243E+09    32901.2        0.00000        0.00000       -104.237        252.186        13.4122               1           1        1934
         192    10.0152        9.70251        9.92169       -170.885        35.1779       -45.9186       0.154630E+09    7.08478       0.708478        10.4900       0.154388E+09    242762.        0.00000        0.00000       -79.8194       -221.011       -123.987               1           1        1901
         193    10.2768        9.48927        9.98361       -153.500        45.8823       -90.4580       0.148699E+09    7.04878       0.704877        10.2900       0.147986E+09    712629.        0.00000        0.00000        77.1489       -348.976       -86.8285               1           1        1892
         194    9.44501        10.1866        9.77841       -135.702       -117.275       -146.063       0.134841E+09    6.59690       0.659690        9.70000       0.134601E+09    240138.        0.00000        0.00000       -421.985        69.5156       -209.969               1           1        1883
         195    10.1854        9.65032        10.2290       -217.000        35.3437       -173.154       0.132089E+09    6.72172       0.672172        9.61000       0.131026E+09   0.106346E+07    0.00000        0.00000        22.3537       -252.330        60.4061               1           1        1879
         196    9.92332        9.99410        9.95836        20.6856       -16.6156       -104.536       0.334050E+09    6.48888       0.648888        9.80000       0.312932E+09    253026.       0.208653E+08   0.187258E+08   -134.951       -46.0277       -101.981               0           1        1844
         197    10.1227        9.75638        9.37968       -66.0278        20.4646       -2.93538       0.177658E+09    7.41604       0.741604        10.6000       0.176419E+09   0.121427E+07    24832.6        27159.9       -15.2906       -188.684       -449.247               0           1        1842
         198    10.1384        9.59047        9.83772       -69.8418        58.7988       -40.6346       0.135792E+09    6.45768       0.645768        9.15000       0.135765E+09    27261.9        0.00000        0.00000       -5.86898       -288.246       -174.377               1           1        1823
         200    10.0708        10.0685        10.1541        1.18487        123.077        28.2532       0.349283E+09    5.97400       0.597400        10.2600       0.339287E+09   0.998101E+07    15064.2        12585.2       -46.4718       -1.41024        15.4886               0           0        1791
         201    10.2526        9.50874        9.65633       -192.071        23.5513       -47.7084       0.128977E+09    6.44687       0.644687        11.8300       0.122296E+09   0.646923E+07    211812.        444409.        62.6505       -337.293       -283.229               0           1        1785
         202    10.1502        9.56720        9.81613       -189.601        30.7156       -94.0223       0.134839E+09    6.51469       0.651469        11.2700       0.134767E+09    71818.0        0.00000        0.00000        1.21820       -302.211       -187.333               1           1        1768
         203    9.94931        10.0979        10.0851       -10.2654       -66.3858        69.1303       0.125604E+09    6.37666       0.637666        9.49000       0.125206E+09    397439.        0.00000        0.00000       -119.354        16.2867       -25.9363               1           1        1764
         204    10.2810        10.1199        10.2489       -176.903       -149.122       -255.753       0.111631E+09    6.21944       0.621944        9.66000       0.111572E+09    59747.8        0.00000        0.00000        79.7174        29.4409        72.3901               1           0        1756
         205    9.49362        10.1523        9.64132       -129.421       -55.8568       -100.647       0.138623E+09    6.69892       0.669892        9.09000       0.138508E+09    114734.        0.00000        0.00000       -392.814        48.9142       -292.237               1           1        1749
         206    9.79442        9.96587        10.1140       -121.190       -31.6780        59.2406       0.121524E+09    6.44627       0.644627        10.1900       0.121465E+09    59031.8        0.00000        0.00000       -212.304       -62.9685       -8.56944               1           1        1747
         207    10.1201        10.0689        10.0343        134.934        208.407       -232.766       0.183307E+10    5.37630       0.537630        11.5200       0.149693E+10   0.322766E+09   0.133779E+08   0.744820E+07   -16.8748       -1.13419       -56.4215               0           0        1732
         208    10.1892        9.45592        9.65133       -235.972        22.8350       -92.8751       0.187746E+09    6.25304       0.625304        9.14000       0.187310E+09    435367.        0.00000        0.00000        24.6281       -368.990       -286.230               1           1        1731
         209    9.97160        10.0628        10.1716        19.7392       -110.298        36.5969       0.124705E+09    6.24404       0.624404        10.5700       0.124541E+09    103630.        60349.9        70234.4       -105.978       -4.83081        25.9724               0           0        1729
         210    9.75371        10.2997        9.60074       -117.424        18.3083        2.50737       0.133040E+09    6.76553       0.676553        9.73000       0.133021E+09    19015.3        0.00000        0.00000       -236.734        137.351       -316.589               1           1        1715
         211    10.2576        9.54775        9.83834       -257.429        14.1541       -97.1335       0.201323E+09    7.33442       0.733442        10.4200       0.201028E+09    295134.        0.00000        0.00000        65.6390       -313.883       -174.005               1           1        1702
         212    9.42894        9.89312        10.4589       -139.690       -56.3602       -227.208       0.119945E+09    6.45768       0.645768        9.16000       0.119885E+09    59868.4        0.00000        0.00000       -431.628       -106.626        198.417               1           1        1681
         213    10.0959        9.58674        10.1019       -159.103        63.8776       -114.871       0.117235E+09    6.43787       0.643787        10.2000       0.114232E+09   0.300304E+07    0.00000        0.00000       -31.4033       -290.485       -15.8187               1           1        1641
         214    10.3023        9.64655        9.80210       -179.981        32.1293       -78.1599       0.121734E+09    6.41867       0.641867        10.9500       0.121548E+09    153346.        32330.5        61255.5        92.4695       -254.593       -195.753               0           1        1626
         215    10.3392        10.7058        10.3063       -141.197       -158.811       -24.4178       0.123015E+09    6.53689       0.653689        9.45000       0.122047E+09    967758.        0.00000        0.00000        114.619        381.064        106.824               1           1        1611
         216    9.91914        10.0427        9.81260       -74.8024       -98.8367       -36.0344       0.199247E+09    6.71512       0.671512        11.7000       0.187394E+09   0.116560E+08    197536.        380978.       -137.459       -16.8748       -189.452               0           1        1610
         217    9.71190        10.0931        9.46666       -202.068       -88.8522        14.8946       0.138235E+09    6.42287       0.642287        9.17000       0.137760E+09    475007.        0.00000        0.00000       -261.824        13.3642       -397.051               1           1        1607
         218    10.2491        10.1779        10.4948       -91.8542       -104.841       -254.123       0.190010E+09    6.21284       0.621284        9.81000       0.189971E+09    38734.0        0.00000        0.00000        60.5201        64.2648        219.949               1           1        1606
         219    9.93902        10.6526        10.1141       -126.599       -184.471       -93.0602       0.155415E+09    7.16939       0.716939        10.9200       0.154970E+09    431394.        13906.4        12334.0       -125.529        349.162       -8.53343               0           1        1591
         220    10.4162        10.1077        10.6638       -160.578       -15.0442       -217.117       0.130183E+09    6.74632       0.674632        9.55000       0.130111E+09    71557.6        0.00000        0.00000        160.809        22.1437        321.366               1           1        1564
         221    10.0365        9.82462        10.2123       -134.015        125.604       -127.474       0.185832E+09    6.27765       0.627765        9.17000       0.184983E+09    849086.        0.00000        0.00000       -67.0072       -147.733        50.4264               1           1        1562
         222    10.2292        10.6954        10.2535       -104.603       -167.874       -91.1491       0.134836E+09    6.81774       0.681774        10.9900       0.134767E+09    37308.5        31870.3        47787.2        48.6141        374.823        75.1206               0           1        1557
         223    10.3571        10.0879        9.99313       -283.140       -124.810        14.7483       0.109747E+09    6.30345       0.630345        9.75000       0.109743E+09    4305.10        0.00000        0.00000        125.361        10.2617       -81.1156               1           1        1519
         224    10.3462        10.3545        10.6325       -103.910       -78.1906       -208.571       0.173710E+09    7.26661       0.726661        10.9000       0.173510E+09    200873.        0.00000        0.00000        118.796        170.249        302.589               1           1        1511
         225    10.0945        9.63597        10.2492       -194.371        45.9166       -192.357       0.108474E+09    6.26024       0.626024        9.16000       0.107913E+09    560711.        0.00000        0.00000       -32.2194       -260.942        72.5822               1           1        1502
         226    10.0416        9.85595        9.48001       -72.1560        29.9487        14.4083       0.131768E+09    6.72472       0.672472        9.15000       0.131691E+09    77212.0        0.00000        0.00000       -64.0007       -128.932       -389.039               1           1        1491
         227    9.92324        10.0582        10.4036       -80.4822       -67.8408       -254.400       0.109995E+09    6.38326       0.638326        9.81000       0.109992E+09    2715.91        0.00000        0.00000       -134.999       -7.58527        165.214               1           1        1485
         228    10.4420        9.82092        10.0815       -275.744       -15.4642       -97.5596       0.112402E+09    6.41627       0.641627        10.4200       0.112154E+09    248308.        0.00000        0.00000        176.328       -149.953       -28.0667               1           1        1394
         230    10.5466        9.77818        10.0892       -250.318       -24.4766       -95.5848       0.115201E+09    6.43127       0.643127        10.3300       0.112237E+09   0.296384E+07    0.00000        0.00000        239.062       -175.601       -23.4879               1           1        1375
         231    10.2183        9.42483        9.66153       -179.510        37.0626       -68.7181       0.148167E+09    6.74452       0.674452        11.6400       0.143414E+09   0.475366E+07    0.00000        0.00000        42.0430       -387.647       -280.109               1           1        1374
         233    10.3904        10.5585        10.4609       -204.854       -100.267       -99.5247       0.108739E+09    6.30825       0.630825        10.3100       0.107498E+09   0.124077E+07    0.00000        0.00000        145.332        292.693        199.611               1           1        1356
         234    9.90209        9.41122        10.3299       -156.990        1.40728       -216.119       0.180530E+09    7.42804       0.742804        11.2100       0.180493E+09    37206.0        0.00000        0.00000       -147.691       -395.814        120.962               1           1        1324
         236    10.2101        10.0026        10.2679       -148.052       -58.4503       -343.290       0.175838E+10    5.93619       0.593619        12.6900       0.171715E+10   0.343463E+08   0.688466E+07   0.112773E+08    37.1642       -40.9209        83.7500               0           0        1222
         237    10.3291        10.6048        10.3413       -156.738       -130.543       -118.407       0.184671E+09    6.21284       0.621284        8.68000       0.184650E+09    20799.0        0.00000        0.00000        108.546        320.448        127.815               1           1        1213
         241    10.1765        10.1900        10.5739       -98.8317       -42.2503       -258.034       0.122513E+09    6.39467       0.639467        8.98000       0.122047E+09    466063.        0.00000        0.00000        17.0008        71.5560        267.399               1           1        1122
         243    10.8162        10.3261        10.3475       -196.900       -70.8059       -76.4845       0.134397E+09    6.70852       0.670852        10.4800       0.134019E+09    378076.        0.00000        0.00000        400.885        153.230        131.524               1           1         997
         247    10.3215        9.56513        9.59184       -180.699        15.0449       -43.3026       0.108718E+09    6.24104       0.624104        10.7600       0.108412E+09    306019.        0.00000        0.00000        103.997       -303.453       -321.930               1           1         790
