#          i      x              y              z              v_x            v_y            v_z            Mvir           Rvir     Rs (Rockstar)       v_max           Mdm           Mgas           Mstars    Avg age of stars     xc             yc             zc      flag DM only  flag outside Rvir  Np bound
# (h^-1 comoving Mpc) (h^-1 comoving Mpc) (h^-1 comoving Mpc) (km/s)         (km/s)         (km/s)         (Msun)         (kpc)         (kpc)           (km/s)         (Msun)         (Msun)         (Msun)         (yrs)          (kpc)          (kpc)          (kpc)
           1    9.91373        9.97335        9.97012       -136.053       -70.4715       -59.9353       0.905907E+12    143.820        14.3820        209.080       0.825548E+12   0.386395E+11   0.417194E+11   0.123714E+11    0.00000        0.00000        0.00000               0           0    10378661
           3    9.89930        9.96005        9.94611       -161.821        49.5733       -193.032       0.376084E+12    35.7911        3.57911        110.460       0.316483E+12   0.187663E+11   0.408354E+11   0.118662E+11   -10.1088       -9.31715       -16.8199               0           0      835268
           4    9.87965        9.65829        9.73666       -197.215        50.5262       -17.9522       0.571737E+11    56.7183        5.67183        73.4000       0.543225E+11   0.217401E+10   0.677140E+09   0.572354E+09   -23.8743       -220.711       -163.548               0           1      579493
           5    9.41820        9.92313        9.75690       -166.535       -118.548       -10.2114       0.713675E+10    28.2653        2.82653        37.6700       0.671730E+10   0.396638E+09   0.228145E+08   0.181549E+08   -347.137       -35.1810       -149.369               0           1       82053
           6    9.78603        9.97843        9.93556       -230.467        201.215       -55.2696       0.816643E+10    23.2817        2.32816        33.5400       0.752580E+10   0.609052E+09   0.315810E+08   0.103049E+08   -89.4587        3.55873       -24.2106               0           0       63118
           7    9.71343        10.0661        9.85157       -266.693        16.1605       -98.5567       0.316854E+10    20.2168        2.02168        25.8200       0.314949E+10   0.123162E+08   0.673115E+07   0.939704E+07   -140.318        64.9609       -83.0487               0           1       52719
           8    9.84481        9.68359        9.70842       -202.656        11.5183       -40.6830       0.823208E+10    23.0211        2.30211        40.1500       0.808726E+10   0.102990E+09   0.418265E+08   0.704485E+08   -48.2811       -202.988       -183.331               0           1       48354
           9    9.75368        10.1301        10.0191       -94.3156        55.9834       -31.0847       0.305589E+10    21.1786        2.11786        26.5900       0.298670E+10   0.436976E+08   0.254882E+08   0.501898E+07   -112.121        109.830        34.3474               0           1       43105
          10    9.86054        10.0076        9.93111       -272.198       -206.242        21.1385       0.935256E+10    17.0777        1.70777        29.5200       0.823796E+10   0.103505E+10   0.795426E+08   0.368736E+08   -37.2616        24.0214       -27.3280               0           0       41393
          11    9.82564        9.88471        9.78538       -47.8885       -57.4736        58.4016       0.517863E+10    21.9941        2.19941        29.2300       0.511447E+10   0.598632E+08   0.429411E+07   0.490529E+07   -61.7104       -62.0957       -129.417               0           1       36664
          12    10.3515        9.74023        9.90133       -257.848       -18.5340       -99.6277       0.421444E+10    24.6190        2.46190        32.1000       0.411098E+10   0.957874E+08   0.767285E+07   0.715244E+07    306.702       -163.309       -48.1900               0           1       36514
          13    9.64715        9.78266        9.91189       -87.0361       -149.376        3.16613       0.322730E+10    21.9829        2.19829        29.3400       0.317700E+10   0.447915E+08   0.550235E+07   0.609360E+07   -186.749       -133.586       -40.7923               0           1       36147
          14    10.0312        9.38513        9.60617       -164.876        6.59501       -17.1852       0.552604E+10    26.0915        2.60915        33.8700       0.517307E+10   0.338075E+09   0.148936E+08   0.536589E+07    82.2571       -412.070       -254.961               0           1       31320
          15    9.67952        10.0060        10.0105       -29.7302       -43.2317       -2.95193       0.299924E+10    19.7565        1.97565        25.7600       0.256667E+10   0.427488E+09   0.507756E+07   0.116615E+07   -164.073        22.8796        28.2667               0           1       26373
          16    9.90980        9.96046        9.98011       -325.199       -195.651       -347.875       0.658423E+11    11.2969        1.12969        23.8200       0.465186E+11   0.223968E+10   0.170841E+11   0.309324E+10   -2.75311       -9.02993        6.99837               0           0       22167
          17    9.82115        9.77328        10.0822       -137.666       -117.258        20.7329       0.795343E+09    13.2934        1.32934        16.6600       0.788649E+09   0.627682E+07    416839.        534876.       -64.8558       -140.157        78.5093               0           1       21829
          18    10.1515        10.0829        10.1806       -204.003       -175.863       -138.100       0.175789E+10    18.0556        1.80556        23.9800       0.174433E+10   0.123944E+08   0.117125E+07   0.138438E+07    166.546        76.7649        147.463               0           1       21354
          19    9.77915        10.0930        9.36756       -150.844       -6.53371        18.4803       0.305690E+10    21.7454        2.17454        27.6800       0.304137E+10   0.144679E+08   0.106462E+07    593718.       -94.2784        83.8403       -422.116               0           1       20980
          20    9.98186        10.1205        10.0306        2.32329       -69.0841       -16.0546       0.166473E+10    15.2794        1.52794        20.9000       0.166269E+10   0.164605E+07    384693.        553439.        47.7276        103.084        42.3475               0           0       20462
          21    9.83685        9.85999        9.77846       -37.1737       -192.556       -37.9736       0.204784E+10    15.8447        1.58448        20.4200       0.204539E+10   0.212906E+07    318246.        625574.       -53.8573       -79.4129       -134.265               0           1       20425
          22    9.90320        10.1734        9.61809       -172.967        87.0352       -139.035       0.130567E+10    16.4199        1.64199        22.6500       0.130336E+10    869365.       0.144306E+07   0.247271E+07   -7.37666        140.157       -246.610               0           1       19344
          23    9.77997        10.2005        9.67946       -125.533        58.3352       -112.811       0.125673E+10    16.3078        1.63078        26.6200       0.124275E+10    352636.       0.136334E+08   0.168417E+08   -93.7039        159.092       -203.618               0           1       17747
          24    9.85007        9.95581        10.0789        54.7959       -72.0178       -57.9120       0.169726E+10    16.0780        1.60780        22.4700       0.168946E+10   0.687686E+07    922035.       0.114997E+07   -44.5962       -12.2874        76.1835               0           0       17362
          25    9.81755        9.90077        9.83816       -166.431       -153.637       -298.371       0.196881E+10    14.5291        1.45291        18.2700       0.193665E+10   0.305963E+08   0.157060E+07   0.111313E+07   -67.3777       -50.8450       -92.4429               0           0       16947
          26    9.96836        9.97479        9.80309       -214.519       -38.0558       -185.356       0.907205E+09    13.3978        1.33978        20.3600       0.906290E+09    85603.2        828887.       0.205803E+07    38.2704        1.00877       -117.011               0           0       15988
          27    9.96944        9.86181        9.75023       -80.1544       -133.185       -215.705       0.842334E+09    12.7918        1.27918        14.7200       0.841776E+09    18495.8        539963.        597183.        39.0270       -78.1380       -154.041               0           1       15290
          28    10.0568        10.1838        10.1339       -208.144       -196.901       -146.102       0.116794E+10    14.8850        1.48850        19.6300       0.105037E+10   0.116019E+09   0.155098E+07   0.105006E+07    100.247        147.428        114.741               0           1       15046
          29    9.82059        9.89096        9.92248       -317.989        31.2969       -211.998       0.163791E+10    12.1186        1.21186        17.3400       0.159736E+10   0.256262E+08   0.149285E+08   0.409899E+07   -65.2481       -57.7173       -33.3736               0           0       13955
          30    9.56890        10.2569        9.54217       -201.896        3.65927        38.5834       0.174353E+10    17.7089        1.77089        20.5700       0.168804E+10   0.552049E+08    281067.        73963.7       -241.566        198.623       -299.795               0           1       13707
          31    9.89500        9.95477        9.94932       -87.8673        34.1789       -301.530       0.370453E+11    9.12870       0.912870        18.6700       0.265129E+11   0.251632E+10   0.801609E+10   0.148220E+10   -13.1211       -13.0160       -14.5712               0           0       13425
          32    10.2259        9.82809        10.0120       -289.043       -47.7409       -105.911       0.135299E+10    16.7260        1.67260        20.6000       0.135050E+10   0.224540E+07    251305.        565182.        218.680       -101.760        29.3595               0           1       13388
          33    9.98406        9.96481        10.0267       -224.860       -83.9072       -249.030       0.122548E+10    11.6794        1.16794        19.3400       0.119529E+10   0.279893E+08   0.220746E+07   0.143693E+07    49.2688       -5.98259        39.6714               0           0       13314
          34    9.70904        10.0221        9.45856       -177.976       -5.72531        22.3360       0.112224E+10    15.7796        1.57796        19.7300       0.112170E+10    449646.        86061.0        107140.       -143.393        34.1232       -358.367               0           1       13102
          35    9.94899        9.54217        9.54381       -203.539        19.0088       -23.6939       0.119323E+10    15.8672        1.58672        21.2800       0.115013E+10   0.427100E+08    389914.        650265.        24.7010       -302.058       -298.646               0           1       13054
          36    9.43941        10.1262        9.52305       -155.352        32.0690        47.2276       0.118796E+10    15.6458        1.56458        21.0600       0.118721E+10    347153.        398873.        483299.       -332.279        107.042       -313.189               0           1       12766
          37    9.78882        9.94462        10.0379       -199.966        58.7321        122.801       0.102629E+10    13.2542        1.32542        17.4100       0.100182E+10   0.243880E+08    88071.8        81981.7       -87.5042       -20.1264        47.4614               0           0       12305
          38    9.90469        10.2487        9.73883       -111.946        88.8166       -93.6497       0.486858E+09    11.5785        1.15785        18.3100       0.477379E+09   0.207367E+07   0.740452E+07   0.573228E+07   -6.33286        192.879       -162.027               0           1       11480
          39    9.81902        9.53813        9.55865       -206.508        48.9688       -45.4361       0.115257E+10    15.8973        1.58973        20.9700       0.114972E+10   0.250842E+07    341301.        346631.       -66.3479       -304.888       -288.250               0           1       11013
          40    9.84858        9.94220        9.93327        91.2787        25.8485        37.1681       0.116552E+10    9.09297       0.909297        16.3300       0.110442E+10   0.372768E+08   0.238214E+08   0.181967E+08   -45.6400       -21.8217       -25.8148               0           0       10781
          41    9.43738        9.73461        9.82916        1.29266       -133.217       -4.54964       0.960043E+09    14.7442        1.47442        21.2200       0.955590E+09   0.377919E+07    674247.       0.126447E+07   -333.701       -167.246       -98.7478               0           1       10749
          42    9.92688        10.1139        9.94391       -192.398       -95.5389        49.2617       0.440612E+09    9.80262       0.980262        16.2800       0.428744E+09   0.104831E+08   0.138489E+07   0.208516E+07    9.21207        98.4816       -18.3611               0           0       10151
          43    9.85668        10.0507        9.91680        23.4026        162.021       -41.3372       0.124897E+10    11.9638        1.19638        17.8400       0.115762E+10   0.887328E+08   0.261103E+07    412818.       -39.9657        54.1866       -37.3527               0           0        9685
          44    10.4469        9.99086        10.0904       -248.136       -63.2119       -96.9494       0.138311E+10    16.8794        1.68794        21.8300       0.138226E+10    425698.        427672.       0.122376E+07    373.541        12.2664        84.2607               0           1        9517
          45    10.1265        9.80967        9.97943       -307.088       -17.3273       -109.051       0.887042E+09    14.4199        1.44199        17.7700       0.885920E+09   0.103006E+07    91791.6        193785.        149.074       -114.664        6.52201               0           1        9463
          46    10.1176        10.1033        9.97485       -16.6312       -73.6135       -43.4911       0.550031E+09    11.6927        1.16927        16.6500       0.547631E+09   0.214541E+07    253990.        277418.        142.847        91.0139        3.31354               0           1        9055
          47    9.95652        9.43864        9.69762       -116.856        64.0123       -44.2259       0.808056E+09    13.8062        1.38062        16.6400       0.804944E+09   0.308108E+07    31506.4        33953.3        29.9760       -374.584       -190.897               0           1        8663
          48    10.0794        10.4062        10.2515       -170.409       -187.442       -67.5331       0.106330E+10    15.2766        1.52766        16.4300       0.103075E+10   0.325310E+08    19831.6        22992.3        116.079        303.263        197.145               0           1        8331
          49    9.80918        9.98202        10.0989       -128.494        48.8268        89.6916       0.658539E+09    11.4671        1.14671        14.6900       0.657457E+09    996061.        86409.7        75744.2       -73.2412        6.07366        90.2222               0           0        8056
          50    9.77641        10.1372        9.97391       -56.9419        95.9726       -44.8254       0.562460E+09    11.6478        1.16478        13.5700       0.561100E+09   0.131147E+07    49333.0        30893.1       -96.1978        114.776        2.65504               0           1        7825
          51    9.97765        10.0167        10.1135       -78.8385       -95.3986       -233.069       0.530651E+09    11.2639        1.12639        16.3800       0.519447E+09   0.111626E+08    40607.9        81193.1        44.7784        30.3333        100.450               0           0        7703
          52    9.95477        10.0262        9.98556       -4.73755       -181.116       -217.630       0.134164E+10    9.92451       0.992451        17.2000       0.118540E+10   0.149673E+09   0.656688E+07   0.365225E+07    28.7501        37.0584        10.8163               0           0        7227
          53    9.80641        9.96451        10.1513       -82.7581       -122.172       -296.135       0.108592E+10    14.7386        1.47386        19.6900       0.108520E+10    486343.        232607.        290171.       -75.1817       -6.19275        126.916               0           1        7114
          54    9.88671        10.0019        9.89480       -314.758        16.1764       -87.5982       0.978030E+09    8.48981       0.848981        14.6300       0.972476E+09    651332.       0.490246E+07   0.422454E+07   -18.9285        19.9723       -52.7645               0           0        7067
          55    9.78852        10.0449        9.84833       -69.2287        159.803       -152.703       0.461801E+09    10.2447        1.02447        13.2900       0.460752E+09   0.104944E+07    0.00000        0.00000       -87.7143        50.1235       -85.3185               1           0        6799
          56    9.69195        9.94987        10.1344       -42.7789       -18.7526       -57.9665       0.504535E+09    12.0324        1.20324        16.4300       0.504067E+09    441791.        26704.7        145895.       -155.365       -16.4486        115.063               0           1        6536
          57    9.45864        10.1170        9.46113       -157.922        22.2609        61.7022       0.563738E+09    12.4745        1.24745        15.1500       0.563261E+09    427478.        49116.5        151294.       -318.808        100.653       -356.567               0           1        6479
          58    9.77805        9.95248        10.1230       -78.8358        34.6057        55.8730       0.299271E+09    9.50979       0.950979        12.9000       0.299131E+09    139874.        0.00000        0.00000       -95.0489       -14.6202        107.112               1           1        6362
          59    9.84533        10.1434        9.82568       -67.3217        91.8621       -135.172       0.318911E+09    9.62888       0.962888        12.5000       0.316757E+09   0.213255E+07    22359.1        37429.3       -47.9168        119.112       -101.186               0           1        6360
          60    9.79676        9.50707        9.93191       -181.130        72.8342       -123.129       0.482312E+09    11.9337        1.19337        15.4200       0.481204E+09   0.107400E+07    34260.8        31663.0       -81.9419       -326.647       -26.7675               0           1        6025
          61    9.74625        9.64672        10.1012       -136.313       -58.0883       -33.4492       0.439782E+09    11.3683        1.13683        18.4800       0.439053E+09    191747.        537326.       0.155130E+07   -117.326       -228.817        91.8475               0           1        5970
          62    9.87908        9.94456        10.0011       -104.303       -111.404       -280.057       0.129354E+10    9.53221       0.953221        18.7100       0.127660E+10   0.136480E+08   0.329074E+07   0.750146E+07   -24.2736       -20.1685        21.6957               0           0        5774
          63    10.0499        10.3247        10.1164       -181.188       -182.484       -144.814       0.346429E+09    10.5235        1.05235        12.3200       0.346187E+09    187159.        54872.9        124907.        95.4202        246.169        102.454               0           1        5741
          64    9.68382        9.62166        9.86490       -152.394        64.7458       -220.624       0.556988E+09    12.5284        1.25284        14.7900       0.556028E+09    916162.        43757.5        81940.7       -161.061       -246.372       -73.7106               0           1        5624
          65    10.0341        9.81315        10.0759       -95.3289       -34.1270        22.3812       0.296456E+09    9.64009       0.964009        12.9500       0.295390E+09   0.106600E+07    0.00000        0.00000        84.2957       -112.226        74.1239               1           1        5508
          66    10.0406        9.96330        9.89476       -112.461       -62.8019       -223.724       0.291876E+09    8.69437       0.869437        10.7800       0.290984E+09    892438.        0.00000        0.00000        88.9122       -7.04040       -52.7925               1           0        5401
          67    9.47020        10.0594        9.69124       -169.146       -1.41961        32.7346       0.386211E+09    10.9228        1.09228        13.6800       0.386094E+09    63356.5        53980.0        57534.3       -310.709        60.2813       -195.366               0           1        5385
          68    9.94747        9.93793        9.98288       -187.127       -39.2631       -441.413       0.129569E+10    9.15462       0.915462        12.1500       0.121549E+10   0.793701E+08    823666.        286237.        23.6361       -24.8130        8.93886               0           0        5339
          69    9.90441        9.60309        9.40376       -154.425       -12.7170        5.56731       0.453596E+09    11.3550        1.13550        15.7500       0.416190E+09   0.374068E+08    0.00000        0.00000       -6.52901       -259.381       -396.757               1           1        5339
          70    9.78745        10.0142        9.84426       -309.603        32.1322       -214.461       0.227561E+09    7.41659       0.741659        8.28000       0.226219E+09    937402.        404965.        296289.       -88.4639        28.5819       -88.1697               0           0        4814
          71    9.99093        10.1177        10.0882       -123.181       -187.994       -89.8742       0.169890E+09    7.82710       0.782710        11.7900       0.169768E+09    88448.6        32768.0        34295.1        54.0815        101.158        82.6985               0           0        4754
          72    9.99011        10.1820        10.0198       -57.0814       -53.3338       -126.752       0.216903E+09    8.48701       0.848701        13.2900       0.213915E+09   0.295776E+07    30322.0        38433.0        53.5071        146.195        34.7957               0           1        4665
          73    9.50588        9.85404        9.92904        43.1561       -159.456       -44.9376       0.252329E+09    9.36548       0.936548        12.1000       0.251410E+09    887909.        31436.2        30549.1       -285.714       -83.5811       -28.7781               0           1        4559
          74    9.38092        10.1910        9.81232       -121.639        52.0827       -32.4064       0.343045E+09    10.5795        1.05795        11.4600       0.343028E+09    16969.3        0.00000        0.00000       -373.253        152.486       -110.545               1           1        4540
          75    9.81860        9.90792        9.92751        37.8572       -48.4854        89.4743       0.959812E+09    9.86496       0.986496        14.3800       0.929658E+09   0.287402E+08   0.141313E+07    428474.       -66.6421       -45.8362       -29.8499               0           0        4465
          77    9.88816        10.2211        9.85843       -131.854        61.8261       -107.199       0.151727E+09    7.68419       0.768419        10.5200       0.151478E+09    229676.        19067.8        39646.6       -17.9127        173.558       -78.2430               0           1        4416
          78    9.43716        9.87171        10.0980        74.9898       -186.559       -46.9290       0.617258E+09    12.6426        1.26426        15.1800       0.616969E+09    288754.        0.00000        0.00000       -333.855       -71.2026        89.5777               1           1        4391
          79    9.42376        9.94499        9.52875       -223.085       -79.0669        34.4870       0.373688E+09    10.7617        1.07617        14.3000       0.373207E+09    480651.        0.00000        0.00000       -343.242       -19.8672       -309.196               1           1        4361
          80    9.90620        10.1006        10.0571       -186.338       -303.305       -110.642       0.386473E+09    10.0268        1.00268        13.5600       0.385844E+09    555047.        74032.9        49618.0       -5.27505        89.1504        60.9188               0           0        4322
          81    9.98925        9.88258        10.1392       -154.622        19.1359       -21.1317       0.124618E+09    7.16579       0.716579        10.2500       0.124375E+09    242789.        0.00000        0.00000        52.9046       -63.5878        118.454               1           1        4316
          82    9.49693        9.97132        9.52166       -109.553       -44.5659       -73.4068       0.350266E+09    10.7617        1.07617        14.0400       0.349846E+09    341407.        79398.9        106217.       -291.984       -1.42209       -314.163               0           1        4238
          83    9.73911        10.0454        9.87192       -224.882       -8.66635       -90.5755       0.231882E+09    7.94269       0.794269        8.57000       0.230875E+09    819389.        187797.        264715.       -122.328        50.4948       -68.7928               0           1        4164
          84    9.93025        9.96138        9.97800       -364.602       -38.7056       -424.280       0.413191E+10    6.73987       0.673987        11.0000       0.374942E+10   0.291567E+09   0.909278E+08   0.267233E+08    11.5729       -8.38544        5.52024               0           0        4149
          85    9.91698        10.2484        9.71382       -122.048        72.3796       -147.944       0.300718E+09    9.93852       0.993852        14.2000       0.299880E+09    833926.        4587.07        14417.8        2.27675        192.704       -179.548               0           1        4133
          86    9.83936        9.92711        9.84778       -239.597        37.6399       -324.722       0.565740E+09    9.20296       0.920296        12.9300       0.563927E+09   0.120916E+07    604132.        211465.       -52.0990       -32.3929       -85.7038               0           0        4046
          87    9.93276        9.81653        9.87076       -47.2128       -162.605       -272.080       0.357452E+09    9.58055       0.958055        14.3900       0.356995E+09    346657.        109923.        139590.        13.3312       -109.858       -69.6054               0           0        4011
          88    9.91602        9.91846        9.85446       -379.410        70.4590      -0.992045       0.491305E+09    9.54202       0.954202        14.3200       0.491014E+09    228106.        63261.0        14462.8        1.60423       -38.4525       -81.0242               0           0        3980
          90    9.94142        9.96096        9.94344       -404.161       -104.777       -323.568       0.221794E+10    8.22080       0.822080        12.7200       0.218949E+10   0.244497E+08   0.400642E+07   0.168691E+07    19.3979       -8.67966       -18.6903               0           0        3785
          91    9.58592        10.0312        9.36758       -161.086        26.4699        26.6381       0.383357E+09    10.1893        1.01893        14.2700       0.335629E+09   0.477079E+08    20025.7        38439.8       -229.643        40.5611       -422.102               0           1        3766
          92    9.78047        9.99480        9.85320       -113.196       -100.928        4.47321       0.266000E+09    7.66177       0.766177        10.7700       0.265294E+09    681495.        24988.9        22157.2       -93.3536        15.0265       -81.9069               0           0        3732
          93    9.88221        9.45461        9.84807       -188.011        63.4881       -109.046       0.279397E+09    9.95533       0.995533        12.9000       0.277599E+09   0.178587E+07    12188.5        10568.7       -22.0809       -363.397       -85.5006               0           1        3646
          94    10.2239        10.1621        10.1055       -212.024       -172.081       -119.777       0.294679E+09    10.0688        1.00688        13.2400       0.291233E+09   0.342988E+07    15750.3        25034.5        217.251        132.255        94.8598               0           1        3571
          95    9.91524        10.0133        9.93444       -403.090       -5.71869       -100.736       0.180112E+10    7.89435       0.789435        14.8400       0.153301E+10   0.247515E+09   0.205937E+08   0.843237E+07    1.05781        27.9725       -24.9952               0           0        3543
          96    9.97016        9.96928        10.0813       -280.699        25.9476       -190.177       0.201540E+09    7.42709       0.742709        11.7100       0.196788E+09   0.467932E+07    72369.1        107967.        39.5313       -2.85119        77.8578               0           0        3490
          97    9.75214        10.1148        9.95625       -75.6844        122.354       -41.2129       0.154167E+09    7.64356       0.764356        10.7500       0.153806E+09    361678.        0.00000        0.00000       -113.200        99.0981       -9.71646               1           1        3426
          98    10.2456        10.5029        10.1116       -170.201       -129.803       -139.431       0.431210E+09    11.3501        1.13501        15.5600       0.430656E+09    410602.        142972.        230021.        232.473        370.956        99.1471               0           1        3419
          99    9.71903        10.0216        10.0263       -21.7581       -36.6279       -3.84389       0.281366E+09    9.60787       0.960787        13.6700       0.281257E+09    100887.        8670.55        1168.57       -136.395        33.8360        39.3492               0           1        3404
         100    9.90973        9.99551        9.86200       -297.087       -300.739       -55.9222       0.419362E+09    8.29086       0.829086        11.1000       0.419100E+09    239535.        22459.6        27002.1       -2.80215        15.5239       -75.7421               0           0        3353
         101    9.77170        10.0295        9.94384       -227.118        184.648       -110.038       0.366802E+09    8.96267       0.896267        12.4200       0.366057E+09    574969.        169682.        129293.       -99.4974        39.3072       -18.4101               0           0        3339
         102    10.1458        10.3036        10.1412       -146.408       -203.015       -106.100       0.273086E+09    9.78791       0.978790        12.1800       0.264629E+09   0.845734E+07    0.00000        0.00000        162.581        231.346        119.876               1           1        3334
         103    10.4900        10.1823        10.1224       -219.226       -112.202       -42.8829       0.448887E+09    11.5561        1.15561        14.6400       0.448697E+09    169837.        20023.9        23775.1        403.678        146.349        106.706               0           1        3318
         104    9.92074        10.0036        10.0210       -249.353        67.5570       -301.534       0.698495E+09    7.79558       0.779558        12.0000       0.692877E+09   0.448921E+07   0.112917E+07    518405.        4.91077        21.1913        35.6153               0           0        3290
         105    9.78591        9.96793        10.0344       -145.792       -227.492       -269.836       0.292653E+09    8.72309       0.872309        11.6100       0.278264E+09   0.143809E+08    8464.87        24235.6       -89.5427       -3.79691        45.0516               0           0        3256
         106    9.72323        10.1315        10.0029       -112.073        90.9285       -12.1475       0.175689E+09    7.02358       0.702359        10.1200       0.174341E+09   0.127502E+07    73551.4        146334.       -133.452        110.769        22.9987               0           1        3218
         107    10.0178        9.76310        9.34173       -97.5621        20.4791        9.46069       0.266553E+09    9.68703       0.968703        11.9900       0.266458E+09    79079.2        16150.6        12411.9        72.9120       -147.288       -440.211               0           1        3212
         108    9.58877        10.0565        9.74581       -118.733       -199.470       -143.585       0.171869E+09    7.20573       0.720573        9.99000       0.171847E+09    21800.2        0.00000        0.00000       -227.647        58.2287       -157.138               1           1        3062
         109    9.79009        10.0803        9.89432       -84.5443       -285.907       -139.460       0.210035E+09    8.31047       0.831047        9.77000       0.208843E+09   0.117646E+07    15754.9        9212.54       -86.6145        74.9155       -53.1008               0           0        3027
         110    9.97718        10.0132        10.0214       -193.121       -266.822       -137.911       0.294748E+09    6.85686       0.685686        10.2300       0.284250E+09   0.555434E+07   0.494420E+07    706610.        44.4491        27.8884        35.9516               0           0        2957
         111    9.45197        9.87960        9.97527        74.3830       -204.548       -48.9328       0.139031E+09    7.63445       0.763445        10.5900       0.138758E+09    181265.        91530.5        92815.4       -323.480       -65.6754        3.60777               0           1        2951
         112    9.84029        9.98264        10.0907        35.8522       -27.0757       -140.494       0.249555E+09    8.55006       0.855006        11.8700       0.249248E+09    272578.        33855.4        34230.3       -51.4475        6.50799        84.4708               0           0        2943
         113    9.85194        9.95026        9.89093       -184.985        229.470        20.5702       0.609481E+09    8.16406       0.816406        11.0800       0.586708E+09   0.222586E+08    514034.        312461.       -43.2862       -16.1754       -55.4756               0           0        2894
         114    9.44873        9.84178        9.91093        52.4545       -194.665       -39.8456       0.229227E+09    9.25129       0.925129        12.7200       0.228963E+09    263890.        0.00000        0.00000       -325.750       -92.1697       -41.4648               1           1        2864
         115    9.78351        9.78732        9.89563       -218.101        132.772       -192.013       0.170416E+09    7.91537       0.791537        9.53000       0.168854E+09   0.156182E+07    0.00000        0.00000       -91.2240       -130.321       -52.1830               1           1        2858
         116    9.62254        9.74643        9.87932       -65.9304       -6.45088       -219.074       0.195087E+09    8.69156       0.869156        10.3100       0.192964E+09   0.212333E+07    0.00000        0.00000       -203.990       -158.966       -63.6088               1           1        2843
         117    9.44013        9.96164        9.50836       -223.719       -76.0638        40.8974       0.201941E+09    8.84358       0.884358        11.1600       0.201777E+09    164245.        0.00000        0.00000       -331.775       -8.20330       -323.480               1           1        2840
         118    9.70377        10.0358        9.78659       -333.267        5.64180       -133.389       0.145477E+09    7.25336       0.725336        9.38000       0.145159E+09    317247.        0.00000        0.00000       -147.085        43.7626       -128.570               1           1        2815
         119    9.97224        9.71549        9.70264       -148.548        67.2310       -79.2411       0.187579E+09    8.31187       0.831187        9.22000       0.187477E+09    102330.        0.00000        0.00000        40.9885       -180.641       -187.380               1           1        2813
         120    9.73429        9.82791        9.86001       -134.112        111.578       -19.0658       0.223870E+09    8.28035       0.828035        10.6600       0.194460E+09   0.294094E+08    0.00000        0.00000       -125.704       -101.886       -77.1362               1           1        2778
         121    9.64067        10.1260        9.80324       -253.293       -2.48063       -100.952       0.126838E+09    7.23375       0.723375        10.5300       0.126703E+09    134795.        0.00000        0.00000       -191.289        106.944       -116.906               1           1        2768
         122    9.74423        9.78041        9.88640       -184.211        126.435       -206.310       0.131436E+09    7.21763       0.721763        9.30000       0.117225E+09   0.142114E+08    0.00000        0.00000       -118.741       -135.162       -58.6490               1           1        2671
         123    10.0618        10.2025        10.0582       -79.3857       -20.0851        2.97673       0.165601E+09    8.16686       0.816686        13.3300       0.161205E+09   0.288806E+07   0.150809E+07   0.121132E+07    103.722        160.500        61.6893               0           1        2651
         124    10.1051        10.0319        9.99793       -284.064       -192.952       -128.006       0.211926E+09    8.95917       0.895917        12.0400       0.211670E+09    228513.        27179.4        20622.2        134.041        41.0235        19.4820               0           0        2644
         125    9.72473        10.0051        10.0492       -18.1925       -86.2603       -9.56169       0.162418E+09    7.97211       0.797211        11.2800       0.162286E+09    75518.0        56913.0        90934.0       -132.402        22.2140        55.3705               0           1        2588
         126    10.3905        10.3195        10.1341       -219.540       -133.710       -41.3170       0.391853E+09    11.0033        1.10033        15.0200       0.391747E+09    94226.2        10998.2        10624.5        334.009        242.470        114.881               0           1        2584
         127    9.57557        9.57738        10.0468       -147.907        18.8093       -192.173       0.246014E+09    9.56654       0.956654        14.2400       0.244011E+09   0.188604E+07    117164.        90168.6       -236.894       -277.392        53.6962               0           1        2552
         128    9.99305        9.94006        9.93793       -417.116       -95.1523        21.5335       0.291661E+09    8.26284       0.826284        10.5900       0.269950E+09   0.216853E+08    25913.4        21538.4        55.5666       -23.3209       -22.5503               0           0        2548
         129    9.81096        9.83616        9.97098       -115.104        135.099        26.3594       0.182778E+09    7.92237       0.792237        10.2100       0.182572E+09    206593.        0.00000        0.00000       -71.9943       -96.1068       0.602462               1           0        2546
         130    9.96856        9.93008        10.0125       -101.380       -251.615       -58.2531       0.298185E+09    7.47473       0.747473        11.1000       0.297053E+09    555207.        577290.        52671.9        38.4105       -30.3123        29.6748               0           0        2532
         132    10.2610        10.2851        10.0314       -201.793       -131.044       -157.514       0.207906E+09    8.89402       0.889402        11.7500       0.207846E+09    60204.3        0.00000        0.00000        243.255        218.386        42.9640               1           1        2484
         133    10.2854        9.85881        9.38803       -219.990       -103.750       -36.2923       0.252205E+09    9.68352       0.968352        12.2300       0.252075E+09    130057.        0.00000        0.00000        260.376       -80.2396       -407.776               1           1        2477
         134    10.0520        9.93208        9.93567       -67.3233       -54.8143       -221.550       0.118608E+09    6.63479       0.663479        8.81000       0.117807E+09    800623.        0.00000        0.00000        96.8844       -28.9112       -24.1335               1           0        2470
         135    10.0657        10.1888        10.1090       -234.656       -182.731       -156.758       0.241465E+09    8.34550       0.834550        10.3500       0.224141E+09   0.172754E+08    49020.9        28741.5        106.482        150.903        97.2837               0           1        2448
         136    9.80469        9.69386        9.86677       -179.295        122.429       -112.259       0.230465E+09    8.72589       0.872589        10.7700       0.229129E+09   0.131474E+07    21637.7        87622.4       -76.3866       -195.793       -72.4006               0           1        2434
         137    9.97871        9.79985        9.38916       -99.5417        22.9152        18.6404       0.184494E+09    8.65303       0.865303        11.1400       0.184317E+09    151773.        24752.1        22289.1        45.5209       -121.543       -406.984               0           1        2401
         139    9.24738        9.78463        10.0607       -160.325       -68.7453       -219.293       0.186040E+09    8.67966       0.867966        11.5800       0.185731E+09    181635.        127283.        208523.       -466.803       -132.205        63.4477               0           1        2381
         140    9.81386        9.92776        9.84653       -15.1700       -100.482        79.6408       0.308245E+09    7.76545       0.776545        10.2400       0.299464E+09   0.807766E+07    703760.        251683.       -69.9627       -31.9375       -86.5794               0           0        2315
         141    10.1901        10.2619        10.2723       -175.818       -156.294       -149.173       0.182546E+09    8.64953       0.864953        12.2700       0.182073E+09    414382.        58795.1        52407.3        193.643        202.112        211.695               0           1        2307
         142    9.94498        10.2695        9.73138       -136.734        62.2848       -96.4850       0.131006E+09    7.52657       0.752657        12.6100       0.128781E+09    345604.       0.187932E+07   0.184000E+07    21.8918        207.492       -167.246               0           1        2302
         143    10.1834        10.5353        10.2680       -162.710       -134.731       -125.897       0.225634E+09    9.22818       0.922818        12.6400       0.222894E+09   0.272150E+07    19226.3        9509.91        188.935        393.702        208.648               0           1        2259
         144    10.4019        9.57182        9.82653       -241.482       -47.5948       -62.5001       0.319841E+09    10.3904        1.03904        13.1900       0.319750E+09    91624.6        0.00000        0.00000        341.974       -281.287       -100.590               1           1        2208
         145    10.0109        10.3594        10.0753       -143.999       -211.352       -111.116       0.171496E+09    8.40434       0.840434        11.1400       0.171431E+09    33062.3        31717.5        39578.1        68.0432        270.429        73.6825               0           1        2199
         146    9.79906        9.75841        9.88674       -164.829        141.747       -121.558       0.144135E+09    7.50065       0.750065        9.78000       0.142416E+09   0.171966E+07    0.00000        0.00000       -80.3307       -150.574       -58.4108               1           1        2170
         147    9.86057        9.86751        9.91296       -366.703        128.688       -69.1876       0.294472E+09    7.21553       0.721553        10.3600       0.288323E+09   0.590860E+07    240072.        129976.       -37.2406       -74.1449       -40.0427               0           0        2160
         148    9.96551        9.60492        9.81037       -199.837        88.7557       -102.363       0.172459E+09    8.30767       0.830767        10.2400       0.168771E+09   0.368821E+07    0.00000        0.00000        36.2738       -258.099       -111.911               1           1        2128
         149    9.89691        9.56656        9.59439       -206.182        44.0256       -19.0656       0.125093E+09    7.47753       0.747753        11.5600       0.124707E+09    162085.        223305.        371131.       -11.7830       -284.972       -263.213               0           1        2120
         150    10.4310        10.0013        10.1063       -231.372       -72.3691       -94.8687       0.367465E+09    9.92871       0.992871        13.1500       0.367388E+09    77411.9        0.00000        0.00000        362.339        19.5450        95.4272               1           1        2076
         151    9.81012        9.67798        9.66829       -217.753        114.485       -59.8580       0.130242E+09    7.28068       0.728068        8.94000       0.129862E+09    379554.        0.00000        0.00000       -72.5827       -206.918       -211.443               1           1        2047
         152    9.95572        9.78741        9.56490       -163.595        6.84989        27.5037       0.180338E+09    8.62081       0.862081        10.7000       0.180327E+09    10692.9        0.00000        0.00000        29.4156       -130.258       -283.872               1           1        2013
         154    9.81774        10.1617        9.58889       -176.939        83.7720       -138.864       0.138061E+09    7.81519       0.781519        11.4400       0.138010E+09    51479.8        0.00000        0.00000       -67.2446        131.932       -267.066               1           1        1945
         156    9.47865        9.99421        9.49522       -112.182       -52.1144       -90.9100       0.157438E+09    8.23762       0.823762        11.4100       0.157381E+09    56903.2        0.00000        0.00000       -304.790        14.6132       -332.685               1           1        1908
         157    9.87619        9.94773        9.86446        98.7850       -30.5787       -278.508       0.361048E+09    7.02989       0.702989        9.95000       0.360071E+09    901940.        74931.9        50204.7       -26.2982       -17.9478       -74.0188               0           0        1890
         158    9.45181        10.0581        9.73146       -135.947       -169.270       -162.295       0.116570E+09    7.35984       0.735984        8.89000       0.116560E+09    10455.2        0.00000        0.00000       -323.592        59.3495       -167.190               1           1        1887
         159    9.74007        9.72546        10.1950       -102.370       -50.3331       -87.4341       0.156582E+09    8.21520       0.821520        12.9500       0.156466E+09    25996.0        89399.4        119748.       -121.655       -173.656        157.565               0           1        1851
         160    9.89322        9.51815        9.55364       -185.485        63.0543       -46.8726       0.169788E+09    8.35390       0.835391        11.0000       0.169269E+09    518357.        0.00000        0.00000       -14.3680       -318.885       -291.760               1           1        1829
         161    9.88230        9.91260        9.52758       -109.147        31.6269        44.5154       0.142643E+09    7.91397       0.791397        9.11000       0.142499E+09    144514.        0.00000        0.00000       -22.0179       -42.5577       -310.016               1           1        1824
         162    9.60766        10.0090        9.96555       -60.5298       -46.8938       -13.5874       0.146297E+09    7.96511       0.796511        11.9900       0.146157E+09    127697.        12418.4        26266.5       -214.414        24.9742       -3.20146               0           1        1779
         163    9.45869        10.1796        10.2693       -37.0129       -132.099        21.5561       0.162417E+09    8.35531       0.835531        11.9000       0.162120E+09    196544.        100754.        171840.       -318.773        144.486        209.580               0           1        1768
         164    9.68968        10.2822        9.92533       -151.967       -233.838       -123.048       0.170626E+09    8.06318       0.806318        10.7200       0.169685E+09    926825.        13843.6        10190.9       -156.955        216.333       -31.3771               0           1        1767
         166    10.1263        10.1875        10.2352       -146.612       -107.408       -240.244       0.200565E+09    8.43727       0.843727        10.8000       0.200363E+09    202010.        0.00000        0.00000        148.899        150.013        185.692               1           1        1734
         167    10.0902        10.0709        10.2385       -207.752       -29.0934       -264.280       0.145858E+09    7.89715       0.789716        9.60000       0.141668E+09   0.419090E+07    0.00000        0.00000        123.631        68.3445        188.010               1           1        1712
         168    9.35054        9.99528        9.53795       -197.002       -33.6867        76.1118       0.282674E+09    6.13460       0.613460        8.42000       0.282670E+09    4386.61        0.00000        0.00000       -394.536        15.3628       -302.751               1           1        1705
         169    9.46293        9.98666        9.69945       -87.4717       -20.1978       -123.112       0.113705E+09    6.83584       0.683584        9.26000       0.108745E+09   0.495996E+07    0.00000        0.00000       -315.802        9.32416       -189.615               1           1        1705
         170    9.66515        9.88491        10.0444       -104.835        1.89494        54.6229       0.104414E+09    7.00887       0.700887        9.43000       0.104255E+09    158657.        0.00000        0.00000       -174.140       -61.9555        52.0570               1           1        1698
         171    9.69462        9.85592        9.32911       -132.277       -31.3784        28.2758       0.146864E+09    7.85933       0.785933        11.4300       0.142166E+09   0.459525E+07    102540.        107245.       -153.495       -82.2641       -449.052               0           1        1663
         172    9.99283        9.95817        10.1577       -142.934       -75.4078       -323.466       0.127115E+09    7.19942       0.719942        8.20000       0.122130E+09   0.497777E+07    6706.45        5567.35        55.4125       -10.6342        131.428               0           0        1654
         173    9.62279        9.92425        10.1544       -79.4895       -16.9744       -23.5418       0.124140E+09    7.52447       0.752447        10.1000       0.123460E+09    679251.        0.00000        0.00000       -203.814       -34.3964        129.088               1           1        1649
         174    9.92873        9.78441        10.0266       -82.9448        56.0652       -174.347       0.100218E+09    5.93145       0.593145        9.51000       0.100015E+09    134661.        67763.8        154825.        10.5081       -132.360        39.5664               0           0        1632
         175    9.88907        10.0669        9.67643       -118.249        78.0623       -152.815       0.122909E+09    7.54338       0.754338        11.3400       0.122296E+09    402787.        209336.        228994.       -17.2753        65.5283       -205.741               0           1        1622
         176    10.0121        10.3503        10.2499       -219.305       -136.704       -138.775       0.123118E+09    7.55529       0.755529        10.2100       0.122130E+09    988030.        0.00000        0.00000        68.8769        264.089        195.968               1           1        1548
         177    10.0435        9.76386        9.91223       -320.856        21.0473       -100.775       0.120871E+09    7.24706       0.724706        9.69000       0.120717E+09    154484.        0.00000        0.00000        90.8807       -146.756       -40.5541               1           1        1516
         178    9.88412        9.95139        9.39645       -155.304        3.72425        10.1465       0.114549E+09    7.40958       0.740958        9.37000       0.114315E+09    234236.        0.00000        0.00000       -20.7429       -15.3838       -401.877               1           1        1509
         179    9.73822        10.1135        9.37432       -38.5395       -119.012        1.78564       0.146789E+09    7.81239       0.781239        11.1300       0.146573E+09    164726.        51195.9        57479.3       -122.951        98.1804       -417.380               0           1        1481
         180    10.0720        10.3958        10.2409       -159.119       -186.474       -50.7702       0.226575E+09    7.44531       0.744531        9.20000       0.224639E+09   0.193558E+07    0.00000        0.00000        110.881        295.942        189.678               1           1        1459
         181    9.87827        10.0835        10.0787       -201.016       -114.922       -345.547       0.255574E+09    9.14972       0.914972        12.7400       0.255484E+09    90324.5        0.00000        0.00000       -24.8411        77.1362        76.0924               1           0        1427
         182    9.60128        9.43264        9.94144       -176.559        24.7555       -213.756       0.200414E+09    8.92484       0.892484        11.0600       0.199864E+09    550026.        0.00000        0.00000       -218.883       -378.788       -20.0914               1           1        1424
         183    9.87832        9.68245        9.68388       -131.233        81.3992       -12.1619       0.192519E+09    7.22534       0.722534        10.7400       0.191052E+09   0.146374E+07    3986.33        9462.96       -24.8060       -203.786       -200.522               0           1        1410
         184    9.80789        9.88594        9.80069       -38.5483       -60.8000        38.8130       0.195471E+09    7.43270       0.743270        11.1700       0.193463E+09   0.181138E+07    197164.        310363.       -74.1449       -61.2340       -118.692               0           1        1404
         185    10.4101        10.2280        10.2001       -226.117       -92.3691       -98.0584       0.110183E+09    7.35634       0.735634        9.32000       0.110158E+09    24791.1        0.00000        0.00000        347.761        178.385        161.089               1           1        1382
         187    9.89838        9.69802        9.69247       -269.658        23.0837       -24.9173       0.139137E+09    7.24215       0.724215        10.8400       0.138675E+09    430476.        32219.2        49886.9       -10.7533       -192.879       -194.504               0           1        1347
         188    9.36379        9.89143        9.61897       -158.929      -0.986516E-01    48.1775       0.107174E+09    7.22954       0.722954        9.76000       0.107082E+09    91784.6        0.00000        0.00000       -385.254       -57.3880       -245.994               1           1        1334
         190    10.0420        9.37912        9.60370       -193.996       -21.4949      -0.375584       0.771413E+09    6.98085       0.698085        11.4000       0.739514E+09   0.300774E+08   0.182183E+07    539778.        89.8369       -416.280       -256.691               0           1        1281
         193    9.88765        9.60731        9.70816       -180.355       -9.51246       -39.9940       0.162673E+09    6.24599       0.624599        7.33000       0.162203E+09    376730.        93437.2        73047.6       -18.2700       -256.425       -183.513               0           1        1271
         195    9.84757        9.68838        9.37474       -69.9719        34.4645        43.0083       0.157933E+09    8.00504       0.800504        9.03000       0.155884E+09   0.204855E+07    0.00000        0.00000       -46.3476       -199.632       -417.086               1           1        1250
         196    9.85655        9.93470        10.0957       -83.4578       -110.519       -336.422       0.123179E+09    7.16159       0.716159        9.18000       0.123045E+09    134789.        0.00000        0.00000       -40.0567       -27.0758        87.9805               1           0        1212
         197    9.84163        9.68440        9.38567       -59.4272        39.4431        37.2990       0.139484E+09    7.32341       0.732342        8.96000       0.137677E+09   0.180675E+07    0.00000        0.00000       -50.5088       -202.420       -409.429               1           1        1167
         198    10.4358        10.1890        10.1916       -229.574       -83.6958       -97.2365       0.148423E+09    8.05338       0.805337        10.7700       0.148402E+09    21555.6        0.00000        0.00000        365.758        151.064        155.190               1           1        1109
         199    9.63224        9.99919        9.37873       -35.8630       -185.151        14.8098       0.140613E+09    7.56090       0.756090        10.5300       0.135266E+09   0.534708E+07    0.00000        0.00000       -197.194        18.1019       -414.291               1           1        1005
         204    9.58245        10.3609        9.77896       -30.4877       -98.4838       -97.8330       0.120513E+09    7.50275       0.750275        10.8500       0.120467E+09    46013.8        0.00000        0.00000       -232.074        271.528       -133.915               1           1         829
         207    9.97029        9.59259        9.53406       -210.195        18.9885       -17.6669       0.111340E+09    7.24916       0.724916        10.6500       0.111239E+09    101181.        0.00000        0.00000        39.6224       -266.737       -305.476               1           1         777
