#          i      x              y              z              v_x            v_y            v_z            Mvir           Rvir     Rs (Rockstar)       v_max           Mdm           Mgas           Mstars    Avg age of stars     xc             yc             zc      flag DM only  flag outside Rvir  Np bound
# (h^-1 comoving Mpc) (h^-1 comoving Mpc) (h^-1 comoving Mpc) (km/s)         (km/s)         (km/s)         (Msun)         (kpc)         (kpc)           (km/s)         (Msun)         (Msun)         (Msun)         (yrs)          (kpc)          (kpc)          (kpc)
           1    10.5817        8.90176        10.5880        12.3641        76.3919       -36.8496       0.117990E+11    7.96265       0.796265        78.3800       0.111274E+11   0.526769E+09   0.144766E+09   0.282343E+10    0.00000        0.00000        0.00000               0           0       98296
           2    10.6713        8.59331        10.7020       -89.1018        135.967       -67.2534       0.985000E+10    7.42779       0.742779        69.8100       0.919422E+10   0.551250E+09   0.104529E+09   0.209540E+10    14.0726       -48.4940        17.9260               0           1       64067
           3    10.7128        9.05183        10.5765       -77.5808        52.9633       -16.2656       0.946756E+10    7.29714       0.729714        68.9000       0.863543E+10   0.744285E+09   0.878373E+08   0.164405E+10    20.6098        23.5938       -1.80958               0           1       60771
           4    10.4940        8.23718        10.7437       -48.2116        115.758       -47.7252       0.355995E+10    5.33144       0.533144        50.1100       0.336748E+10   0.154795E+09   0.376730E+08   0.159784E+10   -13.7959       -104.484        24.4868               0           1       51004
           5    10.4618        8.15063        10.7635        2.14016        154.523       -41.2178       0.563091E+10    6.16092       0.616092        61.1400       0.524581E+10   0.354654E+09   0.304535E+08   0.101287E+10   -18.8536       -118.091        27.5997               0           1       40159
           6    10.9369        9.48701        10.6266       -37.2865        38.5173       -44.7257       0.480984E+10    5.83815       0.583815        57.7700       0.438637E+10   0.398052E+09   0.254198E+08   0.837622E+09    55.8456        92.0121        6.07964               0           1       38680
           7    10.6803        8.69142        10.7043       -95.1923        41.9643       -102.331       0.609990E+10    5.99349       0.599349        57.8400       0.535156E+10   0.707721E+09   0.406226E+08   0.466401E+09    15.4923       -33.0693        18.2876               0           1       36479
           8    10.8610        9.38275        10.5855       -24.0891        32.0612       -14.0057       0.291106E+10    4.91009       0.491009        46.2900       0.261299E+10   0.287795E+09   0.102744E+08   0.162366E+09    43.9111        75.6205      -0.388329               0           1       22139
           9    10.3924        8.43037        10.7623        1.99833        64.3847       -38.0926       0.269480E+10    4.81891       0.481891        48.1800       0.241660E+10   0.257808E+09   0.203852E+08   0.236045E+09   -29.7614       -74.1112        27.4047               0           1       20647
          10    10.1513        8.38510        11.0343       -20.4987        119.468       -108.866       0.172371E+10    4.15230       0.415230        40.4300       0.155552E+10   0.151029E+09   0.171611E+08   0.245283E+09   -67.6794       -81.2285        70.1744               0           1       19567
          11    10.6104        8.93985        10.5824       -35.5641       -1.69486       -86.6538       0.267395E+10    4.20811       0.420811        40.6600       0.247273E+10   0.189748E+09   0.114707E+08   0.260211E+09    4.50431        5.98845      -0.869418               0           0       17662
          12    10.0875        8.45277        11.1043        26.6249        56.9419       -105.764       0.162832E+10    4.03910       0.403910        37.9700       0.145617E+10   0.162836E+09   0.930684E+07   0.163994E+09   -77.7083       -70.5895        81.1734               0           1       15994
          13    10.6509        8.50249        10.6961       -120.437        152.735       -45.2512       0.222510E+10    3.32470       0.332470        34.2200       0.192043E+10   0.279605E+09   0.250655E+08   0.331778E+09    10.8811       -62.7726        17.0063               0           1       13114
          14    10.3459        8.37814        10.8049        16.0841        104.621       -70.9488       0.118545E+10    3.60770       0.360769        33.9700       0.105910E+10   0.122645E+09   0.370494E+07   0.140252E+09   -37.0737       -82.3227        34.1101               0           1       12677
          15    10.1915        8.33258        10.9536       -7.28737        122.588       -83.1003       0.137777E+10    3.79856       0.379856        35.7300       0.123968E+10   0.127118E+09   0.109724E+08   0.169838E+09   -61.3576       -89.4856        57.4853               0           1       12560
          16    10.4539        8.38085        10.7422       -37.5428        108.478       -72.6062       0.114831E+10    3.59606       0.359606        33.8600       0.104837E+10   0.958545E+08   0.407726E+07   0.220471E+09   -20.0941       -81.8966        24.2478               0           1       12185
          17    10.6632        8.49414        10.7055       -34.6896        153.295        23.5944       0.384376E+10    4.68307       0.468307        46.5900       0.339867E+10   0.416340E+09   0.287529E+08   0.438212E+09    12.8070       -64.0854        18.4795               0           1       11592
          18    10.6599        8.49984        10.7189       -115.306        116.556       -47.2680       0.176960E+10    2.96326       0.296326        28.1100       0.156169E+10   0.198473E+09   0.944347E+07   0.187966E+09    12.2882       -63.1892        20.5925               0           1       11537
          19    10.1665        8.43459        11.0305       -34.8816        66.1890       -68.2962       0.119035E+10    3.72749       0.372750        35.3800       0.112054E+10   0.674647E+08   0.234833E+07   0.163869E+09   -65.2865       -73.4477        69.5676               0           1       11253
          20    9.79197        8.12543        10.6717        9.86391        102.928       -47.7918       0.108705E+10    3.54889       0.354889        33.5400       0.969058E+09   0.114648E+09   0.333930E+07   0.136423E+09   -124.166       -122.053        13.1655               0           1       11120
          21    10.6738        8.63497        10.6934       -110.809        75.1022       -59.5683       0.158067E+10    2.87160       0.287160        27.5400       0.147655E+10   0.744925E+08   0.296252E+08   0.468314E+09    14.4720       -41.9443        16.5771               0           1       10931
          22    10.7068        8.65911        10.4759       -99.2747        116.192        26.5716       0.903658E+09    3.40410       0.340410        32.0000       0.869875E+09   0.307174E+08   0.306600E+07   0.125053E+09    19.6633       -38.1490       -17.6195               0           1       10871
          23    9.84391        8.24458        10.7118        11.5993        83.0292       -63.4834       0.121556E+10    3.76208       0.376208        37.4000       0.114199E+10   0.705947E+08   0.297562E+07   0.102154E+09   -116.000       -103.321        19.4636               0           1       10801
          24    10.7112        9.06294        10.6137       -9.12920        21.6056       -108.862       0.105634E+10    3.16135       0.316135        29.7100       0.985856E+09   0.678766E+08   0.261146E+07   0.118828E+09    20.3598        25.3405        4.04995               0           1       10634
          25    10.5519        8.51178        10.7662       -24.4857        79.1778       -101.507       0.120634E+10    3.69841       0.369841        36.7900       0.111364E+10   0.874380E+08   0.527044E+07   0.105820E+09   -4.69297       -61.3120        28.0242               0           1       10440
          26    10.4411        9.40731        10.4832       -2.42557        25.9487       -42.9038       0.893054E+09    3.40960       0.340960        33.2800       0.855242E+09   0.338259E+08   0.398632E+07   0.147885E+09   -22.1112        79.4818       -16.4655               0           1       10062
          27    10.4143        8.39260        10.7604       -12.2597        113.547       -65.0100       0.738277E+09    3.03841       0.303841        28.5800       0.680569E+09   0.537014E+08   0.400699E+07   0.119759E+09   -26.3247       -80.0493        27.1155               0           1        9673
          28    10.9080        9.34891        10.9377       -26.1935        52.3174       -99.8834       0.108910E+10    3.58883       0.358883        35.3800       0.100971E+10   0.757298E+08   0.365674E+07   0.123667E+09    51.2972        70.3002        54.9856               0           1        8885
          29    10.3111        8.22866        10.2639       -25.0350        116.131        8.24755       0.112318E+10    3.66539       0.366539        35.6400       0.105228E+10   0.675277E+08   0.337491E+07   0.121050E+09   -42.5417       -105.824       -50.9529               0           1        8780
          30    10.6651        8.86177        10.3787       -97.6956        88.4739        23.2730       0.105549E+10    3.50660       0.350660        33.0200       0.945697E+09   0.108220E+09   0.156883E+07   0.124743E+09    13.1042       -6.28716       -32.8995               0           1        8767
          31    10.5249        8.63610        11.1221       -42.7666        84.0857       -107.430       0.126556E+10    3.71806       0.371806        35.4400       0.112786E+10   0.133706E+09   0.399690E+07   0.791726E+08   -8.93001       -41.7666        83.9766               0           1        8623
          32    10.6626        8.64231        10.6938       -21.0621        88.4187        39.6937       0.165176E+10    2.97080       0.297080        28.0500       0.146059E+10   0.165541E+09   0.256330E+08   0.410465E+09    12.7064       -40.7903        16.6384               0           1        8555
          33    10.1272        8.44043        11.0586        6.31425        85.4118       -97.6268       0.140707E+10    3.75076       0.375076        35.5700       0.127318E+10   0.129676E+09   0.421307E+07   0.449410E+08   -71.4621       -72.5296        73.9964               0           1        8374
          34    10.0786        8.48294        11.0239        55.7915        32.9744       -56.7334       0.990046E+09    3.45393       0.345393        32.4800       0.913606E+09   0.725919E+08   0.384812E+07   0.860917E+08   -79.1013       -65.8462        68.5331               0           1        8242
          35    10.5860        8.89232        10.5830        2.21671       -20.7571       -16.6123       0.409132E+10    2.80164       0.280163        29.5700       0.381804E+10   0.145596E+09   0.127689E+09   0.232233E+10   0.666606       -1.48414      -0.782948               0           0        8215
          36    9.90735        8.00222        11.5825       -27.8147        82.9619       -70.9100       0.109834E+10    3.58427       0.358427        34.3800       0.100439E+10   0.900599E+08   0.389140E+07   0.959158E+08   -106.027       -141.424        156.360               0           1        8101
          37    10.4036        9.10480        10.6368        31.1705        30.5196       -53.3277       0.680503E+09    3.06482       0.306482        28.8100       0.643157E+09   0.349290E+08   0.241658E+07   0.722636E+08   -28.0100        31.9216        7.68169               0           1        8087
          38    10.5028        8.75126        10.6003        51.8428        80.4135       -43.6254       0.743348E+09    3.07928       0.307928        30.7800       0.696615E+09   0.423758E+08   0.435788E+07   0.943635E+08   -12.4155       -23.6614        1.94479               0           1        7959
          39    10.6719        8.71477        10.7825       -54.6246        67.1799       -147.349       0.577694E+09    2.86248       0.286248        26.9200       0.527678E+09   0.467022E+08   0.331389E+07   0.112289E+09    14.1748       -29.3983        30.5821               0           1        7919
          40    10.5025        8.78414        10.5999        18.5002        80.9383       -61.5749       0.687457E+09    2.94376       0.294376        27.7000       0.630270E+09   0.550605E+08   0.212604E+07   0.108340E+09   -12.4517       -18.4920        1.88190               0           1        7694
          41    9.73558        8.75681        11.3047        21.0920        57.6408       -53.9300       0.787772E+09    3.27754       0.327754        31.8400       0.754313E+09   0.306470E+08   0.281272E+07   0.876042E+08   -133.032       -22.7888        112.680               0           1        7630
          42    10.4560        8.16045        10.7675       -70.0088        119.084       -56.6230       0.132434E+10    2.34995       0.234995        24.4700       0.123886E+10   0.641878E+08   0.212997E+08   0.749035E+09   -19.7686       -116.548        28.2207               0           1        7495
          43    10.6686        8.71706        10.6723       -6.60651        42.6399       -75.3569       0.808538E+09    2.90996       0.290996        28.1000       0.732697E+09   0.729352E+08   0.290633E+07   0.817584E+08    13.6639       -29.0382        13.2629               0           1        7225
          44    10.7219        9.08089        10.5695       -110.166       -5.93487       -63.3665       0.155026E+10    2.63357       0.263357        25.8700       0.147838E+10   0.622040E+08   0.968587E+07   0.183304E+09    22.0357        28.1625       -2.91011               0           1        7100
          45    10.5472        8.82840        10.5804        67.0282        72.6139       -38.0254       0.578565E+09    2.66312       0.266313        25.0700       0.530505E+09   0.465988E+08   0.146120E+07   0.923585E+08   -5.42246       -11.5335       -1.19643               0           1        6983
          46    10.9017        9.40023        10.5847       -114.762        73.6251        6.61427       0.959812E+09    3.28665       0.328665        31.1800       0.893070E+09   0.654247E+08   0.131625E+07   0.566940E+08    50.3067        78.3687      -0.514104               0           1        6946
          47    10.5311        8.80867        10.3837       -15.6245        101.387        10.6145       0.964250E+09    3.37438       0.337438        34.4300       0.869376E+09   0.930072E+08   0.186732E+07   0.504468E+08   -7.96311       -14.6355       -32.1150               0           1        6761
          48    10.3476        8.45741        10.7729        53.3157        50.1577       -27.9337       0.561432E+09    2.82490       0.282490        26.5600       0.535576E+09   0.247150E+08   0.114045E+07   0.103270E+09   -36.8158       -69.8600        29.0791               0           1        6733
          49    10.6561        8.61833        10.6942       -70.0885        60.2368       -97.4987       0.426456E+09    2.09682       0.209682        19.7100       0.391913E+09   0.306956E+08   0.384699E+07   0.112245E+09    11.6876       -44.5604        16.6966               0           1        6406
          50    10.9105        8.95305        10.7667       -105.079        80.3501       -71.6900       0.371637E+09    2.48971       0.248971        23.4100       0.354086E+09   0.152382E+08   0.231297E+07   0.930441E+08    51.6934        8.06373        28.0934               0           1        6189
          51    10.6777        8.43224        10.6665       -98.7696        140.579       -63.6244       0.368858E+09    2.35702       0.235702        22.2800       0.291316E+09   0.725318E+08   0.501005E+07   0.481575E+08    15.0835       -73.8172        12.3401               0           1        5979
          52    11.0439        9.74597        10.5364       -44.8760        21.3188       -31.8351       0.584884E+09    2.89408       0.289408        27.9000       0.532417E+09   0.501904E+08   0.227624E+07   0.306801E+08    72.6616        132.725       -8.10461               0           1        5725
          53    10.6693        8.62831        10.7201       -181.156        87.7106       -74.5750       0.469156E+09    2.16820       0.216820        21.1400       0.414776E+09   0.525055E+08   0.187393E+07   0.536143E+08    13.7613       -42.9914        20.7686               0           1        5607
          54    10.2786        8.34831        10.8549       -4.39763        99.9220       -79.1234       0.430680E+09    2.54380       0.254380        24.6100       0.373207E+09   0.550025E+08   0.247010E+07   0.410460E+08   -47.6545       -87.0125        41.9647               0           1        5513
          55    9.81926        8.07462        10.6742       -2.88911        132.431       -44.3441       0.460550E+09    2.70227       0.270227        25.4600       0.429409E+09   0.300582E+08   0.108292E+07   0.387157E+08   -119.876       -130.042        13.5538               0           1        5480
          56    9.84896        8.55581        11.4438       -23.9140        81.7412       -81.4417       0.504835E+09    2.73434       0.273435        25.7000       0.459505E+09   0.444694E+08    860453.       0.375662E+08   -115.207       -54.3897        134.551               0           1        5380
          57    10.6654        8.90076        10.6209       -112.639        61.4598       -64.2919       0.564442E+09    2.74299       0.274299        25.8700       0.504732E+09   0.580325E+08   0.167765E+07   0.430533E+08    13.1592      -0.157218        5.16934               0           1        5353
          58    10.6260        8.80665        10.6314       -34.7353        80.1410       -51.7917       0.480585E+09    2.57210       0.257210        24.4600       0.409289E+09   0.698151E+08   0.148026E+07   0.400709E+08    6.96163       -14.9530        6.83114               0           1        5287
          59    10.6622        8.62858        10.7025       -118.635        66.5571       -100.854       0.521263E+09    1.84119       0.184119        18.5500       0.467486E+09   0.492160E+08   0.456124E+07   0.823724E+08    12.6435       -42.9489        18.0015               0           1        5250
          60    10.9396        9.48889        10.6282       -83.4950       -14.9828       -52.1561       0.193860E+10    2.31551       0.231552        24.5100       0.178233E+10   0.132572E+09   0.236988E+08   0.788007E+09    56.2638        92.3076        6.32647               0           1        5114
          61    10.6989        7.99323        10.5744       -54.8841        123.812      -0.667718       0.674774E+09    3.09768       0.309768        32.3400       0.630187E+09   0.432424E+08   0.134417E+07   0.256036E+08    18.4197       -142.838       -2.13660               0           1        5091
          62    10.7354        9.19664        10.4037       -31.1395        36.9082        8.87337       0.328452E+09    2.39082       0.239082        22.5300       0.305949E+09   0.216814E+08    821574.       0.580792E+08    24.1535        46.3606       -28.9706               0           1        4983
          63    10.6222        8.69460        10.6949        12.7076        85.8505       -57.0973       0.352626E+09    2.40529       0.240529        22.6200       0.315177E+09   0.368917E+08    557761.       0.202626E+08    6.36263       -32.5694        16.8145               0           1        4879
          64    10.5780        8.40632        10.7224       -38.6651        116.689       -52.1695       0.282926E+09    2.21034       0.221034        22.1700       0.247835E+09   0.343913E+08    699787.       0.294866E+08  -0.589569       -77.8923        21.1349               0           1        4869
          65    10.1150        8.44823        11.0201        27.2470        87.6647       -52.8731       0.706783E+09    2.85069       0.285069        26.8000       0.592110E+09   0.113260E+09   0.141292E+07   0.390681E+08   -73.3817       -71.3033        67.9388               0           1        4868
          66    10.5211        8.57875        11.0340       -35.3459        98.7373       -115.513       0.459613E+09    2.69771       0.269771        25.3700       0.438388E+09   0.189597E+08   0.226510E+07   0.410592E+08   -9.53058       -50.7831        70.1304               0           1        4792
          67    10.7009        8.61603        10.7127       -196.316        101.107       -33.6888       0.467352E+09    2.18597       0.218597        21.1500       0.400144E+09   0.660238E+08   0.118446E+07   0.382544E+08    18.7294       -44.9220        19.6051               0           1        4717
          68    10.7267        7.95116        10.6898       -84.3600        116.014       -40.6638       0.445218E+09    2.58719       0.258719        24.3200       0.379692E+09   0.637917E+08   0.173402E+07   0.380770E+08    22.7841       -149.452        16.0111               0           1        4716
          69    10.6020        8.34598        10.7113       -80.9020        144.878       -16.2955       0.377741E+09    2.48578       0.248578        23.3600       0.350926E+09   0.258014E+08   0.101310E+07   0.248257E+08    3.18996       -87.3788        19.3945               0           1        4696
          70    10.2553        8.20257        10.4523       -5.61179        104.154       -3.68725       0.474642E+09    2.74063       0.274063        25.9900       0.444290E+09   0.294100E+08    941190.       0.117995E+08   -51.3255       -109.926       -21.3298               0           1        4659
          71    10.6688        7.78293        10.8296       -41.8446        120.138       -70.5508       0.544680E+09    2.88543       0.288543        28.7600       0.526348E+09   0.154240E+08   0.290788E+07   0.565307E+08    13.6890       -175.901        37.9871               0           1        4549
          72    11.0419        8.19621        10.5696       -111.065        75.9395       -34.4929       0.359589E+09    2.50481       0.250481        24.4600       0.346271E+09   0.123756E+08    942710.       0.392386E+08    72.3425       -110.925       -2.89282               0           1        4546
          73    10.5996        8.82702        10.4445       -54.9632        89.4159        29.5475       0.543321E+09    2.86012       0.286012        26.8800       0.521941E+09   0.202181E+08   0.116098E+07   0.456862E+08    2.80792       -11.7505       -22.5546               0           1        4532
          74    10.6905        8.66172        10.7224       -49.2743        69.6169       -69.5260       0.247418E+09    1.87656       0.187656        18.8200       0.224473E+09   0.222609E+08    684283.       0.236811E+08    17.0991       -37.7387        21.1270               0           1        4377
          75    10.9783        9.05765        10.8035       -96.7563        94.2991       -77.7397       0.280509E+09    2.23046       0.223046        21.1300       0.248001E+09   0.309673E+08   0.154084E+07   0.651660E+08    62.3465        24.5088        33.8900               0           1        4369
          76    10.2192        9.18579        10.5367        33.6298        49.9636       -40.5376       0.406923E+09    2.62885       0.262885        24.7700       0.393161E+09   0.123732E+08   0.138985E+07   0.330361E+08   -56.9901        44.6547       -8.05587               0           1        4366
          77    9.82866        8.61101        11.5059       -9.73408        57.2677       -79.9966       0.345456E+09    2.46157       0.246157        24.3700       0.318253E+09   0.264041E+08    798958.       0.284848E+08   -118.398       -45.7113        144.311               0           1        4288
          78    10.1539        8.44365        10.8932        17.0251        51.2040       -32.4328       0.230442E+09    2.05579       0.205579        19.3200       0.207762E+09   0.219406E+08    739019.       0.187151E+08   -67.2612       -72.0233        47.9878               0           1        4271
          79    10.0223        8.44585        11.1916        31.5892        82.5879       -126.973       0.777853E+09    3.14893       0.314893        29.7500       0.694952E+09   0.799249E+08   0.297580E+07   0.917700E+08   -87.9511       -71.6774        94.8986               0           1        4237
          80    10.8661        8.24536        10.5977       -104.050        106.417       -20.3636       0.300545E+09    2.31489       0.231489        22.5200       0.283169E+09   0.168528E+08    523720.       0.221172E+08    44.7129       -103.198        1.52659               0           1        4186
          81    10.9262        9.38159        10.7840       -41.5208        71.0110       -84.7047       0.272968E+09    2.19194       0.219194        20.6000       0.237526E+09   0.348959E+08    546509.       0.195584E+08    54.1555        75.4381        30.8258               0           1        4114
          82    10.6966        8.43168        10.6914       -118.823        131.009        22.1220       0.495635E+09    2.40356       0.240356        22.5900       0.470229E+09   0.245139E+08    891208.       0.193111E+08    18.0597       -73.9052        16.2580               0           1        4105
          83    10.9796        9.50506        10.6873       -30.1994        21.1763       -79.2882       0.370916E+09    2.43862       0.243862        23.5500       0.349679E+09   0.201417E+08   0.109533E+07   0.346388E+08    62.5446        94.8499        15.6102               0           1        4099
          84    9.94169        8.86105        11.4870       -28.6275        45.8554       -75.1915       0.305359E+09    2.35733       0.235734        22.5200       0.286993E+09   0.175933E+08    772595.       0.583775E+08   -100.628       -6.40036        141.336               0           1        4031
          85    10.4410        9.24957        10.8508       -4.86194        31.8582       -84.9666       0.391164E+09    2.58153       0.258153        25.4600       0.362898E+09   0.279511E+08    315051.       0.163175E+08   -22.1301        54.6821        41.3170               0           1        3998
          86    11.0520        9.55451        10.8317       -52.0319        41.8788       -43.9939       0.306810E+09    2.31300       0.231300        21.7400       0.276185E+09   0.299003E+08    724373.       0.274120E+08    73.9335        102.624        38.3204               0           1        3966
          87    11.0760        9.81964        10.4851       -54.9638        24.4346       -11.2362       0.357492E+09    2.41786       0.241786        22.7400       0.313680E+09   0.433069E+08    505127.       0.204166E+08    77.7146        144.308       -16.1778               0           1        3859
          88    10.5012        8.02120        10.8017       -37.9931        147.592       -98.3227       0.267931E+09    2.20310       0.220310        20.7100       0.246172E+09   0.213056E+08    453329.       0.373793E+08   -12.6624       -138.440        33.6039               0           1        3811
          89    10.5629        8.59064        10.7561        4.27489        69.1304       -104.579       0.420790E+09    2.57964       0.257964        25.2600       0.381854E+09   0.381905E+08    745354.       0.144640E+08   -2.96671       -48.9138        26.4300               0           1        3749
          90    11.0834        7.96724        10.5494       -83.9675        94.2489       -20.3359       0.244550E+09    2.12104       0.212104        19.9400       0.214580E+09   0.296991E+08    271478.       0.130901E+08    78.8765       -146.924       -6.06863               0           1        3626
          91    11.0062        8.05465        10.5590       -86.7446        104.305       -32.8849       0.244832E+09    2.16254       0.216254        20.3300       0.225720E+09   0.185771E+08    535113.       0.217866E+08    66.7298       -133.181       -4.55619               0           1        3616
          92    10.7241        9.08203        10.5757       -76.6098        84.6027       0.864524       0.114453E+10    2.17779       0.217779        21.9000       0.109311E+10   0.445813E+08   0.684023E+07   0.155912E+09    22.3738        28.3418       -1.92121               0           1        3609
          93    10.1917        9.36475        10.4488        8.93932        37.3810       -40.3520       0.379291E+09    2.57147       0.257147        25.7300       0.361651E+09   0.172457E+08    394156.       0.256756E+08   -61.3152        72.7906       -21.8848               0           1        3600
          94    10.5938        8.37001        10.7263       -57.4276        132.119       -13.7416       0.361278E+09    2.38280       0.238280        22.6700       0.325652E+09   0.351950E+08    430301.       0.100938E+08    1.90077       -83.6009        21.7465               0           1        3599
          95    10.4704        8.10098        10.7624       -46.0417        150.945       -122.290       0.226872E+09    1.96476       0.196476        18.4900       0.203689E+09   0.219606E+08   0.122279E+07   0.130206E+08   -17.5031       -125.897        27.4157               0           1        3580
          96    10.9453        9.43134        10.7294       -44.0152        46.5968       -72.0282       0.442262E+09    2.62539       0.262539        27.8100       0.393410E+09   0.475047E+08   0.134758E+07   0.246792E+08    57.1583        83.2597        22.2417               0           1        3552
          97    10.6821        8.02361        10.4842       -52.3354        108.838        21.1122       0.349602E+09    2.48547       0.248547        23.3600       0.340368E+09   0.863140E+07    602956.       0.272398E+08    15.7832       -138.061       -16.3098               0           1        3547
          98    9.81185        8.34141        10.6652        34.9883        56.4267       -54.4064       0.447233E+09    2.65322       0.265322        25.1400       0.417686E+09   0.286732E+08    873488.       0.146009E+08   -121.041       -88.0973        12.1467               0           1        3506
          99    10.2807        9.21489        10.5649        20.1644        36.6478       -47.3896       0.253441E+09    2.20122       0.220122        20.7000       0.236112E+09   0.170189E+08    309772.       0.879583E+07   -47.3337        49.2298       -3.63332               0           1        3486
         100    10.6090        8.43026        10.7114       -41.6625        110.364       -58.7253       0.249708E+09    2.01350       0.201350        18.9700       0.212917E+09   0.359281E+08    862553.       0.178880E+08    4.27791       -74.1285        19.4118               0           1        3342
         101    10.6526        8.93161        10.5863       -99.0812        99.3007        13.0718       0.209790E+09    1.91791       0.191791        18.0800       0.204354E+09   0.462108E+07    814873.       0.203129E+08    11.1358        4.69297      -0.256266               0           1        3293
         102    10.3838        8.09849        10.7540        11.1625        160.669       -29.6599       0.248262E+09    2.13739       0.213739        20.0900       0.232538E+09   0.147548E+08    969433.       0.103832E+08   -31.1245       -126.289        26.0967               0           1        3280
         103    10.7215        8.93404        10.9207       -57.0069        60.6132       -114.754       0.300848E+09    2.30907       0.230907        23.0800       0.270033E+09   0.296369E+08   0.117861E+07   0.263664E+08    21.9697        5.07501        52.3081               0           1        3261
         104    10.0951        8.45023        11.0236        26.6403        46.5917       -63.6164       0.383681E+09    2.31677       0.231677        21.7900       0.334132E+09   0.485987E+08    949773.       0.172913E+08   -76.5056       -70.9888        68.4922               0           1        3186
         105    10.6928        7.96155        10.4885       -29.4411        152.153        10.5572       0.695582E+09    3.07095       0.307095        29.0300       0.628940E+09   0.646699E+08   0.197155E+07   0.339509E+08    17.4607       -147.818       -15.6401               0           1        3167
         106    10.7487        9.34985        10.2957       -54.7526        27.6013       -13.3776       0.254535E+09    2.28077       0.228077        21.6900       0.252823E+09    195298.       0.151674E+07   0.368205E+08    26.2508        70.4480       -45.9455               0           1        3152
         107    10.5798        9.06712        11.3154       -17.7135        62.0509       -93.2017       0.314108E+09    2.40277       0.240277        22.5800       0.306614E+09   0.700916E+07    485247.       0.477365E+08  -0.300287        25.9976        114.372               0           1        3062
         108    10.6317        7.87235        10.8090       -48.0131        127.682       -75.7377       0.221503E+09    2.04604       0.204604        19.2400       0.194211E+09   0.265828E+08    708919.       0.144249E+08    7.85149       -161.842        34.7437               0           1        3051
         109    10.5655        8.01992        10.7890       -51.9362        157.987       -61.1293       0.208202E+09    2.02450       0.202450        19.0300       0.191135E+09   0.165204E+08    546556.       0.358528E+08   -2.55952       -138.641        31.6135               0           1        3027
         110    10.6910        7.97153        10.4789       -49.4059        127.666        34.1775       0.388975E+09    2.27087       0.227087        22.0100       0.371212E+09   0.160324E+08   0.173032E+07   0.254786E+08    17.1745       -146.249       -17.1447               0           1        3024
         111    10.6642        8.73837        10.6818       -86.1943        17.5217       -64.4630       0.218237E+09    1.83191       0.183191        18.1500       0.176669E+09   0.410000E+08    568550.       0.328104E+08    12.9674       -25.6879        14.7471               0           1        3002
         112    10.6751        8.42950        10.6936       -119.082        174.746       -43.4000       0.299503E+09    2.00139       0.200139        19.4000       0.266791E+09   0.310503E+08   0.166224E+07   0.453351E+08    14.6716       -74.2480        16.6054               0           1        2945
         113    10.0245        8.44671        11.1786        13.8064        96.5493       -95.3282       0.279692E+09    1.86194       0.186194        17.5400       0.246422E+09   0.321142E+08   0.115653E+07   0.355476E+08   -87.6052       -71.5422        92.8611               0           1        2934
         114    10.7567        9.15701        10.4920       -64.9601        31.9840        24.3579       0.436183E+09    2.55810       0.255810        24.0800       0.392412E+09   0.433352E+08    435235.       0.884186E+07    27.5006        40.1300       -15.0820               0           1        2914
         115    10.2386        8.30538        10.8861       -8.74869        137.896       -86.1059       0.468507E+09    2.55417       0.255417        24.0100       0.389004E+09   0.768421E+08   0.266193E+07   0.183872E+08   -53.9416       -93.7619        46.8762               0           1        2893
         116    10.6056        8.83487        10.6332       -31.6257        75.1682       -23.4707       0.380029E+09    2.29272       0.229272        22.5900       0.369549E+09   0.970123E+07    778784.       0.189936E+08    3.74494       -10.5163        7.11256               0           1        2885
         117    10.5120        8.67825        10.3459       -25.2414        106.434        30.3797       0.216443E+09    2.07670       0.207670        19.5500       0.197287E+09   0.188499E+08    305950.       0.133606E+08   -10.9691       -35.1399       -38.0657               0           1        2870
         118    10.6387        8.79104        10.6184       -4.44125        86.1706       -76.8293       0.208826E+09    1.93662       0.193662        18.9200       0.185232E+09   0.233270E+08    266931.       0.229448E+07    8.95516       -17.4072        4.78258               0           1        2852
         119    10.8215        9.30919        10.5866        6.42925        31.1089       -54.7727       0.134384E+09    1.78915       0.178915        16.8500       0.130028E+09   0.380187E+07    553891.       0.864648E+07    37.6963        64.0555      -0.220106               0           1        2845
         120    11.0575        9.49166        10.8777       -33.3062        21.1741       -76.9275       0.272197E+09    2.16459       0.216459        20.3600       0.259474E+09   0.120202E+08    702225.       0.157151E+08    74.7982        92.7431        45.5493               0           1        2842
         121    10.6715        8.58030        10.7082       -10.0900        144.434        29.1050       0.832270E+09    1.70063       0.170063        17.9300       0.807278E+09   0.132426E+08   0.117502E+08   0.272379E+09    14.1072       -50.5394        18.9008               0           1        2827
         122    10.0972        8.45952        10.9938        37.5329        37.5355       -44.7544       0.718237E+09    2.83135       0.283135        26.8100       0.614640E+09   0.102165E+09   0.143246E+07   0.263706E+08   -76.1849       -69.5283        63.8102               0           1        2805
         123    9.82018        8.33013        10.6895        8.38621        74.6669       -58.0815       0.146961E+09    1.67642       0.167642        15.7600       0.119802E+09   0.265696E+08    588987.       0.785844E+07   -119.731       -89.8708        15.9561               0           1        2756
         124    10.6388        8.95306        10.5992       -54.4248        31.6118       -6.80877       0.148529E+09    1.63240       0.163240        15.3600       0.133021E+09   0.151095E+08    398178.       0.248265E+08    8.97245        8.06530        1.76085               0           1        2742
         125    10.3902        9.13893        10.6760        39.2951        38.6583       -75.3016       0.203876E+09    2.04101       0.204101        19.2400       0.195624E+09   0.781539E+07    436056.       0.117700E+08   -30.1215        37.2875        13.8399               0           1        2742
         126    10.7296        8.60183        10.6990       -183.046        114.185       -23.8111       0.165493E+09    1.79151       0.179151        17.3300       0.141501E+09   0.230350E+08    956430.       0.349732E+08    23.2416       -47.1545        17.4607               0           1        2715
         127    9.63420        9.27642        11.2237        9.32420        39.6109       -58.3711       0.262317E+09    2.25278       0.225278        22.7600       0.241433E+09   0.204553E+08    428034.       0.101774E+08   -148.971        58.9034        99.9500               0           1        2704
         128    10.1662        8.22241        10.9086        17.2975        145.099       -78.8428       0.238944E+09    2.10673       0.210673        19.8000       0.207430E+09   0.308455E+08    668844.       0.595568E+07   -65.3353       -106.806        50.4105               0           1        2697
         129    10.6018        8.94699        10.5890        24.1772      -0.829455       -156.102       0.527416E+09    1.70441       0.170441        17.5900       0.465906E+09   0.586932E+08   0.281652E+07   0.242083E+08    3.15066        7.11099       0.160363               0           0        2652
         130    10.2018        8.46165        11.0295       -50.9633        43.7321       -81.5309       0.159588E+09    1.75723       0.175723        16.5300       0.141086E+09   0.182243E+08    277948.       0.112624E+08   -59.7399       -69.1934        69.4135               0           1        2636
         131    9.83069        8.53917        11.4758        20.8939        90.8038       -64.8599       0.515687E+09    2.67869       0.267869        25.2100       0.455763E+09   0.591865E+08    737236.       0.133307E+08   -118.079       -57.0058        139.580               0           1        2623
         132    10.6545        8.77966        10.6493       -59.3159        54.8024       -63.9594       0.302120E+09    2.22370       0.222370        21.7100       0.262634E+09   0.390487E+08    438159.       0.722279E+07    11.4392       -19.1964        9.64220               0           1        2614
         133    10.0978        8.44678        11.0852        17.3944        55.6925       -79.8658       0.491411E+09    2.25766       0.225766        21.8400       0.421095E+09   0.683088E+08   0.200713E+07   0.236244E+08   -76.0811       -71.5312        78.1674               0           1        2608
         134    10.0733        8.31980        11.1637       -2.49210        122.884       -110.740       0.336838E+09    2.36425       0.236425        23.0900       0.286827E+09   0.496918E+08    319977.       0.866886E+07   -79.9408       -91.4948        90.5201               0           1        2591
         135    10.5563        8.86761        10.4710       -13.2018        47.7003        31.5538       0.143364E+09    1.76918       0.176918        16.6300       0.136097E+09   0.709306E+07    173826.       0.951277E+07   -3.99964       -5.36901       -18.3867               0           1        2582
         136    10.4875        8.84765        10.5537        68.2297        58.9320       -12.4493       0.357871E+09    2.43422       0.243422        23.2400       0.331805E+09   0.257722E+08    294412.       0.181594E+08   -14.8210       -8.50709       -5.38473               0           1        2581
         137    10.6761        8.58209        10.6978       -56.5253        96.4476       -109.477       0.879421E+09    1.48776       0.148776        17.1000       0.847596E+09   0.146555E+08   0.171695E+08   0.471041E+09    14.8430       -50.2580        17.2642               0           1        2537
         138    10.8392        8.50605        10.6562       -131.551        108.190       -24.7760       0.173218E+09    1.99196       0.199196        18.7400       0.166443E+09   0.607516E+07    700594.       0.218059E+08    40.4790       -62.2129        10.7254               0           1        2497
         139    9.96267        8.15233        11.4089       -6.85152        97.1104       -81.6989       0.122886E+09    1.75472       0.175472        16.9100       0.118971E+09   0.329046E+07    624991.       0.160408E+08   -97.3292       -117.824        129.065               0           1        2451
         140    10.7855        8.32507        10.6418       -88.6081        125.164       -2.87702       0.143395E+09    1.83144       0.183144        17.3900       0.136679E+09   0.601124E+07    704010.       0.643964E+07    32.0380       -90.6663        8.45678               0           1        2446
         141    10.7308        9.34869        10.2221       -28.4375        53.5973        9.07760       0.296424E+09    2.28014       0.228014        21.4300       0.267871E+09   0.279872E+08    565699.       0.795591E+07    23.4287        70.2656       -57.5215               0           1        2431
         142    10.4671        8.14861        10.7381       -75.1508        106.815       -85.6703       0.298588E+09    1.72123       0.172123        18.1700       0.296388E+09   0.184300E+07    357334.       0.483981E+07   -18.0204       -118.409        23.6095               0           1        2418
         143    10.4393        9.05128        10.6265        35.6373        28.5917       -53.1547       0.153049E+09    1.84889       0.184889        18.4800       0.139506E+09   0.131927E+08    350812.       0.565464E+07   -22.3895        23.5073        6.05920               0           1        2417
         144    11.0401        9.47697        10.8720       -20.4202        48.9473       -80.1696       0.531625E+09    2.63671       0.263671        24.8200       0.484446E+09   0.462766E+08    902188.       0.138756E+08    72.0642        90.4336        44.6516               0           1        2399
         145    10.5389        8.17360        10.7281       -97.4665        134.955       -51.1189       0.171817E+09    1.92939       0.192939        18.1500       0.159376E+09   0.116645E+08    776779.       0.324254E+08   -6.73052       -114.480        22.0247               0           1        2392
         146    10.5571        8.60311        10.4461       -46.6038        100.296        25.1969       0.189103E+09    1.99259       0.199259        18.8200       0.177251E+09   0.114939E+08    358398.       0.152341E+08   -3.87858       -46.9533       -22.3030               0           1        2348
         147    10.4952        8.29531        10.7510       -6.84127        95.1298       -67.8041       0.160054E+09    1.86288       0.186288        18.2800       0.157713E+09   0.193943E+07    401200.       0.137836E+08   -13.6041       -95.3451        25.6329               0           1        2343
         148    10.0873        9.05058        11.2797        2.33369        34.8079       -73.8648       0.146892E+09    1.87342       0.187342        17.6700       0.142416E+09   0.428131E+07    195180.       0.223089E+08   -77.7382        23.3972        108.748               0           1        2343
         149    10.5411        8.05332        10.7536       -52.9355        140.239       -67.6792       0.144687E+09    1.82594       0.182594        17.7700       0.133936E+09   0.100079E+08    743092.       0.852936E+07   -6.38621       -133.390        26.0322               0           1        2330
         150    10.3422        8.88946        10.1613       -12.3595        63.5507       -6.03012       0.181750E+09    2.01491       0.201491        19.7100       0.175172E+09   0.642540E+07    151949.       0.739802E+07   -37.6601       -1.93379       -67.0757               0           1        2299
         151    10.6832        8.97556        10.5787       -34.4667        18.8768       -58.7192       0.273149E+09    1.53351       0.153351        15.7900       0.250246E+09   0.217345E+08   0.116818E+07   0.133109E+08    15.9467        11.6027       -1.46370               0           1        2244
         152    10.5234        8.66708        11.1405       -26.4757        57.4901       -127.948       0.137101E+09    1.78097       0.178097        16.7600       0.133769E+09   0.220669E+07   0.112474E+07   0.231789E+08   -9.17684       -36.8960        86.8695               0           1        2244
         153    10.8950        9.32391        10.7518       -27.1109        75.9220       -77.1205       0.199666E+09    2.02230       0.202230        20.6500       0.186812E+09   0.115815E+08   0.127246E+07   0.989635E+07    49.2581        66.3698        25.7524               0           1        2220
         154    10.9501        9.39921        10.7394       -37.9997        67.5585       -69.5391       0.155578E+09    1.84543       0.184543        17.3800       0.147072E+09   0.812697E+07    379201.       0.115706E+08    57.9130        78.2083        23.8060               0           1        2191
         155    10.7503        9.33110        10.2806       -42.4818        46.1122      -0.261725       0.199622E+09    2.00627       0.200627        19.7700       0.188059E+09   0.112420E+08    320921.       0.103703E+08    26.5070        67.5002       -48.3305               0           1        2186
         156    10.5873        8.39986        10.8598       -79.6403        121.894       -120.551       0.312415E+09    2.38328       0.238328        23.4600       0.289903E+09   0.219296E+08    582526.       0.122758E+08   0.872562       -78.9079        42.7335               0           1        2180
         157    10.7214        7.88600        10.7261       -77.3129        109.116       -57.3189       0.120814E+09    1.68931       0.168931        15.8800       0.114315E+09   0.611121E+07    387423.       0.741653E+07    21.9556       -159.696        21.7087               0           1        2158
         158    10.6197        8.70623        10.6716        31.8391        65.1173       -57.1090       0.198422E+09    1.96665       0.196665        18.5100       0.176087E+09   0.220724E+08    262726.       0.105000E+08    5.96015       -30.7409        13.1560               0           1        2148
         159    10.5296        8.72290        11.1875       -37.6360        59.9862       -108.461       0.117028E+09    1.67249       0.167249        15.7300       0.108495E+09   0.828167E+07    250820.       0.531347E+07   -8.19108       -28.1201        94.2619               0           1        2114
         160    10.5838        8.88758        10.5966        64.0738        152.563        19.2014       0.533052E+09    1.67139       0.167139        18.2500       0.521443E+09   0.905590E+07   0.255270E+07   0.431427E+08   0.317581       -2.22936        1.36151               0           0        2111
         161    10.0446        8.29474        11.1437        40.1606        108.523       -85.7758       0.218274E+09    2.15845       0.215845        20.6400       0.207513E+09   0.105994E+08    161510.       0.807471E+07   -84.4436       -95.4347        87.3647               0           1        2099
         162    9.71757        8.12301        10.6553        13.3760        108.119       -64.6555       0.115038E+09    1.67988       0.167988        15.9000       0.107664E+09   0.679156E+07    582411.       0.871372E+07   -135.863       -122.434        10.5839               0           1        2094
         163    10.7015        9.01841        10.5788       -129.558        41.0042        11.9400       0.312643E+09    1.80597       0.180597        17.0700       0.269950E+09   0.413666E+08   0.132668E+07   0.274436E+08    18.8363        18.3395       -1.43855               0           1        2089
         164    10.1026        8.44992        10.9673        19.4977        57.9339       -15.0256       0.179555E+09    1.77343       0.177343        16.9300       0.156466E+09   0.228436E+08    245024.       0.732969E+07   -75.3328       -71.0376        59.6361               0           1        2061
         165    10.5813        8.77176        10.6155        4.40966        66.4732       -75.0269       0.124170E+09    1.69183       0.169183        16.6200       0.113899E+09   0.101406E+08    129528.       0.304278E+07  -0.676039E-01   -20.4384        4.32822               0           1        2043
         166    11.0576        9.80370        10.5040       -57.0278        28.5563       -31.0884       0.203496E+09    1.92687       0.192687        19.1600       0.175588E+09   0.268699E+08   0.103785E+07   0.187143E+08    74.8108        141.802       -13.2063               0           1        2041
         167    10.0322        8.44125        11.1929       -12.3836        84.2568       -119.055       0.367125E+09    1.89574       0.189574        18.3400       0.315426E+09   0.499227E+08   0.177645E+07   0.442792E+08   -86.3931       -72.4006        95.1046               0           1        2028
         168    10.7467        8.83484        10.2130       -90.9793        91.6486        18.7285       0.177722E+09    1.95973       0.195973        18.4300       0.164115E+09   0.134265E+08    181091.       0.369113E+07    25.9410       -10.5211       -58.9585               0           1        2014
         169    10.4783        8.06046        10.7940       -14.1117        147.802       -110.992       0.165706E+09    1.69387       0.169387        16.2300       0.125954E+09   0.397005E+08    50996.3       0.109087E+07   -16.2658       -132.268        32.3980               0           1        1977
         170    10.6052        8.83648        10.6284       -74.2609        100.227        8.24569       0.289227E+09    1.71651       0.171651        16.6000       0.287242E+09   0.123722E+07    747335.       0.187706E+08    3.68520       -10.2632        6.35162               0           1        1965
         171    10.8742        9.39026        10.5843       -40.5264        104.944        17.5930       0.552586E+09    1.57109       0.157109        15.5900       0.534329E+09   0.139901E+08   0.426687E+07   0.612314E+08    45.9864        76.8012      -0.572275               0           1        1962
         172    10.7381        9.15755        10.4415        1.79217        37.8955       -1.87841       0.188483E+09    1.79811       0.179811        16.9300       0.166609E+09   0.217730E+08    101028.       0.470278E+07    24.5827        40.2149       -23.0231               0           1        1955
         173    10.7921        9.26889        10.6057        3.11370        30.0464       -50.0475       0.142308E+09    1.78585       0.178585        16.8400       0.125456E+09   0.166797E+08    172954.       0.627471E+07    33.0788        57.7196        2.78434               0           1        1949
         174    10.7181        7.96316        10.6026       -49.7057        135.046       -14.0622       0.161355E+09    1.84653       0.184653        17.4300       0.143497E+09   0.176552E+08    202931.       0.329685E+07    21.4462       -147.565        2.30639               0           1        1925
         175    10.6469        8.11918        10.4455       -60.6730        109.318        23.3665       0.133724E+09    1.80644       0.180644        18.6800       0.126703E+09   0.684567E+07    175349.       0.849425E+07    10.2491       -123.036       -22.4005               0           1        1914
         176    10.2363        8.24239        10.7101        24.5934        117.037       -28.4362       0.155742E+09    1.88065       0.188065        17.6900       0.144910E+09   0.106395E+08    192977.       0.846484E+07   -54.3158       -103.665        19.1964               0           1        1912
         177    10.7343        9.35648        10.2105       -57.4673        36.4895        14.0340       0.199392E+09    1.78050       0.178050        16.9800       0.179163E+09   0.200430E+08    186417.       0.573978E+07    23.9868        71.4904       -59.3389               0           1        1902
         178    10.9633        9.77712        10.6319       -5.96310        9.19831       -51.8967       0.145600E+09    1.84417       0.184417        17.3600       0.135266E+09   0.102050E+08    129219.       0.829809E+07    59.9883        137.623        6.91289               0           1        1875
         179    10.6262        8.05950        10.7402       -80.1173        123.333       -57.0105       0.126608E+09    1.76384       0.176384        17.6300       0.113484E+09   0.123989E+08    725805.       0.189045E+08    6.99307       -132.419        23.9271               0           1        1852
         180    10.4059        9.19639        10.7817        19.6813        33.1861       -75.7741       0.185164E+09    1.95894       0.195894        18.4100       0.168604E+09   0.162945E+08    265234.       0.127420E+08   -27.6406        46.3213        30.4611               0           1        1836
         181    10.5339        8.64514        10.3989       -16.9690        103.334        20.4610       0.113960E+09    1.72249       0.172249        16.4200       0.113151E+09    279737.        529421.       0.670112E+07   -7.52133       -40.3454       -29.7237               0           1        1831
         182    10.4571        8.57913        10.6738       -2.35897        104.486       -23.7787       0.200519E+09    2.00941       0.200941        19.0700       0.184234E+09   0.161021E+08    182646.       0.667572E+07   -19.5878       -50.7234        13.4956               0           1        1803
         183    10.6912        9.11038        10.2849       -61.7108        65.5839        23.4178       0.128528E+09    1.75236       0.175236        16.4800       0.121132E+09   0.711750E+07    278169.       0.728786E+07    17.2091        32.7989       -47.6419               0           1        1796
         184    10.5292        8.52452        10.9187       -47.8401        94.2852       -124.979       0.124920E+09    1.70425       0.170425        16.4300       0.108745E+09   0.156821E+08    492797.       0.612989E+07   -8.26183       -59.3091        51.9984               0           1        1768
         185    10.7300        9.03325        10.6069       -115.540        19.9950        18.3759       0.128987E+09    1.68538       0.168538        16.7700       0.127950E+09    893610.        143457.       0.920750E+07    23.3013        20.6726        2.97772               0           1        1765
         186    10.5300        9.31810        11.2542       -10.6650        47.4129       -87.0171       0.135810E+09    1.83946       0.183946        18.3700       0.132938E+09   0.192691E+07    944670.       0.888460E+07   -8.14077        65.4563        104.748               0           1        1755
         187    10.7473        9.07763        10.6118       -34.9662        3.70502       -76.4496       0.146993E+09    1.71305       0.171305        16.1700       0.144162E+09   0.260062E+07    231140.       0.415793E+07    26.0228        27.6500        3.75123               0           1        1748
         188    10.9650        8.24276        11.5170       -62.4319        98.6259       -65.8870       0.171036E+09    1.95721       0.195721        18.6100       0.159625E+09   0.113225E+08    87893.7       0.256420E+07    60.2492       -103.607        146.062               0           1        1743
         189    10.4725        8.44219        10.7449       -21.4672        84.6955       -3.19322       0.150906E+09    1.79795       0.179795        17.4000       0.141335E+09   0.934482E+07    226152.       0.195062E+07   -17.1745       -72.2529        24.6691               0           1        1738
         190    10.8638        9.29966        10.5309       -99.4602        81.7988        1.96653       0.109870E+09    1.69010       0.169010        15.9000       0.106001E+09   0.365551E+07    213648.       0.647565E+07    44.3497        62.5572       -8.97560               0           1        1734
         191    10.1483        9.61009        10.8862        8.28414        33.7172       -73.4123       0.175887E+09    1.95486       0.195486        19.1200       0.160956E+09   0.146378E+08    293478.       0.407361E+07   -68.1526        111.363        46.8888               0           1        1720
         192    10.7053        7.99422        10.5681       -57.4247        110.548       -32.9773       0.376927E+09    1.62030       0.162029        15.9100       0.353670E+09   0.220819E+08   0.117509E+07   0.212865E+08    19.4275       -142.682       -3.12236               0           1        1717
         193    10.0834        8.46515        11.0053        55.0070        34.3306       -19.7765       0.191508E+09    1.72972       0.172972        16.9900       0.167856E+09   0.234090E+08    242537.       0.423992E+07   -78.3482       -68.6431        65.6135               0           1        1678
         194    10.6030        8.64024        10.7085        13.6685        80.8835       -86.3326       0.188599E+09    1.87986       0.187986        17.6900       0.161039E+09   0.271384E+08    422137.       0.567569E+07    3.34404       -41.1158        18.9511               0           1        1671
         195    10.3788        8.17333        10.6654       0.116330        143.081        3.70108       0.314863E+09    2.41771       0.241771        24.1200       0.300295E+09   0.140006E+08    567067.       0.715383E+07   -31.9138       -114.523        12.1781               0           1        1628
         196    10.0098        8.29219        10.9185        34.0510        98.5978       -63.4145       0.119947E+09    1.74497       0.174497        16.4200       0.113899E+09   0.592597E+07    121558.       0.517388E+07   -89.9148       -95.8356        51.9638               0           1        1617
         197    10.6675        8.88067        10.3469       -64.4095        73.6055        42.7168       0.247072E+09    2.00186       0.200186        19.2400       0.213166E+09   0.337662E+08    139813.       0.589422E+07    13.4815       -3.31574       -37.8959               0           1        1570
         198    10.6513        8.72789        10.7021       -84.6139        43.5113       -21.0335       0.176330E+09    1.69183       0.169183        16.3600       0.171431E+09   0.470321E+07    195346.       0.263782E+07    10.9424       -27.3356        17.9418               0           1        1551
         199    9.78049        8.35555        10.6467        4.37689        56.4162       -35.5470       0.193706E+09    1.92184       0.192184        18.7400       0.169768E+09   0.237442E+08    194000.       0.253235E+07   -125.971       -85.8743        9.23029               0           1        1541
         200    10.6715        7.83901        10.7899       -70.1260        105.986       -67.8580       0.128748E+09    1.72768       0.172767        16.5600       0.108828E+09   0.193285E+08    591228.       0.261493E+07    14.1151       -167.084        31.7471               0           1        1541
         201    10.9371        8.39203        10.6170       -126.936        101.358       -29.5000       0.118137E+09    1.71918       0.171919        16.1600       0.111821E+09   0.597978E+07    336327.       0.859766E+07    55.8770       -80.1389        4.56877               0           1        1501
         202    9.72964        8.83531        11.5584        6.63157        49.1672       -84.0400       0.296075E+09    2.30027       0.230026        21.6200       0.271114E+09   0.246604E+08    300434.       0.504911E+07   -133.966       -10.4472        152.568               0           1        1478
         203    9.73102        8.77168        11.3605        23.2153        47.6688       -69.1572       0.124551E+09    1.72877       0.172878        16.2900       0.113484E+09   0.108642E+08    202661.       0.339505E+07   -133.749       -20.4510        121.451               0           1        1474
         204    10.3835        8.16540        10.6641        1.65680        118.481        8.95822       0.248637E+09    1.82908       0.182908        17.6200       0.233868E+09   0.142379E+08    531357.       0.684449E+07   -31.1717       -115.769        11.9659               0           1        1470
         205    10.7332        7.94175        10.6539       -63.8809        137.263       -17.5238       0.125550E+09    1.63586       0.163586        15.4100       0.107165E+09   0.183487E+08    35578.7       0.185390E+07    23.8044       -150.931        10.3654               0           1        1453
         206    11.0529        9.74801        10.2946       -48.8493        59.1937       -3.23269       0.225139E+09    2.12701       0.212701        20.0500       0.217407E+09   0.731987E+07    412673.       0.637766E+07    74.0813        133.046       -46.1247               0           1        1452
         207    10.5742        8.77966        10.5051       -24.9342        113.937        17.2293       0.128786E+09    1.72830       0.172830        16.4000       0.112902E+09   0.157784E+08    105766.       0.177874E+07   -1.19014       -19.1964       -13.0224               0           1        1441
         208    10.6636        8.71862        10.6951       -18.4300        87.7317       -21.7783       0.307945E+09    1.68538       0.168538        16.7100       0.244676E+09   0.625997E+08    669260.       0.733508E+07    12.8762       -28.7930        16.8507               0           1        1436
         209    9.77520        8.82289        11.5100        5.21036        35.5310       -63.6093       0.126607E+09    1.70236       0.170236        16.2500       0.106417E+09   0.199649E+08    224999.        551534.       -126.803       -12.3998        144.966               0           1        1436
         210    9.91311        8.81468        11.4662       -26.2699        52.2530       -68.6879       0.173613E+09    1.91807       0.191807        18.5600       0.156965E+09   0.164024E+08    245698.       0.315967E+07   -105.121       -13.6906        138.077               0           1        1392
         211    10.7075        9.17680        10.3459       -43.5652        71.0149        42.1883       0.138946E+09    1.78569       0.178569        16.9800       0.128365E+09   0.996527E+07    615405.       0.373274E+07    19.7639        43.2414       -38.0657               0           1        1391
         212    11.0829        8.15947        10.5600       -120.409        98.4152       -16.1063       0.121773E+09    1.72453       0.172453        16.4500       0.110990E+09   0.102846E+08    498381.       0.171605E+07    78.7963       -116.702       -4.39583               0           1        1376
         213    10.4121        9.05263        11.1905      -0.101859        50.0009       -90.5570       0.110315E+09    1.70378       0.170378        17.7300       0.104837E+09   0.542196E+07    55997.5       0.136891E+07   -26.6705        23.7195        94.7241               0           1        1329
         214    10.2828        9.06888        9.93244       -20.9951        46.5351       -36.1740       0.150997E+09    1.89260       0.189260        19.3500       0.142582E+09   0.827444E+07    140927.       0.349821E+07   -46.9926        26.2743       -103.061               0           1        1273
         215    10.0667        8.06942        10.7196        4.41607        138.306       -37.1059       0.137740E+09    1.79151       0.179151        16.8400       0.125123E+09   0.125714E+08    45723.0        451530.       -80.9675       -130.859        20.6915               0           1        1264
         216    10.3537        8.32312        10.8183        20.5267        126.588       -53.9643       0.111527E+09    1.54562       0.154562        14.6200       0.107498E+09   0.392915E+07    100371.       0.163298E+07   -35.8599       -90.9729        36.2137               0           1        1250
         217    10.0678        8.35499        11.1567       -9.45120        100.429       -126.711       0.146084E+09    1.56181       0.156181        14.7900       0.130444E+09   0.154171E+08    223206.       0.122002E+08   -80.7977       -85.9623        89.4195               0           1        1231
         218    10.7604        7.68165        10.8051       -58.1500        114.647       -45.6251       0.113851E+09    1.69104       0.169104        16.0000       0.107747E+09   0.597649E+07    127503.       0.904524E+07    28.0855       -191.824        34.1384               0           1        1207
         219    10.2684        8.32686        10.8524        12.5912        97.2704       -92.9983       0.124392E+09    1.55599       0.155599        14.6600       0.115146E+09   0.901700E+07    228822.       0.738280E+07   -49.2675       -90.3849        41.5780               0           1        1172
         220    11.0754        9.57241        10.8375       -64.4215        24.9605       -48.1736       0.201181E+09    1.97970       0.197970        18.6200       0.191467E+09   0.881829E+07    894920.       0.965609E+07    77.6109        105.439        39.2339               0           1        1170
         221    10.7400        8.87736        10.7360       -54.2092        42.0837       -109.195       0.206639E+09    1.81918       0.181918        17.7600       0.176004E+09   0.302802E+08    354948.       0.124741E+07    24.8845       -3.83613        23.2762               0           1        1170
         222    10.4385        8.61124        10.6130        21.9279        97.9045       0.415161       0.108089E+09    1.70268       0.170268        17.0200       0.104172E+09   0.379653E+07    119899.       0.458694E+07   -22.5263       -45.6751        3.92889               0           1        1135
         223    9.80897        7.83363        10.8606        5.50417        117.375       -75.1267       0.134999E+09    1.80141       0.180141        17.0000       0.126869E+09   0.785117E+07    278516.       0.264529E+07   -121.494       -167.930        42.8593               0           1        1093
         224    10.5871        9.48897        10.2357       -22.9337        40.6692       -27.9117       0.129933E+09    1.74906       0.174906        16.8500       0.114066E+09   0.156299E+08    236933.       0.150017E+07   0.848979        92.3202       -55.3880               0           1        1023
         225    10.1454        8.29799        11.0130       -1.11466        153.011       -101.849       0.133353E+09    1.81021       0.181021        17.1800       0.131358E+09   0.131598E+07    678360.       0.666538E+07   -68.6085       -94.9238        66.8225               0           1         980
         226    10.4956        7.72515        11.0252       -39.9394        104.253       -87.6835       0.185676E+09    1.98520       0.198520        18.8200       0.170683E+09   0.148388E+08    154866.       0.135741E+07   -13.5381       -184.985        68.7485               0           1         859
         227    10.5217        8.58744        11.0420       -51.4061        88.8386       -96.3462       0.245607E+09    1.66447       0.166447        16.2500       0.244094E+09    7181.97       0.150572E+07   0.203630E+08   -9.43310       -49.4169        71.3819               0           1         816
         228    10.6920        7.97025        10.5005       -37.9536        137.989       -21.1076       0.182930E+09    1.61699       0.161699        15.2500       0.169186E+09   0.135869E+08    156834.       0.284651E+07    17.3318       -146.451       -13.7535               0           1         814
         230    11.0598        9.79974        10.4893       -50.0412        8.40978       -35.0179       0.126105E+09    1.72296       0.172296        16.5000       0.121631E+09   0.424846E+07    225029.       0.171321E+07    75.1551        141.179       -15.5159               0           1         788
