#          i      x              y              z              v_x            v_y            v_z            Mvir           Rvir     Rs (Rockstar)       v_max           Mdm           Mgas           Mstars    Avg age of stars     xc             yc             zc      flag DM only  flag outside Rvir  Np bound
# (h^-1 comoving Mpc) (h^-1 comoving Mpc) (h^-1 comoving Mpc) (km/s)         (km/s)         (km/s)         (Msun)         (kpc)         (kpc)           (km/s)         (Msun)         (Msun)         (Msun)         (yrs)          (kpc)          (kpc)          (kpc)
           1    10.5703        8.74467        10.6202       -82.3928        96.5158       -79.3914       0.344502E+11    13.2181        1.32181        101.870       0.302136E+11   0.368283E+10   0.553823E+09   0.361278E+10    0.00000        0.00000        0.00000               0           0      276681
           2    10.5881        8.96315        10.5432       -29.3085        18.0223       -39.1810       0.289470E+11    12.5387        1.25387        92.4500       0.263883E+11   0.230561E+10   0.253022E+09   0.316379E+10    3.30667        40.5865       -14.3041               0           1      200089
           3    10.6327        9.11261        10.5553       -88.5533        15.1634       -26.6227       0.802519E+10    8.10056       0.810056        59.3200       0.710893E+10   0.784302E+09   0.131954E+09   0.148800E+10    11.5993        68.3514       -12.0563               0           1       99009
           4    10.1309        8.51024        10.9415        3.52894        71.1901       -127.671       0.169316E+11    10.3561        1.03561        87.2000       0.148647E+11   0.186594E+10   0.201040E+09   0.112303E+10   -81.6319       -43.5495        59.7020               0           1       82719
           5    10.8823        9.52227        10.5819       -59.8095        29.2931       -35.7370       0.774254E+10    8.07400       0.807400        59.1300       0.703563E+10   0.649252E+09   0.576569E+08   0.870986E+09    57.9577        144.453       -7.10004               0           1       72254
           6    10.4018        8.50673        10.7110        23.6548        81.7462       -64.9951       0.119902E+11    9.27424       0.927424        73.0800       0.105019E+11   0.139813E+10   0.901118E+08   0.844375E+09   -31.2926       -44.2016        16.8789               0           1       71120
           7    10.4485        8.33374        10.6970       -47.5635        167.269       -86.9191       0.130935E+11    9.63909       0.963909        70.5800       0.120775E+11   0.905009E+09   0.110981E+09   0.223205E+10   -22.6209       -76.3375        14.2781               0           1       65926
           8    10.4377        8.36780        10.6905       -48.6360        106.101       -43.6019       0.488234E+10    6.00307       0.600307        45.0600       0.447554E+10   0.344481E+09   0.623216E+08   0.134285E+10   -24.6421       -70.0103        13.0688               0           1       58252
           9    10.8323        9.45161        10.5689       -47.6675        70.7193       -8.79523       0.511174E+10    6.83957       0.683957        50.0800       0.439336E+10   0.676118E+09   0.422617E+08   0.223291E+09    48.6656        131.327       -9.51502               0           1       40772
          10    10.1184        8.53157        10.9490       -22.6110        63.4995       -10.9558       0.729093E+10    4.95905       0.495905        40.7500       0.654067E+10   0.597790E+09   0.152469E+09   0.777453E+09   -83.9410       -39.5871        61.0841               0           1       32747
          11    10.1845        8.47990        10.8614       -7.76468        146.328       -84.6291       0.256739E+10    4.90109       0.490109        36.3100       0.237471E+10   0.172861E+09   0.198169E+08   0.240900E+09   -71.6766       -49.1857        44.8128               0           1       20803
          12    10.5721        8.86742        10.5485        60.2692        127.129       -36.7693       0.253212E+10    4.86673       0.486673        36.6900       0.218050E+10   0.340519E+09   0.111090E+08   0.204235E+09   0.328809        22.8030       -13.3084               0           1       20579
          13    10.5529        8.66239        10.6521       -85.6653        159.786       -69.5446       0.247402E+10    4.91243       0.491243        36.0100       0.215331E+10   0.283887E+09   0.368200E+08   0.383613E+09   -3.23793       -15.2850        5.92785               0           1       20463
          14    10.5574        8.95883        10.4198       -86.6725        81.2319        56.2627       0.206974E+10    5.17101       0.517101        38.1300       0.189158E+10   0.166246E+09   0.119122E+08   0.146175E+09   -2.39640        39.7840       -37.2204               0           1       18813
          15    10.4790        8.73595        10.9963       -32.7306        73.9573       -127.582       0.220000E+10    5.28600       0.528600        38.7100       0.197057E+10   0.215974E+09   0.134642E+08   0.141499E+09   -16.9606       -1.61989        69.8765               0           1       18218
          16    10.3746        8.50179        10.7121        59.8807        133.436       -89.0796       0.377050E+10    4.43147       0.443148        33.4900       0.336816E+10   0.377732E+09   0.246080E+08   0.253051E+09   -36.3510       -45.1193        17.0813               0           1       18048
          17    9.85904        8.34217        10.6456        15.5775        93.8764       -64.8350       0.170667E+10    4.93676       0.493676        36.1900       0.161430E+10   0.854341E+08   0.692991E+07   0.122053E+09   -132.129       -74.7715        4.72593               0           1       16871
          18    10.5329        8.61101        10.6453       -7.00057        108.439       -113.775       0.172853E+10    4.33525       0.433525        32.3100       0.152651E+10   0.193056E+09   0.895586E+07   0.139105E+09   -6.93842       -24.8297        4.66091               0           1       16610
          19    10.1326        8.51434        10.9380        56.6739        30.2923       -198.595       0.741359E+10    3.97170       0.397170        33.5500       0.665509E+10   0.580742E+09   0.177766E+09   0.735423E+09   -81.3198       -42.7879        59.0333               0           1       16133
          20    10.2826        8.36653        10.2716       -30.5141        129.681        8.39347       0.149704E+10    4.75304       0.475304        35.1300       0.141435E+10   0.767239E+08   0.596575E+07   0.110673E+09   -53.4398       -70.2462       -64.7605               0           1       15392
          21    9.80505        8.24105        10.6177        23.0027        103.188       -44.5944       0.228097E+10    5.43982       0.543982        40.1200       0.214291E+10   0.130751E+09   0.731091E+07   0.172249E+09   -142.159       -93.5563      -0.456989               0           1       14876
          22    10.4425        9.43651        10.4382        4.29713        24.4975       -41.2107       0.112841E+10    4.35271       0.435271        32.9900       0.109335E+10   0.302210E+08   0.483988E+07   0.148542E+09   -23.7337        128.522       -33.8023               0           1       14176
          23    10.8826        9.42774        10.8159       -27.5938        73.5934       -116.453       0.129317E+10    4.41011       0.441011        32.8900       0.118962E+10   0.984741E+08   0.507001E+07   0.114476E+09    58.0208        126.892        36.3547               0           1       13844
          24    10.5401        8.93017        10.5013       -23.3780        104.551        66.9392       0.219079E+10    4.82883       0.482883        36.9700       0.204040E+10   0.147161E+09   0.322380E+07   0.579005E+08   -5.61576        34.4599       -22.0766               0           1       13441
          25    10.5887        8.78546        10.5195       -122.194        118.453        62.1592       0.116581E+10    4.33543       0.433543        31.7500       0.110300E+10   0.586863E+08   0.412784E+07   0.117334E+09    3.41441        7.57747       -18.6938               0           1       13252
          26    10.0523        8.54631        11.0543        30.0549        89.7156       -133.853       0.119869E+10    4.29772       0.429772        31.8900       0.109917E+10   0.859250E+08   0.135974E+08   0.124211E+09   -96.2351       -36.8489        80.6399               0           1       13237
          27    9.75842        8.82598        11.2419        20.6148        69.3284       -53.6084       0.143823E+10    4.65718       0.465718        34.2200       0.132597E+10   0.107623E+09   0.463683E+07   0.873265E+08   -150.821        15.1048        115.507               0           1       13061
          28    9.88053        8.11513        11.4790       -17.9701        109.272       -96.2406       0.149865E+10    4.65328       0.465328        34.0700       0.139831E+10   0.932795E+08   0.706027E+07   0.984904E+08   -128.137       -116.948        159.535               0           1       12716
          29    10.6426        9.09937        10.4894       -90.2130        31.2236       -62.0155       0.122635E+10    4.00458       0.400458        29.3200       0.118065E+10   0.420956E+08   0.360634E+07   0.102592E+09    13.4384        65.8918       -24.2873               0           1       11888
          30    10.5209        8.91574        10.4254       -2.34659        102.255        60.8289       0.137721E+10    4.38726       0.438726        32.1300       0.121041E+10   0.162428E+09   0.437198E+07   0.570707E+08   -9.18064        31.7793       -36.1783               0           1       11871
          31    10.4438        9.13763        10.5762        45.0431        24.1369       -59.0365       0.814878E+09    3.84835       0.384835        28.3800       0.765120E+09   0.468203E+08   0.293750E+07   0.649257E+08   -23.5033        72.9993       -8.17750               0           1       11270
          32    10.5797        8.67060        10.6899       -106.292        174.297       -63.9729       0.527670E+09    3.24665       0.324665        24.2400       0.500991E+09   0.225643E+08   0.411532E+07   0.821312E+08    1.74993       -13.7598        12.9629               0           1       10498
          33    10.5911        8.75788        10.5863       -118.963       -11.9065       -154.392       0.107020E+10    3.46734       0.346734        27.8900       0.102194E+10   0.425820E+08   0.568352E+07   0.129528E+09    3.86211        2.45399       -6.28452               0           0       10313
          34    10.7916        9.45333        10.5730       -58.8438        38.7598       -16.5053       0.100601E+10    3.72760       0.372760        27.7800       0.954927E+09   0.475189E+08   0.356930E+07   0.558853E+08    41.1048        131.646       -8.77009               0           1        9882
          35    10.5370        8.54937        10.6683       -46.5626        147.926       -47.9148       0.416553E+09    2.84149       0.284149        21.0600       0.352838E+09   0.608938E+08   0.282081E+07   0.342707E+08   -6.19164       -36.2804        8.93914               0           1        9800
          36    10.9832        9.77222        10.5048       -63.1029        24.0319       -19.8963       0.105614E+10    4.05270       0.405270        29.6800       0.982695E+09   0.692083E+08   0.423506E+07   0.411993E+08    76.7035        190.886       -21.4339               0           1        9611
          37    9.81330        8.23161        10.6237       -11.8426        154.198       -54.6243       0.162795E+10    3.76903       0.376903        28.2600       0.152776E+10   0.929794E+08   0.720731E+07   0.165735E+09   -140.626       -95.3100       0.659475               0           1        9593
          38    11.0101        9.83652        10.4648       -55.4668        7.47241       -30.2031       0.131587E+10    4.39785       0.439785        33.0500       0.120509E+10   0.107383E+09   0.339756E+07   0.462343E+08    81.6932        202.831       -28.8702               0           1        9553
          39    9.82805        8.41838        10.6075        17.1295        71.4300       -57.5375       0.118822E+10    4.29159       0.429159        31.4200       0.109660E+10   0.872372E+08   0.438415E+07   0.305574E+08   -137.886       -60.6142       -2.35182               0           1        9497
          40    10.6442        8.13262        10.5055       -53.8337        162.490        33.2990       0.152510E+10    4.65533       0.465532        34.0900       0.139266E+10   0.129175E+09   0.326747E+07   0.627922E+08    13.7227       -113.699       -21.3094               0           1        9352
          41    10.1247        8.52881        10.9448        49.2528        102.803       -70.6018       0.356659E+10    2.97060       0.297060        24.7600       0.318517E+10   0.323035E+09   0.583792E+08   0.534922E+09   -82.7725       -40.0998        60.3058               0           1        9258
          42    10.4034        8.50910        10.6847       -46.8685        135.409       -10.9087       0.216807E+10    3.65237       0.365237        28.3300       0.189782E+10   0.257304E+09   0.129407E+08   0.215250E+09   -31.0102       -43.7613        11.9839               0           1        9072
          43    10.5766        8.93332        10.5645       -16.0841        37.3986       -17.4437       0.303423E+10    3.48220       0.348221        29.6200       0.283664E+10   0.169569E+09   0.280175E+08   0.267815E+09    1.17405        35.0451       -10.3343               0           1        8893
          44    10.6006        8.92371        10.5564        104.644        126.273        24.8615       0.110393E+10    2.96020       0.296020        23.8100       0.101637E+10   0.776240E+08   0.994007E+07   0.316675E+08    5.63619        33.2599       -11.8520               0           1        8759
          45    10.1813        8.49971        10.8555        37.5621        52.4328       -32.9332       0.124776E+10    3.55744       0.355744        27.4800       0.114840E+10   0.928076E+08   0.656000E+07   0.518328E+08   -72.2562       -45.5057        43.7167               0           1        8621
          46    10.7798        9.03982        10.6818       -139.401        71.0748       -74.2957       0.604409E+09    3.50245       0.350245        26.3000       0.566420E+09   0.347579E+08   0.323095E+07   0.906234E+08    38.9202        54.8293        11.4507               0           1        8348
          47    10.2401        8.46417        10.7923      -0.212185        152.807       -83.5273       0.100232E+10    3.92173       0.392173        28.7300       0.906375E+09   0.886652E+08   0.728438E+07   0.451481E+08   -61.3386       -52.1079        31.9818               0           1        8184
          48    10.6368        8.13500        10.5597       -64.2276        135.372       -13.0322       0.890894E+09    3.89275       0.389275        28.7900       0.795133E+09   0.939579E+08   0.180265E+07   0.311317E+08    12.3536       -113.257       -11.2297               0           1        8142
          49    10.8922        9.48788        10.6505       -72.5512        80.3936       -109.717       0.889494E+09    3.84631       0.384631        30.4200       0.826726E+09   0.598463E+08   0.292229E+07   0.490820E+08    59.7893        138.064        5.63062               0           1        8100
          50    9.82416        8.64561        11.3584       -13.1234        80.2895       -73.6871       0.682663E+09    3.49558       0.349558        25.6000       0.624700E+09   0.555114E+08   0.245120E+07   0.400062E+08   -138.609       -18.4022        137.141               0           1        8024
          51    10.5509        8.61711        10.6318       -131.184        199.714       -1.99246       0.633691E+09    2.74805       0.274805        20.5400       0.477712E+09   0.150794E+09   0.518469E+07   0.524847E+08   -3.59646       -23.6965        2.16605               0           1        7787
          52    10.2768        8.47044        10.7658        7.18869        116.097       -89.9953       0.568540E+09    3.29198       0.329198        24.2400       0.503817E+09   0.616380E+08   0.308473E+07   0.400272E+08   -54.5265       -50.9431        27.0478               0           1        7775
          53    10.4727        8.69391        10.9102       -48.3964        97.2958       -115.562       0.496248E+09    3.17996       0.317996        23.5100       0.453685E+09   0.399502E+08   0.261303E+07   0.412190E+08   -18.1365       -9.42957        53.8838               0           1        7686
          54    10.6312        8.08696        10.6345       -85.7344        133.762       -53.9259       0.848602E+09    3.86321       0.386321        28.3000       0.770026E+09   0.756421E+08   0.293416E+07   0.442790E+08    11.3058       -122.181        2.66577               0           1        7539
          55    10.6178        7.93011        10.7480       -46.7319        145.045       -79.2689       0.672700E+09    3.55317       0.355317        27.4800       0.617551E+09   0.510216E+08   0.412821E+07   0.529267E+08    8.82211       -151.319        23.7485               0           1        7487
          56    10.4961        8.21018        10.7071       -71.9214        180.244       -81.7897       0.339461E+09    2.70365       0.270365        19.9000       0.278180E+09   0.591070E+08   0.217386E+07   0.339303E+08   -13.7803       -99.2910        16.1432               0           1        7366
          57    10.2488        8.32952        10.4485       -1.04711        121.364        2.85907       0.583369E+09    3.43743       0.343744        25.1800       0.547631E+09   0.347666E+08    971305.       0.134391E+08   -59.7280       -77.1215       -31.8907               0           1        7243
          58    10.9134        8.29013        10.5326       -120.066        85.8995       -31.2909       0.534680E+09    3.34474       0.334474        24.6000       0.492926E+09   0.407009E+08   0.105327E+07   0.336473E+08    63.7313       -84.4389       -16.2695               0           1        7169
          59    10.6001        8.95726        10.5528       -39.9817        167.094       -26.3066       0.254096E+10    2.78372       0.278372        22.3200       0.216529E+10   0.320076E+09   0.555887E+08   0.429729E+09    5.54517        39.4924       -12.5133               0           1        7167
          60    10.4914        8.53425        10.7049       -90.2103        131.260       -155.649       0.909997E+09    3.34567       0.334567        25.1700       0.821906E+09   0.847195E+08   0.337152E+07   0.374287E+08   -14.6626       -39.0892        15.7345               0           1        6867
          61    10.9962        9.59387        10.7761       -58.9800        23.6935       -49.7951       0.812361E+09    3.71479       0.371479        27.9000       0.768030E+09   0.418953E+08   0.243550E+07   0.399226E+08    79.1166        157.754        28.9649               0           1        6832
          62    10.5713        8.91009        10.5667       -59.8101        125.970       -94.8923       0.992430E+09    2.78446       0.278446        21.8400       0.884179E+09   0.103134E+09   0.511575E+07   0.545060E+08   0.189483        30.7297       -9.93857               0           1        6599
          63    10.5733        8.94808        10.5436        21.2075        119.074       -126.758       0.173594E+10    2.63139       0.263139        21.7200       0.157582E+10   0.147334E+09   0.127833E+08   0.954406E+08   0.553588        37.7870       -14.2224               0           1        6571
          64    10.5840        9.07586        10.5805       -51.1274        69.0678       -53.2302       0.982593E+09    3.42722       0.342722        25.1000       0.910865E+09   0.661177E+08   0.561038E+07   0.567707E+08    2.54130        61.5244       -7.37312               0           1        6526
          65    10.6956        9.37843        10.2755       -40.8333        33.8170       -17.4714       0.614360E+09    3.52289       0.352289        26.3100       0.581884E+09   0.306361E+08   0.183976E+07   0.444028E+08    23.2841        117.732       -64.0267               0           1        6405
          66    10.8608        9.16058        10.7147       -110.378        93.9665       -80.1070       0.548467E+09    3.37149       0.337149        24.7200       0.515623E+09   0.290038E+08   0.384034E+07   0.884239E+08    53.9692        77.2627        17.5681               0           1        6333
          67    10.2588        9.24294        10.4893        36.7325        55.9097       -43.9611       0.509184E+09    3.30573       0.330573        24.3900       0.479624E+09   0.279952E+08   0.156466E+07   0.303776E+08   -57.8592        92.5625       -24.3133               0           1        6131
          68    10.5918        8.73830        10.6383       -180.828        8.56454       -39.5446       0.123622E+10    2.69362       0.269362        22.1800       0.118373E+10   0.450609E+08   0.742580E+07   0.960924E+08    4.00144       -1.18334        3.36240               0           0        6094
          69    10.6224        8.14217        10.5115       -50.5538        118.357        31.9707       0.893666E+09    3.65163       0.365162        27.2200       0.826644E+09   0.650879E+08   0.193447E+07   0.301580E+08    9.68036       -111.925       -20.1781               0           1        6023
          70    10.6939        9.23216        10.4241       -47.5993        28.9715        30.0099       0.368163E+09    2.92750       0.292750        22.3000       0.335379E+09   0.316141E+08   0.116911E+07   0.487747E+08    22.9702        90.5599       -36.4179               0           1        5944
          71    9.81730        8.67308        11.4047       -8.88106        54.4308       -93.4398       0.513224E+09    3.32189       0.332189        24.4700       0.491264E+09   0.209489E+08   0.101179E+07   0.242554E+08   -139.883       -13.2991        145.744               0           1        5909
          72    10.4351        9.28737        10.7536       -8.55528        30.2799       -93.9947       0.465802E+09    3.21730       0.321730        24.3400       0.440466E+09   0.245687E+08    767375.       0.170092E+08   -25.1158        100.816        24.7814               0           1        5887
          73    10.5842        8.68295        10.6244        16.4816        111.758       -128.465       0.520560E+09    2.85673       0.285673        21.4100       0.494423E+09   0.228231E+08   0.331422E+07   0.227963E+08    2.57846       -11.4656       0.785798               0           0        5805
          74    10.5048        8.72312        10.4800       -46.7679        112.676        44.7198       0.581979E+09    3.46493       0.346493        26.2500       0.564508E+09   0.157363E+08   0.173479E+07   0.300860E+08   -12.1659       -4.00329       -26.0316               0           1        5799
          75    10.9857        8.06568        10.5195       -98.4578        101.404       -27.5614       0.437880E+09    3.09154       0.309154        22.6400       0.408957E+09   0.263725E+08   0.255081E+07   0.184353E+08    77.1735       -126.134       -18.6938               0           1        5760
          76    10.2110        9.40405        10.4028        11.8084        38.6936       -45.1516       0.532665E+09    3.33786       0.333786        24.4400       0.498746E+09   0.333878E+08    531721.       0.206363E+08   -66.7408        122.492       -40.3748               0           1        5727
          77    9.90955        8.90709        11.3966       -30.2947        42.8413       -87.8274       0.502570E+09    3.30052       0.330052        24.1700       0.482285E+09   0.191380E+08   0.114732E+07   0.508846E+08   -122.746        30.1724        144.228               0           1        5679
          78    10.5434        8.60475        10.6856       -148.989        176.416       -38.2797       0.331378E+09    2.72520       0.272520        20.3300       0.307196E+09   0.229598E+08   0.122258E+07   0.182893E+08   -4.99529       -25.9926        12.1604               0           1        5623
          79    11.0167        9.53333        10.7918       -36.6395        50.1482       -68.2423       0.852951E+09    3.85058       0.385058        28.3500       0.812426E+09   0.384494E+08   0.207600E+07   0.307598E+08    82.9211        146.508        31.8796               0           1        5609
          80    10.4696        8.69528        10.6373        46.4292        103.176       -36.1658       0.630734E+09    3.11067       0.311067        23.4100       0.514875E+09   0.114976E+09    883105.       0.796395E+07   -18.6994       -9.17507        3.17849               0           1        5585
          81    10.4600        8.21097        10.6927       -31.9428        202.091       -98.1707       0.554234E+09    3.18591       0.318591        23.4400       0.467403E+09   0.854625E+08   0.136885E+07   0.309221E+08   -20.4828       -99.1442        13.4682               0           1        5545
          82    10.5724        8.02582        10.7237       -61.6304        143.475       -75.7722       0.551267E+09    3.32189       0.332189        24.4400       0.514126E+09   0.349616E+08   0.217885E+07   0.247722E+08   0.380824       -133.539        19.2270               0           1        5346
          83    10.0724        8.46045        11.0249        14.7690        132.763       -141.805       0.413222E+09    3.04862       0.304862        22.3700       0.380690E+09   0.295892E+08   0.294274E+07   0.172737E+08   -92.4863       -52.7989        75.1913               0           1        5321
          84    10.6834        9.40826        10.2349       -40.8562        54.6282        9.98066       0.730061E+09    3.54072       0.354072        25.9300       0.617135E+09   0.111371E+09   0.155502E+07   0.141117E+08    21.0066        123.274       -71.5707               0           1        5133
          85    10.6592        9.00554        10.7658       -61.0224        65.2717       -151.933       0.378105E+09    2.96020       0.296020        22.0700       0.343610E+09   0.326564E+08   0.183871E+07   0.304581E+08    16.5110        48.4612        27.0496               0           1        5131
          86    10.9042        8.17628        10.5307       -101.954        122.321       -20.6530       0.593201E+09    3.42387       0.342387        25.4900       0.532417E+09   0.588282E+08   0.195630E+07   0.249203E+08    62.0334       -105.589       -16.6132               0           1        5118
          87    10.3913        8.32706        10.6804        38.4388        148.212        30.2552       0.371845E+09    2.61672       0.261672        19.1600       0.341365E+09   0.298808E+08    599252.       0.902178E+07   -33.2450       -77.5785        11.1906               0           1        5100
          88    9.84073        8.64788        11.3942       -3.70906        108.612       -81.1155       0.944861E+09    3.97950       0.397950        29.2300       0.852000E+09   0.903564E+08   0.250479E+07   0.216939E+08   -135.531       -17.9805        143.784               0           1        5046
          89    10.4093        8.29736        10.7120        35.6138        205.108       -72.1666       0.357540E+09    2.59145       0.259145        19.3700       0.314678E+09   0.406695E+08   0.219207E+07   0.158567E+08   -29.9160       -83.0958        17.0609               0           1        4902
          90    10.9179        9.52554        10.5847       -98.3152        16.2170       -99.1986       0.394608E+09    2.64161       0.264161        21.1100       0.361152E+09   0.319566E+08   0.149924E+07   0.324169E+08    64.5803        145.060       -6.58732               0           1        4870
          91    10.7453        8.37343        10.5769       -115.130        121.932       -16.5350       0.358469E+09    2.94515       0.294515        21.6300       0.346271E+09   0.107683E+08   0.142994E+07   0.229585E+08    32.5131       -68.9644       -8.04560               0           1        4826
          92    10.5095        8.57922        10.6327       -48.3203        137.657       -111.233       0.181043E+09    2.16846       0.216846        15.9200       0.173509E+09   0.704630E+07    486848.       0.100573E+08   -11.3021       -30.7353        2.32395               0           1        4763
          93    10.5462        9.13738        11.1969       -39.6318        51.9807       -106.331       0.839854E+09    3.91616       0.391616        30.5300       0.776427E+09   0.625919E+08    834904.       0.365314E+08   -4.48443        72.9528        107.138               0           1        4711
          94    10.5932        8.72353        10.6534       -128.140        95.7153       -130.445       0.456775E+09    2.74006       0.274007        21.1800       0.427330E+09   0.279080E+08   0.153692E+07   0.587890E+08    4.25594       -3.92713        6.16563               0           0        4573
          95    10.3060        9.25338        10.5105        22.3878        31.7089       -49.8594       0.380394E+09    2.94125       0.294125        21.5400       0.337458E+09   0.420983E+08    837914.       0.924557E+07   -49.0910        94.5019       -20.3657               0           1        4419
          96    10.7844        9.30567        10.5443       -19.0659        39.0784       -59.9441       0.349475E+09    2.87047       0.287047        21.1000       0.325320E+09   0.229879E+08   0.116698E+07   0.944776E+07    39.7692        104.216       -14.1016               0           1        4409
          97    10.4236        9.23326        10.6874        18.4241        28.3296       -99.1188       0.339022E+09    2.89147       0.289147        21.2000       0.321745E+09   0.166881E+08    588826.       0.121182E+08   -27.2558        90.7643        12.4947               0           1        4203
          98    10.8764        9.46264        10.6742       -49.4127        81.8109       -108.546       0.400865E+09    2.96614       0.296614        21.9400       0.361817E+09   0.356453E+08   0.340275E+07   0.236514E+08    56.8616        133.376        10.0296               0           1        4200
          99    10.6303        8.74783        10.6189       -90.0863        30.2971       -55.0624       0.459695E+09    2.51863       0.251863        19.2600       0.451274E+09   0.590838E+07   0.251272E+07   0.262015E+08    11.1498       0.587026      -0.230352               0           0        4195
         100    9.80322        8.42168        10.6054        41.0760        60.9480       -32.4464       0.486112E+09    2.99122       0.299122        22.3000       0.435893E+09   0.492530E+08    965689.       0.647849E+07   -142.499       -60.0011       -2.74379               0           1        4146
         101    10.7524        9.39299        10.5444       -90.4557        82.4916        18.1426       0.173081E+09    2.21100       0.221100        16.2000       0.172346E+09    413614.        321686.       0.632153E+07    33.8209        120.437       -14.0831               0           1        4120
         102    10.4839        8.80474        10.3897       -21.4005        123.373        53.7481       0.339822E+09    2.88645       0.288645        21.8700       0.323408E+09   0.157616E+08    652997.       0.144738E+08   -16.0466        11.1591       -42.8157               0           1        4095
         103    10.5713        8.84541        10.5870       -84.9337        60.3978       -70.2503       0.356603E+09    2.50767       0.250767        18.7400       0.308609E+09   0.448641E+08   0.313025E+07   0.184560E+08   0.189483        18.7142       -6.16377               0           1        4063
         104    9.64442        9.32339        11.1526        9.34480        45.3531       -71.3602       0.403274E+09    3.08466       0.308466        22.7700       0.385595E+09   0.167943E+08    884473.       0.153011E+08   -171.999        107.508        98.9102               0           1        4056
         105    10.6475        8.93385        10.6111       -125.916        62.3417       -120.431       0.544704E+09    3.09692       0.309692        23.6600       0.486441E+09   0.568090E+08   0.145333E+07   0.135762E+08    14.3487        35.1435       -1.68491               0           1        4046
         106    10.4134        8.33519        10.7000       -87.8964        153.252        6.78941       0.600974E+09    2.53405       0.253405        20.2000       0.575898E+09   0.240741E+08   0.100159E+07   0.288130E+08   -29.1470       -76.0682        14.8206               0           1        3994
         107    10.6573        9.19546        10.5094       -61.6102        18.7382        24.0165       0.398638E+09    2.85840       0.285840        21.2500       0.358658E+09   0.386379E+08   0.134161E+07   0.119796E+08    16.1544        83.7422       -20.5793               0           1        3966
         108    10.0883        8.43375        11.0340        38.7779        142.581       -119.155       0.438085E+09    2.98844       0.298844        21.8900       0.376865E+09   0.605886E+08    630500.       0.924243E+07   -89.5326       -57.7589        76.8800               0           1        3915
         109    10.1865        8.39119        10.8228        23.3898        170.196       -74.3884       0.305798E+09    2.77926       0.277926        20.3500       0.292148E+09   0.125097E+08   0.114108E+07   0.166920E+08   -71.3032       -65.6652        37.6347               0           1        3902
         110    10.4363        9.17420        10.5825        42.9837        19.8277       -88.8298       0.289010E+09    2.39361       0.239361        18.4900       0.265710E+09   0.227849E+08    515806.       0.104314E+08   -24.9003        79.7928       -6.98858               0           1        3858
         111    10.3338        8.96738        10.1592       -5.35356        67.9955        3.08556       0.225166E+09    2.48798       0.248798        18.4100       0.211337E+09   0.136715E+08    156951.       0.606833E+07   -43.9285        41.3723       -85.6296               0           1        3783
         112    10.7670        8.44554        10.5853       -136.022        113.834       -14.0276       0.316608E+09    2.78354       0.278353        20.5500       0.290984E+09   0.252566E+08    367396.       0.226222E+07    36.5424       -55.5687       -6.47772               0           1        3781
         114    10.4901        9.07915        10.5624        61.5143        16.5123       -55.0188       0.229439E+09    2.42278       0.242278        18.8400       0.202026E+09   0.264615E+08    951325.       0.849960E+07   -14.8986        62.1356       -10.7244               0           1        3703
         115    10.5694        8.72666        10.6354       -80.3464        111.533       -61.8183       0.215010E+10    2.25949       0.225949        20.9300       0.191470E+10   0.165430E+09   0.699685E+08   0.523063E+09  -0.159760       -3.34568        2.83110               0           0        3669
         116    10.5568        8.57134        10.6537       -62.5583        155.124       -48.2193       0.286974E+09    2.41627       0.241627        18.1700       0.238025E+09   0.471775E+08   0.177168E+07   0.226608E+08   -2.50415       -32.1991        6.23622               0           1        3660
         117    10.1437        8.49002        10.9057       0.170382        203.192       -96.8342       0.243730E+09    2.28066       0.228066        16.7500       0.218072E+09   0.250096E+08    648477.       0.728827E+07   -79.2504       -47.3058        53.0478               0           1        3567
         118    10.6580        8.09966        10.5932       -108.315        128.758       -29.3168       0.259659E+09    2.41497       0.241497        18.0500       0.228464E+09   0.310648E+08    130527.       0.335837E+07    16.2844       -119.822       -5.01759               0           1        3514
         119    9.73763        8.89370        11.4821        16.4067        49.9609       -69.0193       0.537006E+09    3.27656       0.327656        24.9300       0.485361E+09   0.503208E+08   0.132421E+07   0.101997E+08   -154.683        27.6850        160.113               0           1        3503
         120    10.5412        8.86701        10.5541       -16.3929        150.119        52.9293       0.342937E+09    2.60501       0.260501        19.3900       0.329227E+09   0.130621E+08    647340.       0.395080E+07   -5.40398        22.7268       -12.2811               0           1        3455
         121    10.6340        8.02418        10.6597       -85.7321        141.803       -55.7697       0.342952E+09    2.86880       0.286880        22.0400       0.314678E+09   0.268781E+08   0.139543E+07   0.237809E+08    11.8390       -133.844        7.33968               0           1        3443
         122    10.4847        8.73599        10.6207        69.5305        109.473       -11.5218       0.386500E+09    2.66557       0.266557        21.6100       0.344358E+09   0.419042E+08    237736.       0.521446E+07   -15.8980       -1.61246       0.910262E-01           0           1        3427
         123    10.5610        8.87011        10.5403        87.3638        84.5084       -28.6862       0.973849E+09    2.60390       0.260390        21.7300       0.844355E+09   0.122171E+09   0.732334E+07   0.131625E+09   -1.72207        23.3027       -14.8466               0           1        3386
         124    9.74799        8.24543        10.5830        37.6010        111.462       -55.3106       0.229341E+09    2.46401       0.246402        18.2000       0.201610E+09   0.269197E+08    811289.       0.903534E+07   -152.759       -92.7427       -6.91242               0           1        3376
         125    10.4891        8.78420        11.0491       -29.0917        49.1240       -133.355       0.170895E+09    2.22883       0.222883        17.9400       0.147903E+09   0.223895E+08    602321.       0.913107E+07   -15.0825        7.34340        79.6869               0           1        3351
         126    10.5807        8.86982        10.5466       -26.1317        114.705       -40.6048       0.601953E+09    2.22995       0.222995        16.5900       0.560268E+09   0.350151E+08   0.666953E+07   0.913376E+08    1.93756        23.2488       -13.6688               0           1        3284
         127    10.8546        9.41050        10.6499       -42.1712        80.3629       -96.0532       0.219679E+09    2.48148       0.248148        18.1700       0.211254E+09   0.723749E+07   0.118686E+07   0.120904E+08    52.8082        123.690        5.53031               0           1        3280
         128    10.5093        8.70098        10.4708       -26.1331        137.097        51.7633       0.513241E+09    3.09730       0.309730        22.8500       0.463745E+09   0.491118E+08    384884.       0.700274E+07   -11.3244       -8.11619       -27.7537               0           1        3266
         129    10.6732        8.63315        10.6217       -180.977        123.509       -32.7172       0.219875E+09    2.44414       0.244414        18.1900       0.200529E+09   0.185163E+08    828979.       0.202563E+08    19.1155       -20.7168       0.289798               0           1        3214
         130    10.7423        8.99343        10.6839       -149.792        98.2236       -89.3119       0.406189E+09    2.96540       0.296540        21.7200       0.360570E+09   0.439219E+08   0.169726E+07   0.176001E+08    31.9576        46.2116        11.8353               0           1        3212
         131    10.5605        8.92271        10.5238        31.6061        64.8137        76.4825       0.257608E+09    2.12703       0.212703        16.7400       0.221646E+09   0.350963E+08    865305.       0.915184E+07   -1.82052        33.0741       -17.8969               0           1        3183
         132    10.8883        8.35333        11.4418       -72.5237        106.970       -67.9478       0.348279E+09    2.93103       0.293103        22.2900       0.323241E+09   0.245555E+08    482435.       0.578863E+07    59.0816       -72.6983        152.640               0           1        3132
         133    9.95755        8.26317        11.3068       -2.12338        103.531       -98.3446       0.180562E+09    2.33082       0.233082        17.4900       0.171182E+09   0.876549E+07    615086.       0.146421E+08   -113.829       -89.4472        127.557               0           1        3122
         134    10.5520        8.66541        10.6402       -87.5211        185.449       -48.9371       0.797983E+09    2.53888       0.253888        19.9500       0.716070E+09   0.669114E+08   0.150007E+08   0.244250E+09   -3.40141       -14.7240        3.72093               0           1        3093
         135    10.0942        9.09331        11.1944        3.56219        38.7187       -77.4979       0.234476E+09    2.55281       0.255281        18.7000       0.222644E+09   0.115564E+08    275100.       0.167358E+08   -88.4366        64.7661        106.683               0           1        3075
         136    9.88898        8.87936        11.3879       -15.8066        63.1353       -74.9194       0.354264E+09    2.88496       0.288496        21.8000       0.325819E+09   0.274274E+08   0.101776E+07   0.683120E+07   -126.567        25.0211        142.627               0           1        3040
         137    10.2208        8.57435        10.9378       -49.2837        41.7988       -120.480       0.221537E+09    2.40513       0.240513        18.2100       0.194543E+09   0.264810E+08    512533.       0.784327E+07   -64.9203       -31.6400        59.0110               0           1        3027
         138    10.6194        9.07434        10.5724       -90.1609        28.6653       -5.61837       0.550258E+09    2.52346       0.252346        18.7100       0.510801E+09   0.319774E+08   0.747922E+07   0.704764E+08    9.11562        61.2420       -8.86855               0           1        3011
         139    10.4741        8.22911        10.6922       -69.1381        168.126       -59.1119       0.265945E+09    2.27881       0.227881        17.6900       0.217573E+09   0.468507E+08   0.152119E+07   0.121754E+08   -17.8634       -95.7744        13.3901               0           1        2992
         140    10.2620        9.12931        9.89536       -19.3244        54.1764       -32.9350       0.294284E+09    2.74211       0.274211        20.4200       0.271114E+09   0.229825E+08    188070.       0.345977E+07   -57.2722        71.4537       -134.646               0           1        2946
         141    10.2233        8.45977        10.8306        16.8501        184.064       -84.3727       0.179065E+09    2.17125       0.217125        15.9100       0.167856E+09   0.106333E+08    575821.       0.937029E+07   -64.4614       -52.9252        39.0818               0           1        2935
         142    10.2676        8.38137        10.6861        40.1532        136.971       -18.2564       0.244156E+09    2.58904       0.258904        19.2200       0.230376E+09   0.135463E+08    233755.       0.711228E+07   -56.2375       -67.4894        12.2495               0           1        2893
         143    10.6119        9.07422        10.5211       -110.030       -20.1017       -15.8632       0.176335E+09    2.15861       0.215861        16.1100       0.174923E+09    683168.        729255.       0.129228E+08    7.72980        61.2198       -18.4040               0           1        2822
         144    10.3890        8.51274        10.7201        3.11505        46.2523       -17.6341       0.104395E+10    2.21397       0.221397        18.4500       0.940548E+09   0.931936E+08   0.102079E+08   0.100212E+09   -33.6778       -43.0851        18.5693               0           1        2804
         145    10.3193        8.51001        10.7535        68.8652        46.8656       -56.5067       0.133429E+09    1.98994       0.198994        15.2900       0.118638E+09   0.145936E+08    196935.       0.494693E+07   -46.6314       -43.5923        24.7666               0           1        2775
         146    10.1601        9.64973        10.8029        9.70553        36.5441       -74.3274       0.221796E+09    2.52513       0.252513        18.4900       0.213665E+09   0.779205E+07    338742.       0.525742E+07   -76.2056        168.131        33.9435               0           1        2719
         147    10.5319        8.95871        10.5169       -60.5368        8.79779       -81.3286       0.448678E+09    2.62860       0.262861        19.3100       0.439801E+09   0.609047E+07   0.278626E+07   0.333276E+08   -7.13348        39.7617       -19.1842               0           1        2693
         148    10.8118        9.36176        10.5258       -24.1366        56.9094       -44.7212       0.141828E+09    2.14134       0.214134        16.4700       0.140670E+09    546612.        611673.       0.861714E+07    44.8703        114.635       -17.5253               0           1        2663
         149    10.5325        8.20100        10.6738       -89.4337        138.008       -62.3555       0.165212E+09    2.28289       0.228289        16.7800       0.157381E+09   0.708284E+07    748027.       0.201016E+08   -7.02945       -100.996        9.96087               0           1        2660
         150    10.4253        8.30947        10.6577       -29.2066        224.043       -61.0124       0.296523E+09    2.50674       0.250674        18.5700       0.287824E+09   0.754728E+07   0.115178E+07   0.157334E+08   -26.9270       -80.8461        6.96443               0           1        2654
         151    10.5430        8.63959        10.6422       -110.530        206.666       -44.8768       0.429306E+09    2.25707       0.225707        16.7800       0.393659E+09   0.320557E+08   0.359079E+07   0.522636E+08   -5.06403       -19.5205        4.08689               0           1        2654
         152    10.5617        8.70547        10.6299       -170.853        8.45241       -44.8576       0.394405E+09    1.88442       0.188442        16.4800       0.371711E+09   0.209979E+08   0.169638E+07   0.338988E+08   -1.59760       -7.28210        1.81495               0           0        2653
         153    10.9548        9.78595        10.5738       -5.99345        3.93075       -54.9084       0.188286E+09    2.37875       0.237875        17.5800       0.180493E+09   0.761834E+07    174278.       0.687678E+07    71.4184        193.436       -8.61405               0           1        2652
         154    10.5792        8.25070        10.4748       -62.3360        122.326        32.9312       0.164897E+09    2.28586       0.228586        17.4600       0.157131E+09   0.752233E+07    243388.       0.703998E+07    1.64962       -91.7637       -27.0088               0           1        2634
         155    10.5001        8.72369        10.5989        92.1301        87.3898       -21.5838       0.197602E+09    2.10957       0.210957        16.2900       0.179163E+09   0.178704E+08    568995.       0.538979E+07   -13.0390       -3.89741       -3.95685               0           1        2632
         156    10.6225        9.18551        10.3135       -62.5499        69.9900        30.0299       0.166174E+09    2.22846       0.222846        17.4100       0.152226E+09   0.136663E+08    281742.       0.667212E+07    9.68779        81.8938       -56.9620               0           1        2566
         157    10.6379        8.94103        10.2467       -105.981        96.8527        43.2288       0.140786E+09    2.11180       0.211180        15.6900       0.127867E+09   0.127462E+08    173147.       0.370533E+07    12.5616        36.4774       -69.3750               0           1        2532
         158    11.0150        9.78674        10.5908       -47.5913        13.6422       -57.7408       0.240085E+09    2.10140       0.210140        15.4300       0.231706E+09   0.758918E+07    789686.       0.181624E+08    82.6146        193.583       -5.46343               0           1        2528
         159    9.83024        8.85261        11.4124        5.11683        46.4704       -77.7640       0.230492E+09    2.50191       0.250191        18.3600       0.218820E+09   0.113367E+08    335822.       0.307439E+07   -137.479        20.0518        147.174               0           1        2468
         160    10.2370        8.46830        10.8102       -3.50737        155.645       -46.8358       0.305565E+09    2.28642       0.228642        17.9700       0.297552E+09   0.687472E+07   0.113849E+07   0.131708E+08   -61.9182       -51.3406        35.3070               0           1        2445
         161    9.84779        8.77212        11.0662        20.6478        50.2069       -56.7008       0.210374E+09    2.48668       0.248668        18.2300       0.204437E+09   0.566099E+07    276049.       0.763330E+07   -134.219        5.09932        82.8654               0           1        2440
         162    10.5190        9.37097        11.1514       -11.1482        44.7387       -97.3402       0.202999E+09    2.44507       0.244507        17.9100       0.198950E+09   0.306609E+07    982739.       0.135587E+08   -9.52803        116.346        98.6817               0           1        2408
         163    10.6677        9.24229        10.3903       -39.6667        51.1237        36.1414       0.259259E+09    2.59257       0.259257        19.0800       0.243927E+09   0.147143E+08    616865.       0.574183E+07    18.0845        92.4417       -42.6950               0           1        2406
         164    10.0591        8.41301        10.8553        53.0538        120.357       -56.8446       0.181299E+09    2.31076       0.231076        16.9600       0.167191E+09   0.139631E+08    144661.       0.527108E+07   -94.9700       -61.6117        43.6814               0           1        2404
         165    10.6955        7.81871        10.7446       -56.1829        125.636       -62.8358       0.445644E+09    2.97952       0.297952        24.0900       0.392246E+09   0.513024E+08   0.209566E+07   0.109987E+08    23.2581       -172.013        23.1169               0           1        2391
         166    10.6569        8.12414        10.5804       -66.1715        153.487       -23.1856       0.186323E+09    2.21434       0.221434        16.3900       0.176586E+09   0.924644E+07    490572.       0.602618E+07    16.0856       -115.274       -7.38613               0           1        2328
         167    9.58084        8.51059        10.3695       -4.07094        72.5960       -54.5754       0.149024E+09    2.19502       0.219502        16.1700       0.142333E+09   0.620664E+07    485194.       0.519861E+07   -183.810       -43.4845       -46.5645               0           1        2328
         168    9.86785        8.66390        11.3256       -19.3675        49.3575       -84.0076       0.167233E+09    2.23571       0.223571        16.4700       0.153806E+09   0.131332E+08    294228.       0.326206E+07   -130.493       -15.0045        131.044               0           1        2310
         169    10.0933        8.52064        10.9697       -13.2617        111.646       -206.557       0.169480E+09    2.06369       0.206369        15.4500       0.165778E+09   0.355629E+07    146158.       0.214011E+07   -88.6019       -41.6175        64.9240               0           1        2300
         170    9.82277        7.97730        10.7809        14.0919        130.911       -73.0128       0.181196E+09    2.32376       0.232376        17.0200       0.173426E+09   0.739309E+07    377049.       0.369553E+07   -138.867       -142.553        29.8510               0           1        2285
         171    10.9415        8.27325        10.5406       -142.829        110.985       -23.3767       0.152219E+09    2.15323       0.215323        16.1800       0.143497E+09   0.823277E+07    489945.       0.339410E+07    68.9588       -87.5746       -14.7853               0           1        2270
         172    10.6678        9.00325        10.7167       -71.5929        33.2359       -149.494       0.353706E+09    2.88255       0.288255        21.4200       0.320415E+09   0.323759E+08    915913.       0.122191E+08    18.1124        48.0358        17.9359               0           1        2260
         173    10.5575        8.85810        10.5823        116.477        95.9348       -12.0701       0.178252E+09    1.97452       0.197452        15.0500       0.165528E+09   0.126371E+08    87015.4       0.338438E+07   -2.38154        21.0716       -7.02945               0           1        2253
         174    10.4095        8.49472        10.7000        7.68072        75.8356       -103.959       0.886394E+09    2.15286       0.215286        18.9800       0.855577E+09   0.172107E+08   0.136067E+08   0.100583E+09   -29.8622       -46.4326        14.8280               0           1        2236
         175    10.3321        8.95118        10.1786        22.4369        69.7364       -27.7837       0.221499E+09    2.42742       0.242742        17.7800       0.212834E+09   0.843550E+07    229985.       0.318764E+07   -44.2499        38.3629       -82.0332               0           1        2234
         176    10.3695        9.30642        10.8830        12.9326        44.8235       -97.2153       0.172386E+09    2.33677       0.233676        17.1900       0.169269E+09   0.287201E+07    244242.       0.614885E+07   -37.3022        104.355        48.8160               0           1        2225
         177    10.4859        8.55520        10.6814       -40.9921        117.535       -154.568       0.221304E+09    2.24778       0.224778        16.6000       0.186728E+09   0.344157E+08    160259.       0.127003E+07   -15.6807       -35.1974        11.3671               0           1        2190
         178    10.3158        8.22820        10.5848       -3.53480        161.531        8.29788       0.267487E+09    2.64960       0.264960        20.4300       0.242764E+09   0.244939E+08    230000.       0.384025E+07   -47.2816       -95.9435       -6.57618               0           1        2187
         179    10.0652        8.22371        10.6801       -5.81669        145.698       -38.5393       0.238799E+09    2.61430       0.261430        19.2500       0.233618E+09   0.477867E+07    402022.       0.411501E+07   -93.8239       -96.7776        11.1312               0           1        2166
         180    10.6647        8.94015        10.6077       -184.563        91.9908       -15.6793       0.184069E+09    2.23478       0.223478        16.4400       0.173094E+09   0.108524E+08    122361.       0.255316E+07    17.5439        36.3139       -2.30724               0           1        2158
         181    10.5479        8.73898        10.6065       -2.57800        132.455       -72.8580       0.357496E+09    1.88962       0.188962        15.0800       0.351259E+09   0.481062E+07   0.142620E+07   0.315762E+08   -4.16305       -1.05702       -2.53573               0           0        2157
         182    10.5137        8.53115        10.6882       -100.207        155.169       -53.5624       0.667219E+09    2.35516       0.235516        19.8300       0.508556E+09   0.150296E+09   0.836656E+07   0.206238E+08   -10.5052       -39.6651        12.6322               0           1        2155
         183    10.7157        9.20754        10.4483       -39.4068        48.2363        17.7261       0.162989E+09    2.23998       0.223998        16.5100       0.162286E+09    604890.        98417.0       0.383075E+07    27.0181        85.9863       -31.9186               0           1        2151
         184    10.5397        8.35339        10.3280       -66.5602        132.473        36.2341       0.191125E+09    2.37410       0.237410        18.1100       0.172928E+09   0.179212E+08    275762.       0.137850E+07   -5.67520       -72.6872       -54.2702               0           1        2145
         185    9.70605        8.63743        11.5535        16.3198        80.7669       -71.9275       0.158836E+09    2.16716       0.216716        16.2200       0.146656E+09   0.120185E+08    161920.       0.920003E+07   -160.550       -19.9217        173.384               0           1        2122
         186    10.6756        9.20978        10.4582       -50.6922        21.3777        20.5118       0.131606E+09    2.04883       0.204883        15.4700       0.115396E+09   0.160859E+08    124270.       0.539702E+07    19.5576        86.4024       -30.0869               0           1        2083
         187    10.5080        8.54215        10.4035       -59.5996        149.291        41.3116       0.190749E+09    2.13799       0.213799        15.7600       0.180410E+09   0.955764E+07    781137.       0.368994E+07   -11.5733       -37.6217       -40.2577               0           1        2066
         188    9.75863        8.82685        11.2752        25.1596        51.5979       -93.7929       0.157489E+09    2.04585       0.204585        14.9800       0.139090E+09   0.180837E+08    314727.       0.377794E+07   -150.782        15.2664        121.689               0           1        2062
         189    10.9776        9.76603        10.5215        9.16291       -7.50022       -45.0601       0.242246E+09    2.04418       0.204418        16.2700       0.224972E+09   0.170342E+08    239519.       0.246308E+07    75.6651        189.736       -18.3297               0           1        2059
         190    10.5592        8.92080        10.5483        15.5774        150.174        65.6295       0.433039E+09    2.00610       0.200610        14.7200       0.402971E+09   0.295886E+08    479873.       0.106801E+08   -2.05459        32.7193       -13.3530               0           1        2058
         191    10.2589        9.58459        10.0506       -19.9221        49.5210       -41.4631       0.116481E+09    2.04641       0.204641        15.3200       0.114731E+09   0.151825E+07    231511.       0.713843E+07   -57.8481        156.030       -105.817               0           1        2058
         192    10.4123        9.10752        11.0893        2.03766        51.8819       -95.5501       0.181225E+09    2.38116       0.238116        17.7500       0.174507E+09   0.661593E+07    101562.       0.219318E+07   -29.3513        67.4058        87.1548               0           1        2052
         193    10.4576        7.86091        10.9227       -31.5075        135.353       -98.4163       0.297993E+09    2.71759       0.271759        19.9300       0.277432E+09   0.195539E+08   0.100721E+07   0.267783E+07   -20.9435       -164.174        56.2059               0           1        2035
         194    10.4340        7.88892        10.9253       -11.7475        125.926       -87.3267       0.132494E+09    2.11477       0.211477        15.5000       0.127950E+09   0.420558E+07    338996.       0.373532E+07   -25.3239       -158.971        56.6815               0           1        2022
         195    9.89748        8.62528        11.2776       -7.93060        80.7107       -78.4587       0.177877E+09    2.20784       0.220784        16.1700       0.153889E+09   0.236208E+08    367674.       0.249781E+07   -124.988       -22.1788        122.131               0           1        2021
         196    10.9344        9.85404        10.6491       -19.0263        12.6523       -60.6551       0.138239E+09    2.17292       0.217292        16.0100       0.135515E+09   0.261079E+07    112872.       0.618965E+07    67.6306        206.085        5.37055               0           1        2021
         197    10.0464        8.44779        10.7897        40.0906        97.4043       -44.5336       0.120303E+09    2.05328       0.205328        15.3700       0.115812E+09   0.416124E+07    330298.       0.354670E+07   -97.3237       -55.1507        31.5006               0           1        1974
         198    10.8075        8.00939        10.5209       -80.7559        139.601       -15.5377       0.161695E+09    2.25466       0.225466        16.5100       0.157630E+09   0.377159E+07    293722.       0.199808E+07    44.0567       -136.591       -18.4319               0           1        1973
         199    10.8558        9.44309        10.5625       -28.9555       -20.7885        8.32705       0.162547E+09    1.97619       0.197619        14.5600       0.162036E+09    311219.        199347.       0.122351E+07    53.0385        129.744       -10.7114               0           1        1971
         200    10.5153        8.74938        10.6026       -102.459        132.826       -126.041       0.204000E+09    1.88591       0.188591        14.4900       0.202525E+09    56578.7       0.141845E+07   0.357531E+08   -10.2191       0.874966       -3.26765               0           0        1964
         201    9.80591        8.99636        11.0823        13.7950        43.1008       -60.7446       0.196121E+09    2.44953       0.244953        18.3500       0.188973E+09   0.693863E+07    209609.       0.187255E+07   -141.999        46.7559        85.8488               0           1        1961
         202    10.9474        9.63534        10.5661       -67.3714        4.35799       -55.4596       0.119220E+09    1.98046       0.198046        15.1000       0.109826E+09   0.924477E+07    149140.       0.361964E+07    70.0604        165.458       -10.0482               0           1        1951
         203    10.5656        9.53680        10.1983       -19.9116        42.4623       -27.7296       0.311941E+09    2.83239       0.283239        22.1200       0.293644E+09   0.178840E+08    413009.       0.261466E+07  -0.863820        147.152       -78.3643               0           1        1917
         204    10.1026        8.51061        10.9430       -72.5408        114.208       -49.5028       0.291451E+09    1.90504       0.190504        15.3900       0.275187E+09   0.155411E+08    722166.       0.126482E+08   -86.8873       -43.4808        59.9770               0           1        1913
         205    10.2851        8.89557        10.1194       -17.7016        100.343       -2.74725       0.144498E+09    2.17348       0.217348        16.0200       0.135349E+09   0.903990E+07    108848.       0.101918E+07   -52.9754        28.0324       -93.0362               0           1        1912
         206    10.6374        9.20967        11.0045       -26.4628        52.5974       -108.268       0.167652E+09    2.31187       0.231187        17.6500       0.160873E+09   0.656161E+07    217617.       0.212589E+07    12.4594        86.3820        71.3961               0           1        1912
         207    10.4650        8.39797        10.6747       -55.5572        93.8435       -54.6921       0.198193E+09    2.07465       0.207465        16.3500       0.181075E+09   0.167261E+08    391352.       0.127296E+08   -19.5613       -64.4057        10.1225               0           1        1908
         208    10.7832        8.50574        10.5878       -151.725        106.736       -24.7533       0.151190E+09    2.18128       0.218128        15.9700       0.141086E+09   0.976775E+07    336254.       0.778931E+07    39.5462       -44.3855       -6.00959               0           1        1904
         209    10.5493        9.14444        11.2004       -35.8726        82.0555       -116.217       0.291244E+09    1.81680       0.181680        13.5900       0.269118E+09   0.214689E+08    657146.       0.309597E+08   -3.90112        74.2644        107.779               0           1        1888
         210    10.2561        8.31469        10.4662       -12.8222        143.763       -10.0467       0.290894E+09    2.50730       0.250730        18.3900       0.279926E+09   0.106682E+08    299509.       0.340569E+07   -58.3701       -79.8764       -28.5989               0           1        1881
         211    10.6948        9.34279        10.3153       -40.0304        40.3640       -2.26126       0.117945E+09    1.98882       0.198882        15.3800       0.105253E+09   0.123973E+08    294938.       0.466692E+07    23.1281        111.111       -56.6424               0           1        1869
         212    10.5423        8.74734        10.6615       -120.137       -21.3764       -63.2746       0.159635E+09    2.01409       0.201409        15.5900       0.152392E+09   0.665569E+07    586782.       0.305190E+07   -5.20335       0.496000        7.68150               0           0        1844
         213    10.1717        8.02793        10.5918       -14.3437        162.864       -20.8765       0.202013E+09    2.43801       0.243801        18.8900       0.186313E+09   0.155634E+08    137344.       0.102006E+07   -74.0526       -133.147       -5.26280               0           1        1817
         214    10.9949        9.81190        10.2895       -51.6597        58.1224       -1.40133       0.247952E+09    2.59963       0.259963        19.0500       0.239688E+09   0.776028E+07    504431.       0.637316E+07    78.8807        198.257       -61.4204               0           1        1801
         215    10.6498        9.23120        10.4622       -52.5696        63.4689        54.8725       0.109976E+09    1.97563       0.197563        14.4800       0.109410E+09    46890.2        519118.       0.988401E+07    14.7741        90.3816       -29.3383               0           1        1784
         216    9.78291        8.87066        11.4350        8.60953        47.8730       -75.5665       0.122084E+09    2.04065       0.204065        15.5600       0.112985E+09   0.866496E+07    434335.       0.178657E+07   -146.272        23.4049        151.360               0           1        1764
         217    10.5399        9.56536        10.8538       -4.13979        28.3146       -69.5922       0.151620E+09    2.23812       0.223812        18.3000       0.146157E+09   0.537577E+07    87233.7       0.209965E+07   -5.65477        152.458        43.3991               0           1        1762
         218    10.5382        8.98425        10.5653       -65.5666       -15.8864       -67.7062       0.176194E+09    1.97099       0.197099        15.7300       0.175089E+09    343584.        760837.       0.170811E+08   -5.95571        44.5062       -10.1894               0           1        1756
         219    10.4126        8.85452        10.2961        7.85960        110.243        4.82300       0.113846E+09    1.99588       0.199588        14.6600       0.105336E+09   0.843300E+07    77283.9       0.224827E+07   -29.2881        20.4066       -60.2092               0           1        1755
         220    10.9685        9.63181        10.7771       -6.97290        9.40192       -83.4678       0.174572E+09    2.33621       0.233621        17.5000       0.170101E+09   0.432423E+07    147427.       0.270268E+07    73.9783        164.802        29.1507               0           1        1746
         221    10.7923        9.48507        10.5942       -65.8467        109.688        6.04242       0.113774E+09    1.76534       0.176535        13.6000       0.113567E+09    57022.1        149654.       0.121425E+07    41.2460        137.542       -4.82253               0           1        1708
         222    10.4732        8.71377        10.9856       -58.6745        59.9010       -142.417       0.219836E+09    1.90708       0.190709        14.7800       0.218238E+09    114226.       0.148386E+07   0.252946E+08   -18.0362       -5.74022        67.8907               0           1        1678
         223    10.3123        9.11179        9.95130       -43.3533        69.2128       -21.9916       0.127248E+09    2.07911       0.207911        15.2600       0.118638E+09   0.855935E+07    50650.8       0.192279E+07   -47.9355        68.1991       -124.254               0           1        1669
         224    10.4543        8.66981        11.0358       -43.5813        120.442       -129.666       0.145834E+09    2.16772       0.216772        16.3200       0.134019E+09   0.115409E+08    274591.       0.345526E+07   -21.5565       -13.9066        77.2014               0           1        1646
         225    10.9798        8.21249        10.3998       -99.6138        99.3793        5.06084       0.114578E+09    2.01019       0.201019        14.7300       0.109161E+09   0.534494E+07    72422.4       0.305258E+07    76.0700       -98.8619       -40.9451               0           1        1637
         226    9.86304        8.80333        11.3564       -16.2422        69.0808       -84.3184       0.133419E+09    2.09638       0.209638        15.4000       0.124957E+09   0.832733E+07    134678.       0.261262E+07   -131.386        10.8971        136.760               0           1        1632
         227    9.83557        8.86320        11.3971       -18.3602        71.3345       -74.6263       0.217116E+09    2.02932       0.202932        15.0400       0.204271E+09   0.125932E+08    252717.       0.190007E+07   -136.489        22.0190        144.327               0           1        1614
         228    10.5691        8.95591        10.4172       -118.796        62.0662        85.2349       0.405319E+09    1.96356       0.196356        15.4500       0.359656E+09   0.418894E+08   0.377355E+07   0.229673E+08  -0.217348        39.2416       -37.7071               0           1        1612
         229    10.3869        9.29201        10.8856       -9.36544        52.5919       -101.114       0.145962E+09    2.15954       0.215954        16.3600       0.138009E+09   0.787800E+07    74652.3       0.168734E+07   -34.0735        101.678        49.3046               0           1        1592
         230    9.61892        9.31588        11.1729        18.6679        52.7184       -79.6567       0.161803E+09    2.27509       0.227509        16.6700       0.155801E+09   0.578569E+07    216243.       0.265700E+07   -176.736        106.112        102.685               0           1        1552
         231    10.4762        7.88217        10.9052       -41.5062        124.178       -88.8077       0.141891E+09    2.14171       0.214171        15.7700       0.137095E+09   0.454681E+07    249336.       0.210987E+07   -17.4845       -160.225        52.9419               0           1        1549
         232    10.6945        7.90696        10.7193       -57.0827        130.588       -25.7485       0.152133E+09    2.19985       0.219985        16.7900       0.145159E+09   0.687163E+07    102294.       0.455098E+07    23.0686       -155.619        18.4226               0           1        1531
         233    11.0011        9.52493        10.7882       -50.5239        60.2552       -76.7390       0.195979E+09    1.92715       0.192715        14.8300       0.180410E+09   0.150158E+08    553686.       0.141666E+08    80.0250        144.947        31.2164               0           1        1530
         234    9.88670        9.49686        10.5484        16.9176        47.7258       -67.2167       0.131686E+09    2.11031       0.211031        16.2100       0.122047E+09   0.953338E+07    105519.        893933.       -126.991        139.733       -13.3270               0           1        1529
         235    10.4832        8.88770        11.2022       -22.1345        72.4644       -122.299       0.111330E+09    2.00517       0.200517        14.7800       0.107248E+09   0.402002E+07    62138.0        678743.       -16.1767        26.5704        108.124               0           1        1500
         236    9.89878        8.10124        11.4924        1.01679        147.194       -77.4389       0.200372E+09    2.20617       0.220617        18.5700       0.190220E+09   0.990163E+07    250219.       0.145075E+07   -124.747       -119.529        162.028               0           1        1466
         237    10.4841        8.74413        10.5999        60.8573        61.7999       -39.0738       0.181484E+09    2.01446       0.201446        14.8500       0.144744E+09   0.362599E+08    480145.       0.292279E+07   -16.0188      -0.100315       -3.76180               0           1        1461
         238    10.6328        8.74471        10.6359       -85.9503        28.6598       -42.9780       0.263532E+09    1.94480       0.194480        15.5000       0.259724E+09   0.255523E+07   0.125339E+07   0.120663E+08    11.6049       0.743071E-02    2.91841               0           0        1460
         239    9.89077        9.45367        10.5659        13.2896        55.6434       -70.7549       0.111280E+09    2.01502       0.201502        14.8800       0.107913E+09   0.321638E+07    150571.       0.155924E+07   -126.235        131.709       -10.0798               0           1        1417
         240    10.3485        8.49968        10.7273        32.0631        172.935       -112.344       0.158668E+09    1.68584       0.168584        13.3000       0.127118E+09   0.283187E+08   0.323138E+07   0.151471E+07   -41.2033       -45.5112        19.9069               0           1        1389
         241    9.59275        8.64234        10.5797        15.7766        57.0186       -69.3249       0.120506E+09    2.08951       0.208951        15.7800       0.117557E+09   0.287604E+07    72550.9        788415.       -181.597       -19.0096       -7.52359               0           1        1388
         242    10.5470        8.19405        10.6614       -88.7364        150.359       -56.6147       0.185349E+09    2.22939       0.222939        16.3300       0.174757E+09   0.103055E+08    286721.       0.206888E+07   -4.33582       -102.287        7.65735               0           1        1381
         243    10.4274        7.85473        10.9451       -12.5873        135.687       -96.9096       0.120291E+09    2.01985       0.201985        15.0300       0.112154E+09   0.792830E+07    209046.       0.279100E+07   -26.5555       -165.322        60.3578               0           1        1358
         244    10.4239        8.36963        10.3608       -42.6349        134.258        11.8954       0.115634E+09    2.05124       0.205124        15.3200       0.111904E+09   0.363468E+07    95589.2        643034.       -27.2001       -69.6703       -48.1900               0           1        1350
         245    10.0721        8.47396        11.0096        19.6882        114.605       -137.944       0.130783E+09    1.92418       0.192418        14.1400       0.118805E+09   0.118001E+08    178151.       0.919882E+07   -92.5439       -50.2892        72.3472               0           1        1342
         246    10.5100        8.44246        11.0012       -69.4013        121.144       -123.070       0.126126E+09    2.03879       0.203879        14.9300       0.118805E+09   0.717876E+07    142344.        935610.       -11.1999       -56.1409        70.7849               0           1        1332
         248    10.7869        8.28916        10.5637       -89.3099        133.520       -38.8295       0.130148E+09    1.94795       0.194795        14.2900       0.117890E+09   0.118286E+08    429475.       0.235073E+07    40.2317       -84.6191       -10.4977               0           1        1269
         249    10.5294        8.40502        10.3662       -70.9570        123.242        41.2561       0.146192E+09    2.22345       0.222345        16.7300       0.143497E+09   0.235762E+07    338160.       0.192237E+07   -7.59419       -63.0960       -47.1831               0           1        1251
         250    10.1652        8.08382        10.6011       -13.0501        150.858       -17.8737       0.114547E+09    2.06945       0.206945        15.1600       0.111738E+09   0.256696E+07    242596.        740411.       -75.2638       -122.765       -3.53516               0           1        1231
         251    10.3242        9.24526        10.9399        6.53334        56.5120       -103.510       0.117624E+09    2.02003       0.202003        14.8000       0.112237E+09   0.532269E+07    64401.9       0.327912E+07   -45.7212        92.9935        59.3974               0           1        1213
         252    11.0781        7.89940        10.5262       -82.0895        109.217       -46.3953       0.110702E+09    1.90690       0.190690        14.0000       0.107498E+09   0.273415E+07    469688.       0.255705E+07    94.3366       -157.024       -17.4473               0           1        1197
         253    9.90351        8.77129        10.0385       -13.5118        87.5494       -38.6100       0.113779E+09    2.03582       0.203582        14.9800       0.110408E+09   0.329299E+07    78725.3        334343.       -123.868        4.94514       -108.050               0           1        1194
         254    9.75290        8.47491        11.4511        27.2413        116.908       -66.7912       0.119463E+09    2.06666       0.206666        15.3500       0.115728E+09   0.368597E+07    48398.5        268798.       -151.847       -50.1127        154.356               0           1        1169
         256    10.5854        8.98011        10.3795       -40.5415        42.2868        59.1898       0.117476E+09    1.77445       0.177445        13.0400       0.101179E+09   0.162473E+08    49586.1        292796.        2.79952        43.7372       -44.7106               0           1        1140
         257    11.0541        9.57999        10.8372       -28.4490        85.6121       -83.1999       0.128909E+09    1.92176       0.192176        14.1500       0.113401E+09   0.154934E+08    15176.5        30462.7        89.8726        155.176        40.3246               0           1        1075
         258    10.8606        9.58149        10.5155       -52.7016        33.1895        29.5213       0.132986E+09    2.08635       0.208635        15.7300       0.119719E+09   0.131208E+08    146604.        832717.        53.9209        155.454       -19.4387               0           1         740
         259    11.0146        9.77854        10.5918       -73.3714        12.2073       -60.8450       0.365278E+09    2.95370       0.295370        22.0800       0.345107E+09   0.193292E+08    842718.       0.183931E+08    82.5292        192.060       -5.26280               0           1         711
         260    11.0184        9.78441        10.5965       -71.7846        22.1371       -64.9006       0.288305E+09    2.34345       0.234345        17.2400       0.277016E+09   0.104555E+08    832909.       0.183756E+08    83.2407        193.150       -4.39712               0           1         579
