#          i      x              y              z              v_x            v_y            v_z            Mvir           Rvir     Rs (Rockstar)       v_max           Mdm           Mgas           Mstars    Avg age of stars     xc             yc             zc      flag DM only  flag outside Rvir  Np bound
# (h^-1 comoving Mpc) (h^-1 comoving Mpc) (h^-1 comoving Mpc) (km/s)         (km/s)         (km/s)         (Msun)         (kpc)         (kpc)           (km/s)         (Msun)         (Msun)         (Msun)         (yrs)          (kpc)          (kpc)          (kpc)
           1    10.5953        8.93769        10.5684        21.0998        65.1348       -41.7128       0.203837E+11    10.3936        1.03936        88.4300       0.187916E+11   0.140617E+10   0.185968E+09   0.313988E+10    0.00000        0.00000        0.00000               0           0      148714
           2    10.6189        8.67359        10.6620       -95.8627        133.527       -53.8993       0.217908E+11    10.5310        1.05310        88.2300       0.197363E+11   0.176376E+10   0.290737E+09   0.295405E+10    4.05562       -45.3084        16.0629               0           1      120236
           3    10.6708        9.09040        10.5708       -66.3395        64.2492       -18.5951       0.107484E+11    8.17264       0.817264        67.6300       0.983431E+10   0.806688E+09   0.107413E+09   0.171423E+10    12.9475        26.1986       0.411738               0           1       77368
           4    10.9094        9.50254        10.6036       -49.2533        39.4226       -45.2339       0.629808E+10    6.95458       0.695458        59.2700       0.566541E+10   0.586515E+09   0.461481E+08   0.845851E+09    53.8811        96.9044        6.04226               0           1       59827
           5    10.4642        8.24298        10.7359       -8.43819        166.497       -57.3146       0.732645E+10    7.36340       0.736340        60.9800       0.673934E+10   0.546919E+09   0.401889E+08   0.986272E+09   -22.4964       -119.183        28.7359               0           1       54133
           6    10.4660        8.30602        10.7155       -53.9372        125.014       -49.2050       0.355701E+10    5.75677       0.575677        49.8900       0.327461E+10   0.238016E+09   0.443806E+08   0.145525E+10   -22.1790       -108.368        25.2344               0           1       54095
           7    10.6234        8.71064        10.6510       -106.119        19.2014       -87.1366       0.105062E+11    6.12167       0.612167        50.5900       0.935290E+10   0.995075E+09   0.158227E+09   0.132472E+10    4.81391       -38.9522        14.1844               0           1       44804
           8    10.8556        9.41930        10.5722       -27.5667        64.0402       -18.1907       0.570574E+10    6.53787       0.653787        53.9200       0.492987E+10   0.754723E+09   0.211514E+08   0.238556E+09    44.6633        82.6239       0.650204               0           1       31507
           9    10.3923        8.46729        10.7386        11.0862        68.5494       -53.1204       0.650046E+10    7.09183       0.709183        60.5300       0.598958E+10   0.479868E+09   0.310060E+08   0.512845E+09   -34.8245       -80.7007        29.2043               0           1       29373
          10    10.5989        8.58259        10.6788       -83.3051        141.858       -33.9092       0.287416E+10    5.17142       0.517142        42.8100       0.244488E+10   0.390425E+09   0.388565E+08   0.396446E+09   0.617608       -60.9201        18.9503               0           1       28217
          11    10.1402        8.45769        10.9708       -25.6132        143.879       -95.9694       0.820198E+10    7.21638       0.721638        59.5200       0.741202E+10   0.734353E+09   0.556089E+08   0.589356E+09   -78.0690       -82.3477        69.0468               0           1       28016
          12    10.1052        8.48566        11.0319        41.2978        57.0082       -136.597       0.215942E+10    4.83053       0.483053        39.8400       0.193115E+10   0.215757E+09   0.125153E+08   0.189638E+09   -84.0787       -77.5492        79.5273               0           1       20969
          13    10.1880        8.40573        10.9065       -2.75711        130.021       -83.5679       0.151190E+10    4.30557       0.430557        35.6100       0.137045E+10   0.126675E+09   0.147680E+08   0.199031E+09   -69.8823       -91.2618        58.0019               0           1       17469
          14    10.4280        8.44126        10.7060       -44.8656        111.782       -58.1622       0.139784E+10    4.05407       0.405407        33.6000       0.124325E+10   0.149914E+09   0.466831E+07   0.206933E+09   -28.6913       -85.1664        23.6115               0           1       16736
          15    10.1179        8.49382        10.9903        78.7694       -3.35822       -64.5376       0.772006E+10    6.19853       0.619853        59.0100       0.680819E+10   0.871228E+09   0.406432E+08   0.395208E+09   -81.9051       -76.1493        72.3905               0           1       15809
          16    10.5862        8.92867        10.5551       -28.0183       -25.6052        11.3051       0.560784E+10    3.71884       0.371884        35.4900       0.514550E+10   0.313069E+09   0.149279E+09   0.238764E+10   -1.56632       -1.54745       -2.27142               0           0       15802
          17    10.3561        8.43664        10.7606        18.8382        109.841       -85.2443       0.130572E+10    4.01941       0.401941        33.2800       0.115986E+10   0.140437E+09   0.541466E+07   0.132417E+09   -41.0366       -85.9590        32.9785               0           1       15328
          18    9.85104        8.29453        10.6773        8.12571        88.6902       -59.4796       0.158884E+10    4.47524       0.447524        37.5800       0.149791E+10   0.845007E+08   0.643318E+07   0.119613E+09   -127.682       -110.339        18.6946               0           1       14493
          19    10.5372        8.80461        10.5714        59.9424        101.758       -46.8188       0.102277E+10    3.74218       0.374218        30.8800       0.941125E+09   0.759842E+08   0.565694E+07   0.965709E+08   -9.96064       -22.8309       0.514673               0           1       14123
          20    9.79585        8.18418        10.6442        10.0135        112.632       -47.7186       0.117552E+10    4.02747       0.402748        33.2200       0.110316E+10   0.684248E+08   0.393249E+07   0.135904E+09   -137.150       -129.270        13.0144               0           1       13914
          21    10.6099        8.91223        10.3949       -95.5403        88.8815        37.8247       0.177716E+10    4.44796       0.444796        36.8300       0.152668E+10   0.239940E+09   0.105440E+08   0.132098E+09    2.50474       -4.36786       -29.7618               0           1       13634
          22    10.4968        8.69131        11.0603       -41.7370        92.8417       -109.555       0.185574E+10    4.58641       0.458641        38.3300       0.163442E+10   0.208940E+09   0.123754E+08   0.129025E+09   -16.9036       -42.2684        84.3995               0           1       13258
          23    10.5397        8.55890        10.7075       -20.8450        84.8092       -113.889       0.133809E+10    4.19371       0.419371        34.6100       0.124982E+10   0.831430E+08   0.512309E+07   0.116911E+09   -9.53861       -64.9843        23.8637               0           1       13249
          24    10.4403        9.42302        10.4603       -1.32322        27.0929       -40.6075       0.104904E+10    3.92952       0.392952        34.1500       0.100722E+10   0.369218E+08   0.490032E+07   0.155796E+09   -26.5966        83.2621       -18.5351               0           1       12748
          25    10.6300        8.58029        10.7113       -82.5077        157.329       -18.5133       0.109191E+10    3.70718       0.370718        31.5300       0.104887E+10   0.373045E+08   0.573621E+07   0.104424E+09    5.95477       -61.3147        24.5139               0           1       12717
          26    10.6886        9.07727        10.5384       -79.4751        38.0396       -118.899       0.193662E+10    3.94805       0.394804        34.3600       0.183671E+10   0.955950E+08   0.432003E+07   0.130049E+09    16.0063        23.9460       -5.14502               0           1       12430
          27    10.2994        8.29379        10.2728       -24.6593        125.530        9.01180       0.140448E+10    4.28069       0.428069        36.0500       0.129712E+10   0.102744E+09   0.461358E+07   0.115590E+09   -50.7622       -110.466       -50.7125               0           1       12329
          28    10.1365        8.46903        10.9859       -80.9080        65.3577       -89.4277       0.386095E+10    3.74990       0.374990        31.8600       0.348978E+10   0.325529E+09   0.456433E+08   0.454289E+09   -78.7021       -80.4022        71.6305               0           1       12224
          29    10.6504        8.72313        10.4936       -108.363        115.344        39.1356       0.108678E+10    3.95576       0.395576        32.6300       0.105020E+10   0.332225E+08   0.334930E+07   0.124999E+09    9.46312       -36.8094       -12.8274               0           1       12216
          30    9.89192        8.05890        11.5299       -23.7596        101.374       -89.8325       0.135345E+10    4.18153       0.418153        34.8400       0.123610E+10   0.111671E+09   0.568159E+07   0.976001E+08   -120.669       -150.763        164.965               0           1       11275
          31    10.8953        9.38616        10.8789       -19.8610        74.7889       -112.985       0.122598E+10    4.05853       0.405853        34.0100       0.114381E+10   0.781924E+08   0.397014E+07   0.120435E+09    51.4622        76.9385        53.2755               0           1       11101
          32    10.0369        8.49637        11.1218        20.5089        92.2284       -121.771       0.119841E+10    3.90704       0.390704        37.2200       0.989510E+09   0.194919E+09   0.139847E+08   0.104608E+09   -95.7978       -75.7118        94.9469               0           1       10706
          33    9.74874        8.79065        11.2718        15.9215        61.1553       -56.7339       0.102514E+10    3.85918       0.385918        32.6900       0.953262E+09   0.684953E+08   0.338230E+07   0.865017E+08   -145.232       -25.2258        120.674               0           1       10325
          34    10.5236        8.86143        10.3968       -11.4552        97.9197        41.3689       0.125676E+10    4.01169       0.401169        33.1100       0.110034E+10   0.153627E+09   0.279884E+07   0.552485E+08   -12.2990       -13.0830       -29.4376               0           1       10122
          35    10.4221        9.12203        10.6060        32.3711        31.4230       -53.5162       0.730526E+09    3.41262       0.341261        28.1500       0.684726E+09   0.433658E+08   0.243451E+07   0.695916E+08   -29.7104        31.6249        6.45572               0           1        9849
          36    10.8340        9.43241        10.5833       -100.978        41.2901       -13.4046       0.176081E+10    3.75521       0.375521        33.7500       0.166552E+10   0.903847E+08   0.490611E+07   0.677927E+08    40.9474        84.8730        2.55449               0           1        9283
          37    10.1239        8.48789        10.9918       -12.5947        63.0115       -135.213       0.384211E+10    3.11857       0.311857        30.0100       0.335095E+10   0.459695E+09   0.314629E+08   0.229800E+09   -80.8671       -77.1666        72.6495               0           1        8607
          38    10.6710        8.06432        10.5689       -55.5508        126.687       -15.3160       0.816032E+09    3.55792       0.355792        29.3800       0.753232E+09   0.611500E+08   0.165010E+07   0.292062E+08    12.9852       -149.833       0.943567E-01           0           1        8553
          39    10.6663        9.06520        10.5617       -84.2568       0.220708        29.1747       0.120473E+10    2.87375       0.287375        25.3700       0.109743E+10   0.962372E+08   0.110638E+08   0.166130E+09    12.1754        21.8753       -1.13914               0           1        8192
          40    10.5586        8.47500        10.6940       -37.4077        127.722       -45.0706       0.347463E+09    2.52361       0.252361        21.9300       0.280591E+09   0.638448E+08   0.302689E+07   0.313466E+08   -6.29617       -79.3780        21.5511               0           1        8176
          41    10.6431        8.68316        10.6974       -61.1515        65.3521       -39.8529       0.110637E+10    3.26388       0.326387        28.4700       0.106550E+10   0.385521E+08   0.231594E+07   0.715202E+08    8.20217       -43.6666        22.1292               0           1        8111
          42    10.3817        8.48055        10.7530        67.3976        23.0939       -52.9395       0.150950E+10    3.23660       0.323660        27.0300       0.134245E+10   0.160970E+09   0.608282E+07   0.111744E+09   -36.6516       -78.4259        31.6798               0           1        7940
          43    10.5662        8.87563        10.4681       -63.5777        87.5462        52.9091       0.126073E+10    3.90876       0.390876        34.5800       0.120110E+10   0.579249E+08   0.171167E+07   0.597692E+08   -4.98547       -10.6469       -17.1952               0           1        7885
          44    10.6697        8.05103        10.4951       -49.5020        153.159        15.9964       0.974299E+09    3.81646       0.381646        33.7200       0.921005E+09   0.510790E+08   0.221514E+07   0.437054E+08    12.7605       -152.113       -12.5752               0           1        7798
          45    11.0123        9.76079        10.5166       -51.6503        22.5631       -25.7657       0.749133E+09    3.41227       0.341227        28.2100       0.686056E+09   0.605614E+08   0.251573E+07   0.327638E+08    71.5430        141.209       -8.87639               0           1        7604
          46    10.6187        8.66625        10.6655       -43.2751        76.3806       -102.159       0.358852E+10    2.37384       0.237384        24.5200       0.310818E+10   0.326554E+09   0.153779E+09   0.149420E+10    4.02131       -46.5676        16.6651               0           1        7468
          47    10.8494        8.99942        10.7224       -116.657        79.4126       -83.5115       0.449095E+09    2.91664       0.291664        25.7900       0.420180E+09   0.255682E+08   0.334658E+07   0.949995E+08    43.5928        10.5903        26.4302               0           1        7278
          48    9.83498        8.60284        11.3994       -24.4392        81.8114       -78.5777       0.570984E+09    3.05509       0.305509        25.2000       0.492843E+09   0.760324E+08   0.210880E+07   0.391962E+08   -130.437       -57.4461        142.573               0           1        7223
          49    10.6215        9.03198        10.5949       -83.4831        87.4387       -3.36208       0.824478E+09    3.31534       0.331534        28.0100       0.768945E+09   0.505618E+08   0.497120E+07   0.370518E+08    4.49824        16.1762        4.54799               0           1        7200
          50    9.81789        8.15253        10.6494       -2.42238        142.125       -43.7888       0.615480E+09    3.13401       0.313401        25.8500       0.567834E+09   0.462291E+08   0.141756E+07   0.418696E+08   -133.369       -134.700        13.9030               0           1        6985
          51    10.4040        8.46053        10.7262       -24.1649        128.612       -49.9547       0.201972E+10    3.21773       0.321773        27.3100       0.189708E+10   0.105400E+09   0.172447E+08   0.240743E+09   -32.8224       -81.8605        27.0752               0           1        6964
          52    10.7167        9.21654        10.4111       -34.5308        32.5492        19.3756       0.357943E+09    2.64798       0.264798        22.0400       0.319999E+09   0.369827E+08    961381.       0.532583E+08    20.8323        47.8389       -26.9792               0           1        6953
          53    10.1232        8.49279        10.9904       -2.31624        40.0360       -64.3697       0.305778E+10    2.67115       0.267114        23.3900       0.264999E+10   0.378375E+09   0.294109E+08   0.224187E+09   -80.9872       -76.3260        72.4076               0           1        6932
          54    10.5877        8.94363        10.5701       -126.628        64.1300       -121.170       0.354903E+10    2.58863       0.258863        23.1800       0.312540E+10   0.291880E+09   0.131751E+09   0.214292E+10   -1.29869        1.01905       0.296795               0           0        6537
          55    10.1638        8.47173        10.8745        22.8081        48.0808       -34.2564       0.536633E+09    3.01340       0.301340        24.8600       0.489684E+09   0.450963E+08   0.185246E+07   0.276150E+08   -74.0289       -79.9390        52.5275               0           1        6533
          56    10.2758        8.40577        10.8126       -4.69140        113.150       -76.4461       0.541329E+09    3.05166       0.305166        25.7700       0.484529E+09   0.538473E+08   0.295202E+07   0.419899E+08   -54.8110       -91.2550        41.8961               0           1        6391
          57    10.4988        8.63859        10.9712       -45.5489        105.563       -113.055       0.497291E+09    2.98389       0.298389        24.6300       0.457676E+09   0.373559E+08   0.225983E+07   0.434968E+08   -16.5519       -51.3129        69.1017               0           1        6274
          58    10.5863        8.87935        10.5607        62.4057        110.807       -26.0882       0.829801E+09    2.82091       0.282091        23.7500       0.797712E+09   0.293887E+08   0.269952E+07   0.946491E+08   -1.54917       -10.0087       -1.31242               0           0        6221
          59    10.9195        9.45502        10.6903       -43.1431        50.5320       -71.7429       0.692763E+09    3.38019       0.338019        27.9900       0.660865E+09   0.289079E+08   0.298960E+07   0.459926E+08    55.6276        88.7519        20.9215               0           1        6189
          60    10.2380        8.38255        10.8394        3.35032        144.769       -79.8766       0.839484E+09    3.49273       0.349273        30.4000       0.727875E+09   0.105816E+09   0.579346E+07   0.388838E+08   -61.2958       -95.2385        46.4973               0           1        6178
          61    10.5224        8.82740        10.5658        55.3149        76.0586       -56.9935       0.675767E+09    2.93671       0.293672        24.4600       0.613227E+09   0.594817E+08   0.305845E+07   0.104424E+09   -12.4963       -18.9211      -0.446050               0           1        5850
          62    10.6517        8.08164        10.4958       -54.0252        107.831        23.8179       0.592575E+09    3.13006       0.313006        26.3100       0.545137E+09   0.462089E+08   0.122943E+07   0.266437E+08    9.68100       -146.862       -12.4465               0           1        5836
          63    10.2508        8.26558        10.4480       -6.82400        115.397       -3.66032       0.520473E+09    3.07516       0.307516        25.4000       0.493508E+09   0.260297E+08    934681.       0.134718E+08   -59.0965       -115.306       -20.6470               0           1        5820
          64    10.6223        8.51347        10.6965       -137.376        155.268       -6.57494       0.367005E+09    2.56409       0.256409        22.3900       0.337042E+09   0.286012E+08   0.136133E+07   0.173993E+08    4.63206       -72.7782        21.9765               0           1        5811
          65    10.6783        8.01770        10.6617       -85.0811        121.533       -50.4365       0.697727E+09    3.32478       0.332478        27.4300       0.650308E+09   0.446756E+08   0.274389E+07   0.429180E+08    14.2341       -157.831        16.0115               0           1        5794
          66    10.6176        8.51928        10.6398       -111.464        165.938       -32.1415       0.288880E+09    2.32374       0.232374        19.1700       0.242764E+09   0.432841E+08   0.283261E+07   0.464754E+08    3.83088       -71.7815        12.2578               0           1        5695
          67    10.9769        8.24438        10.5503       -117.095        85.9461       -33.4515       0.450841E+09    2.93243       0.293243        24.3300       0.428494E+09   0.214074E+08    939278.       0.365916E+08    65.4630       -118.943       -3.10519               0           1        5672
          68    10.2402        9.21460        10.5135        33.9314        49.3268       -42.8943       0.451463E+09    2.93277       0.293277        24.2600       0.426083E+09   0.238421E+08   0.153802E+07   0.322703E+08   -60.9201        47.5060       -9.41165               0           1        5650
          69    11.0429        9.83259        10.4773       -58.6520        18.7572       -19.1976       0.742553E+09    3.33010       0.333010        27.4700       0.647148E+09   0.927471E+08   0.265778E+07   0.341400E+08    76.7858        153.527       -15.6238               0           1        5589
          70    10.6029        8.85492        10.6022       -50.9853        90.9131       -51.4500       0.478995E+09    2.68264       0.268264        22.3700       0.372792E+09   0.103574E+09   0.262933E+07   0.399120E+08    1.31242       -14.1998        5.79693               0           1        5527
          71    10.5682        8.63596        10.6949        21.8523        79.1461       -119.384       0.590877E+09    2.91853       0.291853        24.1200       0.523604E+09   0.649991E+08   0.227380E+07   0.179115E+08   -4.64750       -51.7641        21.7106               0           1        5484
          72    10.5847        8.49675        10.6804       -45.1752        123.564       -47.7552       0.290411E+09    2.25220       0.225220        18.9900       0.237027E+09   0.517751E+08   0.160902E+07   0.203380E+08   -1.81508       -75.6466        19.2248               0           1        5470
          73    10.6796        9.08873        10.5404       -141.899       -37.5545       -61.0190       0.580538E+09    2.17483       0.217483        20.0500       0.539734E+09   0.390746E+08   0.172912E+07   0.343932E+08    14.4606        25.9121       -4.80018               0           1        5393
          74    10.9196        9.10926        10.7594       -106.879        91.8839       -81.6602       0.363419E+09    2.66617       0.266617        21.9900       0.326733E+09   0.348423E+08   0.184405E+07   0.646206E+08    55.6379        29.4342        32.7744               0           1        5325
          75    10.6430        7.85348        10.7893       -46.3852        137.637       -68.2213       0.591966E+09    3.18410       0.318410        26.3000       0.555613E+09   0.334593E+08   0.289467E+07   0.558886E+08    8.17987       -186.005        37.9057               0           1        5304
          76    10.5607        8.44788        10.7134       -70.3171        146.668       -32.4361       0.837552E+09    3.47489       0.347489        28.6600       0.736190E+09   0.997646E+08   0.159758E+07   0.304051E+08   -5.94104       -84.0307        24.8810               0           1        5014
          77    9.84359        8.59221        11.4349        8.37653        97.8776       -73.4156       0.591531E+09    3.13349       0.313349        25.8400       0.529673E+09   0.600012E+08   0.185664E+07   0.162114E+08   -128.960       -59.2698        148.655               0           1        4957
          78    10.6143        8.81271        10.6181       -76.9490        59.2903       -50.7915       0.454844E+09    2.49804       0.249804        22.1400       0.349762E+09   0.101340E+09   0.374165E+07   0.152411E+08    3.25273       -21.4413        8.52985               0           1        4937
          79    10.4399        9.26964        10.8028       -5.58485        36.1913       -87.5138       0.432756E+09    2.89022       0.289022        24.5400       0.403802E+09   0.281657E+08    788570.       0.170898E+08   -26.6652        56.9486        40.2251               0           1        4935
          80    10.2014        9.38511        10.4263        22.6529        30.8440       -42.4479       0.482214E+09    3.02335       0.302335        25.5100       0.456013E+09   0.257925E+08    408450.       0.235112E+08   -67.5680        76.7583       -24.3766               0           1        4914
          81    9.92527        8.88482        11.4423       -29.1901        40.8474       -82.0868       0.410060E+09    2.83189       0.283189        23.3800       0.384847E+09   0.240412E+08   0.117237E+07   0.547748E+08   -114.947       -9.07026        149.929               0           1        4890
          82    11.0219        9.57665        10.8039       -48.3046        39.0727       -48.1896       0.536719E+09    3.11205       0.311205        25.7400       0.505896E+09   0.288317E+08   0.199134E+07   0.391373E+08    73.1814        109.619        40.4018               0           1        4793
          83    11.0312        9.50707        10.8292       -16.5199        51.5534       -70.6845       0.817544E+09    3.51744       0.351744        30.5500       0.745749E+09   0.697219E+08   0.207300E+07   0.311753E+08    74.7769        97.6815        44.7508               0           1        4750
          84    10.5329        8.11449        10.7494       -63.2380        171.806       -74.8238       0.295324E+09    2.39459       0.239459        19.8000       0.240519E+09   0.530766E+08   0.172895E+07   0.346320E+08   -10.7001       -141.226        31.0640               0           1        4673
          85    10.9563        9.51810        10.6398       -52.9208        15.3849       -97.1541       0.330901E+09    2.49719       0.249719        20.7300       0.302041E+09   0.278095E+08   0.105068E+07   0.332581E+08    61.9409        99.5738        12.2578               0           1        4633
          86    10.6030        7.94912        10.7647       -55.2513        142.153       -76.2267       0.421257E+09    2.76722       0.276722        22.8300       0.371960E+09   0.472785E+08   0.201832E+07   0.237325E+08    1.31585       -169.597        33.6751               0           1        4619
          87    10.4792        8.11053        10.7457       -37.0128        169.784       -97.9086       0.356031E+09    2.64713       0.264713        21.8800       0.325985E+09   0.295718E+08    474691.       0.325654E+08   -19.9213       -141.906        30.4172               0           1        4529
          88    10.9557        8.11491        10.5435       -90.5209        109.806       -26.6331       0.435853E+09    2.84510       0.284510        23.4700       0.393493E+09   0.412829E+08   0.107749E+07   0.226684E+08    61.8242       -141.154       -4.26836               0           1        4517
          89    10.6450        8.73253        10.6566        35.4378        36.5261       -77.5097       0.167278E+10    3.10433       0.310433        26.9200       0.139300E+10   0.258510E+09   0.212726E+08   0.142216E+09    8.52813       -35.1968        15.1400               0           1        4469
          90    10.0696        8.39196        11.0939       -8.21860        127.568       -122.913       0.420277E+09    2.79346       0.279346        23.7200       0.366390E+09   0.518266E+08   0.206052E+07   0.104087E+08   -90.1793       -93.6242        90.1673               0           1        4423
          91    10.5882        8.97862        10.5896       -113.862        46.4871       -20.1368       0.271759E+09    2.03604       0.203604        19.8600       0.265959E+09   0.500078E+07    798789.       0.196259E+08   -1.21806        7.02186        3.63702               0           0        4418
          92    9.81502        8.38303        10.6359        19.8460        70.2535       -55.7959       0.741631E+09    3.36990       0.336990        27.8000       0.668597E+09   0.710338E+08   0.199968E+07   0.236070E+08   -133.861       -95.1562        11.5939               0           1        4405
          93    10.6435        8.73366        10.6491        25.1684        29.8814       -13.2620       0.995782E+09    2.34845       0.234845        19.7400       0.846267E+09   0.136106E+09   0.134099E+08   0.123567E+09    8.26393       -35.0029        13.8481               0           1        4402
          94    10.8051        8.30954        10.5859       -106.821        110.733       -22.8269       0.334193E+09    2.63014       0.263014        21.7800       0.307029E+09   0.257563E+08   0.140730E+07   0.218942E+08    35.9928       -107.764        3.01084               0           1        4399
          95    10.6903        8.97024        10.8454       -59.0254        65.2784       -135.379       0.352134E+09    2.69087       0.269087        22.6200       0.324655E+09   0.256604E+08   0.181913E+07   0.293695E+08    16.3066        5.58420        47.5232               0           1        4348
          96    9.82342        8.64335        11.4549       -9.86950        52.9688       -93.3496       0.417113E+09    2.87753       0.287753        24.2600       0.395738E+09   0.204880E+08    886960.       0.266720E+08   -132.420       -50.4963        152.086               0           1        4256
          97    10.5331        8.88097        10.5479        99.6079        56.7381       0.223165       0.456900E+09    2.78437       0.278437        23.1600       0.411368E+09   0.451076E+08    424886.       0.171239E+08   -10.6640       -9.73075       -3.50835               0           1        4230
          98    10.4572        8.64039        10.6579        5.06703        104.995       -32.1758       0.388173E+09    2.58588       0.258588        21.5400       0.323075E+09   0.648153E+08    282552.       0.681658E+07   -23.6904       -51.0041        15.3647               0           1        4147
          99    10.3928        8.45883        10.7455        29.2727        150.702       0.952876       0.106781E+10    2.02214       0.202214        17.2400       0.102668E+10   0.253427E+08   0.157818E+08   0.188554E+09   -34.7301       -82.1521        30.3846               0           1        4101
         100    9.82353        8.37203        10.6488        2.79509        79.1952       -79.5493       0.226516E+09    2.03501       0.203501        17.5800       0.201361E+09   0.239606E+08   0.119484E+07   0.119370E+08   -132.401       -97.0433        13.8070               0           1        3955
         101    10.5516        8.89421        10.4926        1.22527        46.4268        47.6668       0.212572E+09    1.98389       0.198389        16.5900       0.163450E+09   0.487624E+08    359793.       0.923159E+07   -7.48849       -7.45933       -13.0006               0           1        3937
         102    10.3914        8.19228        10.7362        17.1843        170.897       -32.8426       0.322790E+09    2.52052       0.252052        20.9000       0.286079E+09   0.356874E+08   0.102404E+07   0.148500E+08   -34.9806       -127.881        28.7857               0           1        3865
         103    10.6029        8.67399        10.6750       -229.837        147.088       -110.450       0.566470E+09    1.93293       0.193293        17.9500       0.471643E+09   0.919214E+08   0.290546E+07   0.503033E+08    1.31413       -45.2398        18.2949               0           1        3819
         104    10.1183        8.48255        10.9671        39.3458        58.2007        27.0324       0.305483E+09    1.88318       0.188318        16.4200       0.265377E+09   0.395658E+08    539646.       0.812578E+07   -81.8382       -78.0828        68.4103               0           1        3788
         105    10.7183        9.36457        10.2870       -50.4730        23.1545       -19.8493       0.476081E+09    3.00156       0.300156        24.9100       0.465657E+09   0.856727E+07   0.185674E+07   0.472976E+08    21.1102        73.2345       -48.2678               0           1        3774
         106    10.2940        9.23512        10.5379        23.3240        31.7036       -48.4190       0.311977E+09    2.54900       0.254900        21.0300       0.283086E+09   0.284315E+08    459758.       0.869328E+07   -51.6818        51.0264       -5.22736               0           1        3773
         107    10.5437        8.45930        10.7878       -92.1271        127.944       -138.127       0.375401E+09    2.73291       0.273291        22.7600       0.344857E+09   0.296598E+08    884433.       0.127408E+08   -8.84723       -82.0715        37.6380               0           1        3767
         108    10.5833        8.88649        10.6044       -40.5565        103.286       -70.0410       0.485099E+09    2.52086       0.252086        21.5400       0.390833E+09   0.935965E+08    669492.       0.139633E+08   -2.05011       -8.78375        6.18122               0           1        3764
         109    10.6795        9.10265        10.5712       -85.6156       -13.0344       -30.5672       0.890109E+09    2.00344       0.200344        18.3200       0.764958E+09   0.107505E+09   0.176461E+08   0.210872E+09    14.4555        28.3002       0.492371               0           1        3704
         110    10.5676        9.10557        11.2584       -29.5635        69.6590       -110.530       0.589381E+09    3.20898       0.320898        26.7400       0.548296E+09   0.404892E+08    595290.       0.417994E+08   -4.75558        28.8011        118.371               0           1        3701
         111    10.7924        9.28671        10.5755       -6.41369        34.5382       -53.2573       0.335315E+09    2.58417       0.258417        21.8600       0.302872E+09   0.320490E+08    393332.       0.827712E+07    33.8072        59.8771        1.22149               0           1        3694
         112    10.9029        9.42048        10.7325       -44.7164        72.2029       -102.078       0.388446E+09    2.53098       0.253098        21.1400       0.283501E+09   0.104179E+09    765710.       0.205089E+08    52.7780        82.8263        28.1646               0           1        3672
         113    10.5882        8.67477        10.6605       -80.0248        81.1520       -104.891       0.789396E+09    2.23625       0.223625        19.5500       0.734360E+09   0.521604E+08   0.287609E+07   0.813771E+08   -1.22321       -45.1059        15.8073               0           1        3590
         114    10.4454        8.19619        10.7005       -38.7403        190.367       -97.1575       0.236914E+09    2.21515       0.221515        18.9400       0.227632E+09   0.812847E+07   0.115347E+07   0.154422E+08   -25.7096       -127.210        22.6731               0           1        3534
         115    10.4767        8.25325        10.7026       -125.967        145.622       -30.8554       0.284388E+09    2.27004       0.227004        19.1300       0.254486E+09   0.288801E+08   0.102228E+07   0.301722E+08   -20.3502       -117.421        23.0333               0           1        3504
         116    10.4127        9.15914        10.6307        43.6465        36.7607       -86.1540       0.208990E+09    2.21189       0.221189        18.2700       0.196954E+09   0.116433E+08    392100.       0.102368E+08   -31.3213        37.9915        10.6983               0           1        3492
         117    10.8057        9.34761        10.5353       -104.033        85.1450        13.4517       0.154296E+09    1.90000       0.190000        16.1700       0.136513E+09   0.175429E+08    240513.       0.664006E+07    36.0992        70.3249       -5.68028               0           1        3489
         118    10.6085        8.53143        10.6657       -119.583        189.716       -47.0204       0.324634E+09    2.36320       0.236320        19.5000       0.278264E+09   0.448301E+08   0.153998E+07   0.421953E+08    2.27485       -69.6970        16.6926               0           1        3472
         119    10.5889        8.67369        10.6673       -148.328        107.870       -130.154       0.948692E+09    2.31791       0.231791        21.3900       0.883511E+09   0.621978E+08   0.298361E+07   0.834705E+08   -1.08939       -45.2912        16.9705               0           1        3449
         120    10.7063        9.37837        10.2241       -40.8715        46.8012        27.1572       0.486238E+09    2.55998       0.255998        22.3000       0.445870E+09   0.389406E+08   0.142753E+07   0.135698E+08    19.0446        75.6020       -59.0639               0           1        3387
         121    10.5513        8.43433        10.7028       -96.0384        167.650       -14.0496       0.536564E+09    2.71764       0.271764        22.5200       0.460502E+09   0.749225E+08   0.113892E+07   0.247754E+08   -7.55025       -86.3553        23.0574               0           1        3366
         122    9.64038        9.30025        11.1906        8.79334        41.1675       -63.1501       0.289299E+09    2.54642       0.254642        21.0500       0.274855E+09   0.139222E+08    521707.       0.125896E+08   -163.822        62.2000        106.747               0           1        3352
         123    10.4990        8.73971        10.3658       -23.4306        117.104        38.7895       0.293611E+09    2.51177       0.251177        24.1200       0.262384E+09   0.306074E+08    619422.       0.141464E+08   -16.5141       -33.9650       -34.7524               0           1        3305
         124    10.6778        7.95130        10.6927       -77.2805        126.390       -64.0517       0.249228E+09    2.38430       0.238430        20.5500       0.235697E+09   0.126682E+08    862597.       0.191094E+08    14.1518       -169.223        21.3349               0           1        3206
         125    10.1763        8.30431        10.8638        16.8037        148.045       -78.6051       0.295248E+09    2.56718       0.256718        21.2100       0.284416E+09   0.963773E+07   0.119489E+07   0.154014E+08   -71.8758       -108.661        50.6902               0           1        3186
         126    10.5393        8.50914        10.6996       -60.6894        119.729       -130.002       0.163230E+09    1.98234       0.198234        16.4900       0.157464E+09   0.526765E+07    498108.       0.928065E+07   -9.60895       -73.5210        22.5152               0           1        3168
         127    10.6949        9.18389        10.4988       -83.8138        26.6215        15.8491       0.371021E+09    2.60973       0.260973        21.7000       0.334714E+09   0.352298E+08   0.107703E+07   0.731594E+07    17.0837        42.2375       -11.9267               0           1        3137
         128    10.5085        8.75558        11.1202       -37.6310        55.3469       -125.852       0.156634E+09    1.95284       0.195283        16.1200       0.131525E+09   0.247994E+08    309379.       0.870206E+07   -14.8912       -31.2424        94.6638               0           1        3097
         129    10.4164        9.21614        10.7383        11.5628        35.7890       -85.2235       0.300974E+09    2.52223       0.252223        20.8300       0.267622E+09   0.328109E+08    541374.       0.126007E+08   -30.6814        47.7702        29.1545               0           1        2991
         130    10.4617        9.06686        10.5941        43.7701        28.0487       -59.7668       0.251412E+09    2.31036       0.231036        19.4300       0.220732E+09   0.301132E+08    566598.       0.643328E+07   -22.9150        22.1601        4.41589               0           1        2952
         131    10.8771        9.36853        10.7025       -35.0306        75.6740       -92.6554       0.230542E+09    2.37366       0.237366        20.0800       0.225471E+09   0.386293E+07   0.120791E+07   0.120787E+08    48.3398        73.9139        23.0042               0           1        2942
         132    11.0370        8.01118        10.5327       -103.450        125.934       -19.3542       0.271985E+09    1.96004       0.196004        16.1700       0.230542E+09   0.387007E+08   0.274216E+07   0.156687E+08    75.7787       -158.950       -6.12461               0           1        2890
         133    10.5843        8.81557        10.5756        5.59977        86.3527       -62.8574       0.171122E+09    2.04290       0.204290        16.8600       0.152808E+09   0.180510E+08    262973.       0.406790E+07   -1.88713       -20.9506        1.24894               0           1        2821
         134    10.5294        8.65932        10.4620       -48.6313        110.637        31.9981       0.433797E+09    2.87067       0.287067        25.3800       0.400310E+09   0.323710E+08   0.111589E+07   0.286231E+08   -11.3039       -47.7565       -18.2469               0           1        2792
         135    10.1637        8.48085        10.9802       -89.7953        23.7228       -86.8770       0.240151E+09    2.07893       0.207893        17.6100       0.209093E+09   0.303460E+08    712520.       0.118076E+08   -74.0443       -78.3744        70.6440               0           1        2784
         136    10.3810        8.25104        10.6690        8.68445        135.980        11.9996       0.299505E+09    2.53081       0.253081        20.9200       0.283418E+09   0.155455E+08    540946.       0.815093E+07   -36.7614       -117.800        17.2621               0           1        2755
         137    10.7610        8.57068        10.6399       -148.279        116.848       -33.2256       0.208597E+09    2.23179       0.223179        18.4300       0.194377E+09   0.135034E+08    716509.       0.216803E+08    28.4254       -62.9634        12.2732               0           1        2744
         138    10.4670        8.15341        10.7344       -21.6812        174.725       -101.343       0.138422E+09    1.88335       0.188335        16.0600       0.120550E+09   0.174580E+08    413754.       0.163329E+07   -22.0177       -134.549        28.4889               0           1        2742
         139    11.0303        9.81984        10.4865       -38.8825        27.7743       -37.1026       0.272036E+09    2.33627       0.233627        19.5200       0.261636E+09   0.872992E+07   0.167028E+07   0.206611E+08    74.6259        151.340       -14.0471               0           1        2721
         140    10.3363        8.92898        10.1585       -5.25650        72.8120       -2.42396       0.200822E+09    2.24448       0.224448        18.5300       0.191883E+09   0.878768E+07    150998.       0.677881E+07   -44.4369       -1.49427       -70.3232               0           1        2717
         141    10.7283        9.36062        10.2787       -43.6333        50.6715        4.88177       0.350574E+09    2.28960       0.228960        19.1600       0.334714E+09   0.144140E+08   0.144543E+07   0.191454E+08    22.8189        72.5569       -49.6985               0           1        2701
         142    10.6246        8.92144        10.3758       -85.4647        67.3144        64.6387       0.318636E+09    2.21806       0.221806        18.6900       0.284998E+09   0.326374E+08   0.100117E+07   0.813487E+07    5.02836       -2.78781       -33.0437               0           1        2692
         143    10.0911        9.07293        11.2363        6.97949        38.3942       -76.4424       0.184233E+09    2.18135       0.218135        18.0100       0.175422E+09   0.858635E+07    224548.       0.190483E+08   -86.4908        23.2015        114.595               0           1        2673
         144    10.6471        8.99568        10.5537       -83.5501        42.0074       -31.3322       0.167194E+09    1.79655       0.179655        15.0500       0.148817E+09   0.178361E+08    540585.       0.895314E+07    8.88497        9.94863       -2.51332               0           1        2659
         145    11.0351        8.01612        10.5328       -84.4598        87.8201       -27.4434       0.429561E+09    2.79518       0.279518        23.0600       0.378113E+09   0.486070E+08   0.284168E+07   0.164937E+08    75.4597       -158.102       -6.10574               0           1        2651
         146    10.8332        8.39247        10.5943       -116.048        93.0198       -12.9467       0.249986E+09    2.39717       0.239717        20.6800       0.233702E+09   0.159636E+08    321104.       0.165101E+07    40.8084       -93.5367        4.45021               0           1        2627
         147    10.8231        9.33187        10.5546       -9.82340        49.5662       -57.3029       0.139169E+09    1.90874       0.190874        15.9900       0.135183E+09   0.338862E+07    597955.       0.893708E+07    39.0860        67.6246       -2.35892               0           1        2621
         148    10.6016        8.57351        10.6752       -95.0365        150.350       -87.3493       0.804811E+09    2.19027       0.219027        20.5400       0.747163E+09   0.371558E+08   0.204929E+08   0.293313E+09    1.08768       -62.4779        18.3206               0           1        2553
         149    10.0660        8.35993        11.0916        35.9276        125.616       -99.0102       0.285728E+09    2.41638       0.241638        20.0100       0.258809E+09   0.266717E+08    246614.       0.841907E+07   -90.8021       -99.1192        89.7607               0           1        2540
         150    9.89976        8.84780        11.4286       -20.2435        56.5452       -68.1503       0.321602E+09    2.56392       0.256392        21.1700       0.288822E+09   0.321988E+08    581144.       0.448197E+07   -119.324       -15.4213        147.576               0           1        2511
         151    10.6884        8.04192        10.5929       -51.5502        145.897       -23.6344       0.161511E+09    2.06881       0.206881        18.1000       0.150896E+09   0.100771E+08    537554.       0.478941E+07    15.9686       -153.676        4.19973               0           1        2501
         152    9.95888        8.20844        11.3582       -5.50606        99.6288       -92.3485       0.147704E+09    2.04908       0.204908        17.2200       0.139173E+09   0.790900E+07    621207.       0.160269E+08   -109.181       -125.108        135.496               0           1        2465
         153    10.6194        8.73601        10.6508       -60.7320       -34.6454       -43.0160       0.316578E+09    1.88661       0.188661        16.6300       0.258560E+09   0.534915E+08   0.452685E+07   0.462318E+08    4.13797       -34.5998        14.1466               0           1        2462
         154    10.2503        8.31119        10.6957        29.1589        123.877       -20.3591       0.197415E+09    2.24380       0.224380        19.0400       0.187643E+09   0.953418E+07    237863.       0.794825E+07   -59.1908       -107.481        21.8479               0           1        2446
         155    10.2116        8.36531        10.8749        25.6513        166.420       -80.8230       0.146782E+09    1.95609       0.195609        16.8700       0.136347E+09   0.985872E+07    576101.       0.925949E+07   -65.8198       -98.1962        52.5807               0           1        2350
         156    9.96027        8.55613        11.2609        5.10319        72.1251       -95.0122       0.100787E+09    1.80427       0.180427        14.9200       0.987683E+08   0.123592E+07    782878.       0.608701E+07   -108.943       -65.4596        118.811               0           1        2336
         157    10.1532        9.63049        10.8448        7.68073        37.4131       -77.2841       0.217081E+09    2.30367       0.230367        19.5300       0.204187E+09   0.125910E+08    302013.       0.495992E+07   -75.8491        118.855        47.4168               0           1        2293
         158    9.83718        8.74462        11.0972        17.4534        51.2563       -57.6183       0.167548E+09    2.09952       0.209952        17.5500       0.154887E+09   0.123609E+08    300964.       0.762557E+07   -130.060       -33.1226        90.7197               0           1        2289
         159    10.9266        8.29717        11.4794       -71.4000        99.0639       -70.9674       0.252441E+09    2.41501       0.241501        21.4400       0.232371E+09   0.199310E+08    138347.       0.396024E+07    56.8353       -109.886        156.294               0           1        2253
         160    10.0696        8.14767        10.7011      -0.943061        138.664       -32.9717       0.191407E+09    2.24139       0.224139        19.3300       0.184567E+09   0.641675E+07    423794.       0.269904E+07   -90.1896       -135.534        22.7623               0           1        2241
         161    10.6539        8.67623        10.7040       -69.2752        180.390       -53.9992       0.214345E+09    1.77544       0.177544        15.0600       0.212169E+09   0.150056E+07    675911.       0.100608E+08    10.0619       -44.8555        23.2735               0           1        2237
         162    10.6133        8.18381        10.4601       -63.8293        120.890        27.8557       0.154054E+09    2.04925       0.204925        17.8200       0.142499E+09   0.113683E+08    186871.       0.775488E+07    3.08118       -129.334       -18.5780               0           1        2236
         163    10.2455        8.54937        11.0028       -42.2167        47.0827       -117.329       0.143622E+09    1.94083       0.194083        16.0100       0.129529E+09   0.136249E+08    467495.       0.618464E+07   -60.0092       -66.6193        74.5212               0           1        2234
         164    10.7324        9.18097        10.4431       -21.9699        45.3919        6.44545       0.151527E+09    2.00242       0.200241        16.7100       0.150563E+09    865435.        98381.7       0.425351E+07    23.5188        41.7366       -21.4927               0           1        2230
         165    9.72988        8.86558        11.5202        16.8562        44.7324       -73.5139       0.400773E+09    2.73068       0.273068        22.5500       0.354584E+09   0.450694E+08   0.111906E+07   0.653492E+07   -148.468       -12.3710        163.290               0           1        2223
         166    10.6929        8.88837        10.2267       -97.3428        96.9845        31.2270       0.149834E+09    2.00413       0.200413        16.5400       0.138093E+09   0.115650E+08    176093.       0.391570E+07    16.7475       -8.46123       -58.6161               0           1        2222
         167    10.5794        8.13000        10.7074       -86.1928        127.410       -60.4779       0.148545E+09    2.05594       0.205594        17.6400       0.144328E+09   0.345181E+07    765237.       0.208372E+08   -2.72948       -138.565        23.8517               0           1        2216
         168    11.0408        9.77524        10.6237       -51.2092        25.4743       -61.2032       0.128538E+09    1.87632       0.187632        15.5800       0.116144E+09   0.120032E+08    390797.       0.156472E+08    76.4392        143.688        9.48886               0           1        2215
         169    10.9586        9.78203        10.6027       -7.19190        9.34177       -53.1604       0.160339E+09    2.07893       0.207893        17.3100       0.153224E+09   0.693528E+07    180047.       0.761990E+07    62.3200        144.853        5.89472               0           1        2208
         170    10.6313        9.04684        10.5816       -108.235        47.9044       -4.06573       0.222014E+09    1.67749       0.167749        13.8400       0.205518E+09   0.151272E+08   0.136905E+07   0.162598E+08    6.17608        18.7255        2.26285               0           1        2196
         171    10.6433        8.74844        10.6762       -58.7545        17.9305       -44.6577       0.282475E+09    1.76584       0.176584        14.6000       0.262550E+09   0.182645E+08   0.166051E+07   0.139353E+08    8.23305       -32.4673        18.4922               0           1        2185
         172    10.6210        8.74846        10.6690       -172.070        33.0499        11.6579       0.261473E+09    1.89142       0.189142        16.1900       0.225803E+09   0.336837E+08   0.198539E+07   0.470185E+07    4.40732       -32.4639        17.2587               0           1        2157
         173    10.2702        9.09789        9.91161       -19.7784        54.3810       -31.8612       0.210751E+09    2.30590       0.230590        20.4700       0.197703E+09   0.129057E+08    142383.       0.342914E+07   -55.7700        27.4835       -112.672               0           1        2147
         174    10.9253        9.44118        10.6990       -50.1816        81.3399       -75.5557       0.187085E+09    1.97634       0.197634        17.1900       0.178498E+09   0.801202E+07    575030.       0.138939E+08    56.6140        86.3776        22.4174               0           1        2141
         175    10.5627        8.79321        10.5307       -53.7258        130.982        27.1394       0.162394E+09    1.91647       0.191646        15.8400       0.124791E+09   0.371459E+08    457464.       0.282243E+07   -5.58592       -24.7867       -6.45572               0           1        2136
         176    10.5847        8.91578        10.5714       -3.66187        86.1830       -33.9457       0.610607E+09    1.86208       0.186208        17.2800       0.568915E+09   0.342186E+08   0.747316E+07   0.151838E+09   -1.81508       -3.75883       0.524967               0           0        2134
         177    10.7021        9.19862        10.4494       -50.3996        22.4147        8.35619       0.146956E+09    1.89004       0.189005        15.5900       0.135266E+09   0.115649E+08    125057.       0.595493E+07    18.3189        44.7645       -20.4154               0           1        2131
         178    10.5025        8.80754        10.5808        84.2230        94.3865        13.1418       0.147287E+09    1.86688       0.186688        15.4600       0.127118E+09   0.200946E+08    74087.3       0.353256E+07   -15.9257       -22.3282        2.13075               0           1        2123
         179    10.4874        8.34837        10.7099       -25.1529        92.8130       -72.8280       0.214441E+09    1.96793       0.196793        16.6600       0.198950E+09   0.150934E+08    397822.       0.139206E+08   -18.5025       -101.102        24.2857               0           1        2112
         180    10.5282        8.65808        10.4627       -45.4666        134.925        24.2061       0.283056E+09    1.81525       0.181525        16.5300       0.265543E+09   0.164185E+08   0.109426E+07   0.277824E+08   -11.5047       -47.9692       -18.1336               0           1        2110
         181    11.0120        8.21531        10.5489       -126.040        100.077       -18.4328       0.160684E+09    2.05302       0.205302        16.9300       0.153057E+09   0.712339E+07    502881.       0.297665E+07    71.4932       -123.930       -3.34366               0           1        2094
         182    10.4446        8.22630        10.7280        18.1500        141.863       -74.8880       0.431278E+09    1.77819       0.177819        17.3000       0.395156E+09   0.312760E+08   0.484610E+07   0.652165E+08   -25.8486       -122.044        27.3789               0           1        2080
         183    10.5105        8.14033        10.7205       -59.0665        163.244       -49.7645       0.195352E+09    2.04599       0.204599        16.8900       0.162203E+09   0.323638E+08    785708.       0.108391E+08   -14.5498       -136.793        26.1076               0           1        2080
         184    10.6531        9.02038        10.5692       -91.8463        57.9209       -50.7005       0.265206E+09    1.83498       0.183498        15.1700       0.165029E+09   0.943659E+08   0.581064E+07   0.267393E+08    9.92461        14.1861       0.145824               0           1        2071
         185    9.58141        8.47110        10.3983       -1.29296        71.5014       -54.4470       0.112230E+09    1.82880       0.182880        15.1100       0.105004E+09   0.693231E+07    294382.       0.363591E+07   -173.939       -80.0471       -29.1768               0           1        2071
         186    10.7027        8.89489        10.6728       -80.6464        68.3833       -110.312       0.221132E+09    2.26232       0.226232        18.6700       0.207762E+09   0.127986E+08    570679.       0.104466E+08    18.4339       -7.34267        17.9192               0           1        2057
         187    9.81538        7.90606        10.8198        12.4859        134.963       -69.1061       0.176569E+09    2.16763       0.216762        18.4400       0.169519E+09   0.666302E+07    387018.       0.363167E+07   -133.800       -176.984        43.1433               0           1        2053
         188    10.6563        9.14905        10.2982       -61.1522        69.3426        24.8592       0.140948E+09    1.96090       0.196090        16.3400       0.128615E+09   0.120604E+08    272238.       0.720811E+07    10.4685        36.2604       -46.3480               0           1        2045
         189    9.90298        8.58112        11.3176       -9.49981        76.6262       -68.7636       0.190149E+09    2.08699       0.208699        17.4700       0.158129E+09   0.318292E+08    191090.       0.225537E+07   -118.771       -61.1723        128.533               0           1        2041
         190    10.0316        8.35064        10.8836        44.1533        110.672       -53.7409       0.161530E+09    2.08579       0.208579        17.2800       0.151228E+09   0.101972E+08    104376.       0.545246E+07   -96.7002       -100.713        54.0870               0           1        2036
         191    10.5241        9.34626        11.2038       -7.81450        47.4881       -94.2101       0.134608E+09    1.98938       0.198938        16.4100       0.132107E+09   0.160202E+07    898887.       0.118334E+08   -12.2098        70.0933        109.020               0           1        2017
         192    9.72832        8.18479        10.6162        29.0184        108.463       -67.0750       0.216715E+09    2.25203       0.225203        18.5800       0.202442E+09   0.136975E+08    575537.       0.941506E+07   -148.735       -129.166        8.21075               0           1        2008
         193    10.8567        9.45722        10.5696        22.3117       -17.0964       -31.2527       0.145247E+09    1.78574       0.178574        14.7900       0.116643E+09   0.284958E+08    108442.        910182.        44.8400        89.1294       0.216163               0           1        1980
         194    10.6316        7.90082        10.7535       -68.6443        118.046       -61.2737       0.121901E+09    1.87255       0.187255        15.4800       0.117142E+09   0.382851E+07    930603.       0.595306E+07    6.22068       -177.883        31.7622               0           1        1962
         195    10.4606        8.70616        10.6203        29.8211        74.3231       -34.8404       0.138692E+09    1.83601       0.183600        15.1500       0.121548E+09   0.168722E+08    271984.       0.252719E+07   -23.1002       -39.7208        8.91071               0           1        1952
         196    10.6554        8.98254        10.5379       -32.3949        19.4111       -79.4180       0.114177E+09    1.71935       0.171935        14.6200       0.109659E+09   0.418819E+07    329557.       0.814591E+07    10.3055        7.69436       -5.22050               0           1        1949
         197    10.4624        8.48988        10.7393       -19.5466        80.7220       -20.1862       0.144404E+09    1.95146       0.195146        16.1300       0.133354E+09   0.108343E+08    215968.       0.237416E+07   -22.7949       -76.8252        29.3244               0           1        1932
         198    10.6915        8.02214        10.6449       -79.5894        143.822       -16.4098       0.199499E+09    1.96382       0.196381        16.4200       0.160207E+09   0.389416E+08    350134.       0.262093E+07    16.5021       -157.070        13.1259               0           1        1902
         199    10.6866        9.21554        10.3716       -32.5483        56.9622        40.0225       0.218150E+09    2.27039       0.227039        19.1600       0.204187E+09   0.133590E+08    603747.       0.528346E+07    15.6684        47.6673       -33.7626               0           1        1892
         201    10.3670        8.17147        10.7239        19.3749        196.250       -38.1279       0.216017E+09    1.96587       0.196587        16.2300       0.188973E+09   0.259482E+08   0.109618E+07   0.235069E+07   -39.1580       -131.451        26.6738               0           1        1815
         202    10.9444        9.84686        10.6817       -16.6389        14.5453       -59.2786       0.122462E+09    1.91269       0.191269        15.7900       0.117391E+09   0.498580E+07    84483.8       0.707039E+07    59.8856        155.975        19.4358               0           1        1798
         203    10.5274        8.62861        10.4482       -37.2372        130.682        36.9614       0.281964E+09    2.48449       0.248449        21.4500       0.267289E+09   0.143728E+08    302316.       0.576264E+07   -11.6505       -53.0251       -20.6229               0           1        1797
         204    10.1433        8.38968        10.9639       -4.60440        164.874       -101.320       0.165237E+09    2.09094       0.209094        17.2500       0.157630E+09   0.693432E+07    673078.       0.786527E+07   -77.5492       -94.0153        67.8476               0           1        1781
         205    10.8610        8.44961        10.6015       -138.510        102.479       -25.4757       0.142923E+09    1.97925       0.197925        16.3500       0.133686E+09   0.890118E+07    335392.       0.857536E+07    45.5794       -83.7339        5.68199               0           1        1760
         206    9.77901        8.84424        11.4734        6.31620        42.6191       -67.9910       0.135518E+09    1.94271       0.194271        16.0500       0.122213E+09   0.130700E+08    234927.       0.104447E+07   -140.039       -16.0321        155.263               0           1        1754
         207    9.74426        8.80013        11.3193        26.8056        51.0713       -74.2735       0.145370E+09    1.95730       0.195730        16.1600       0.130776E+09   0.143974E+08    196623.       0.370091E+07   -146.001       -23.5995        128.835               0           1        1749
         208    10.9826        9.63302        10.5977       -59.7672        6.60370       -60.5101       0.129079E+09    1.82588       0.182588        15.6200       0.116726E+09   0.121948E+08    157931.       0.376734E+07    66.4426        119.289        5.03522               0           1        1726
         209    10.7118        9.38351        10.2219       -49.6529        57.8441       -5.08681       0.602099E+09    3.17775       0.317775        26.7000       0.537738E+09   0.629321E+08   0.142942E+07   0.137001E+08    19.9899        76.4838       -59.4396               0           1        1721
         210    10.3625        9.28278        10.9340        11.9080        43.5366       -90.1737       0.141727E+09    1.99487       0.199487        16.5600       0.131608E+09   0.985745E+07    261287.       0.560116E+07   -39.9352        59.2028        62.7284               0           1        1719
         211    10.5624        8.84866        10.5197       -15.5970        124.132        36.8555       0.139426E+09    1.96862       0.196862        16.7800       0.133437E+09   0.588285E+07    106616.       0.189329E+07   -5.64939       -15.2738       -8.34800               0           1        1718
         212    10.3443        8.41398        10.7677        19.8302        162.057       -57.1784       0.191770E+09    1.68761       0.168761        13.9900       0.155635E+09   0.355086E+08    626285.       0.622868E+07   -43.0661       -89.8465        34.2000               0           1        1718
         213    10.1125        8.46278        11.0680       -47.7899        98.2620       -160.946       0.133979E+09    1.92487       0.192487        16.7100       0.126370E+09   0.745862E+07    149858.       0.215080E+07   -82.8195       -81.4745        85.7222               0           1        1708
         214    11.0241        9.77941        10.2925       -50.3764        58.8655       -6.86793       0.242881E+09    2.39477       0.239477        19.8000       0.233702E+09   0.863957E+07    539436.       0.676181E+07    73.5605        144.404       -47.3293               0           1        1685
         215    9.79891        8.97337        11.1144        12.3719        34.4146       -57.6419       0.155768E+09    2.04222       0.204222        17.1200       0.141086E+09   0.145000E+08    182584.       0.128635E+07   -136.625        6.12118        93.6756               0           1        1684
         216    10.4118        9.08014        11.1416        1.72138        50.8592       -97.1151       0.150558E+09    2.07773       0.207773        17.9900       0.145076E+09   0.538196E+07    100258.       0.198096E+07   -31.4757        24.4384        98.3420               0           1        1674
         217    10.4402        7.82228        10.9715       -10.4927        119.862       -85.3049       0.122565E+09    1.85539       0.185539        15.3200       0.112486E+09   0.973887E+07    339736.       0.335250E+07   -26.6000       -191.357        69.1566               0           1        1658
         218    10.1223        8.48477        10.9843        57.2545        67.7824       -28.9446       0.192418E+10    1.85350       0.185350        17.9500       0.157815E+10   0.321519E+09   0.245121E+08   0.125200E+09   -81.1382       -77.7019        71.3491               0           1        1654
         219    9.82893        8.83208        11.4489       -3.46271        30.5930       -52.8118       0.317060E+09    2.42427       0.242427        20.7100       0.287824E+09   0.287834E+08    452413.       0.277763E+07   -131.475       -18.1182        151.062               0           1        1637
         220    9.78515        8.38854        10.6235        28.3866        55.9739       -21.5247       0.366631E+09    2.62362       0.262362        21.6400       0.334382E+09   0.314258E+08    823410.       0.496567E+07   -138.986       -94.2109        9.46484               0           1        1624
         221    9.87838        8.63717        11.3721       -20.3155        50.0328       -85.2047       0.113747E+09    1.85968       0.185968        15.6700       0.107082E+09   0.646288E+07    201719.       0.329277E+07   -122.991       -51.5565        137.893               0           1        1596
         222    10.2643        8.24214        10.4711       -24.4131        126.566       -17.9712       0.170798E+09    1.98920       0.198921        18.2500       0.157464E+09   0.131221E+08    211655.       0.240983E+07   -56.7907       -119.327       -16.6806               0           1        1583
         223    10.7120        9.17754        10.5012       -90.1021        32.9814        15.1059       0.278013E+09    2.07395       0.207395        17.1200       0.242015E+09   0.355561E+08    441248.       0.597114E+07    20.0294        41.1481       -11.5235               0           1        1582
         224    10.6997        8.90338        10.6736       -86.5150        52.5876       -112.193       0.307520E+09    2.26370       0.226370        18.7200       0.283584E+09   0.230884E+08    847633.       0.131840E+08    17.9055       -5.88614        18.0530               0           1        1560
         225    10.5917        8.11602        10.6913       -80.7908        138.915       -56.3001       0.126775E+09    1.82348       0.182348        15.1000       0.108828E+09   0.176571E+08    289819.       0.140478E+07  -0.607314       -140.964        21.0913               0           1        1560
         227    10.9726        9.62578        10.8217       -8.26521        12.5774       -80.7947       0.149001E+09    2.03432       0.203432        17.1500       0.137677E+09   0.111862E+08    137564.       0.206553E+07    64.7253        118.047        43.4641               0           1        1541
         228    10.3231        8.91810        10.1926        8.13341        57.1625       -24.9050       0.182455E+09    2.19490       0.219490        18.7800       0.175339E+09   0.687512E+07    241209.       0.326075E+07   -46.6929       -3.36082       -64.4679               0           1        1534
         229    10.5681        8.89440        10.6224       -54.9819        104.738       -45.4039       0.141342E+09    1.81662       0.181662        15.3700       0.140171E+09    812187.        358659.       0.621983E+07   -4.67152       -7.42673        9.26412               0           1        1479
         230    9.83234        8.83341        11.4441       -8.64971        65.0537       -87.1466       0.276258E+09    1.91492       0.191492        16.2400       0.255151E+09   0.206546E+08    452413.       0.277763E+07   -130.890       -17.8900        150.233               0           1        1439
         231    10.5903        7.95153        10.7633       -46.1039        126.689       -56.3134       0.171190E+09    1.79981       0.179981        14.9900       0.167108E+09   0.330571E+07    776205.       0.917726E+07  -0.852642       -169.183        33.4435               0           1        1429
         232    10.8226        8.92488        10.7327       -124.591        100.914       -72.7450       0.141711E+09    1.94872       0.194872        16.1500       0.126620E+09   0.147680E+08    323856.       0.415762E+07    39.0002       -2.19765        28.1972               0           1        1420
         233    10.7546        8.89214        10.6123       -156.085        85.1757       -10.5487       0.127517E+09    1.93019       0.193019        15.9800       0.121132E+09   0.630750E+07    77054.0       0.175748E+07    27.3326       -7.81445        7.53138               0           1        1418
         234    10.7272        7.74734        10.7773       -61.1141        124.341       -54.0703       0.269987E+09    2.37710       0.237710        20.0300       0.245923E+09   0.238768E+08    186858.       0.833456E+07    22.6267       -204.214        35.8401               0           1        1383
         235    10.7153        8.03463        10.6084       -100.541        113.431       -26.5295       0.129108E+09    1.91801       0.191801        15.8900       0.122130E+09   0.686956E+07    108304.       0.387834E+07    20.5852       -154.927        6.87089               0           1        1380
         236    10.8510        7.93754        10.5285       -80.1526        125.520       -12.7265       0.130879E+09    1.90617       0.190617        15.7400       0.119303E+09   0.113493E+08    226199.       0.155659E+07    43.8673       -171.583       -6.83657               0           1        1374
         237    10.5417        9.54910        10.8914       -4.20770        30.0890       -66.4618       0.124731E+09    1.92024       0.192024        15.9900       0.118306E+09   0.633942E+07    85418.1       0.188791E+07   -9.20235        104.892        55.4200               0           1        1367
         238    10.0665        8.35703        11.0707        21.4823        140.970       -88.7070       0.128086E+09    1.87220       0.187220        15.6900       0.115313E+09   0.126692E+08    103752.        668699.       -90.7146       -99.6167        86.1786               0           1        1344
         239    10.5767        9.51247        10.2164       -15.4799        43.4279       -38.8821       0.208987E+09    2.27142       0.227142        20.2600       0.193296E+09   0.154585E+08    231950.       0.220449E+07   -3.18583        98.6079       -60.3866               0           1        1344
         240    9.61055        9.28829        11.2144        13.3533        46.5992       -75.5084       0.129635E+09    1.91801       0.191801        16.3000       0.118805E+09   0.106282E+08    202698.       0.275061E+07   -168.940        60.1481        110.838               0           1        1323
         241    10.5759        8.28385        10.3086       -65.6467        130.587        33.6412       0.148284E+09    2.01391       0.201391        16.8600       0.134351E+09   0.138713E+08    61324.8        836161.       -3.32650       -112.171       -44.5604               0           1        1322
         242    10.4766        8.73818        10.6064        91.0952        60.4538       -22.8682       0.110320E+09    1.53767       0.153767        13.0100       0.933643E+08   0.168648E+08    90561.0       0.210735E+07   -20.3536       -34.2275        6.52434               0           1        1303
         243    10.3190        8.14725        10.5805       -11.4450        146.144       0.902890E-01   0.184048E+09    2.13503       0.213503        17.6200       0.167856E+09   0.160906E+08    101728.       0.393055E+07   -47.4014       -135.606        2.08443               0           1        1303
         244    10.0655        8.41314        11.0815        2.88289        108.285       -130.288       0.110694E+09    1.80358       0.180358        15.5700       0.104671E+09   0.584977E+07    173141.       0.107262E+08   -90.8930       -89.9906        88.0331               0           1        1286
         245    10.4754        7.79034        10.9739       -36.5063        124.858       -97.2587       0.253692E+09    2.36577       0.236577        19.6400       0.226136E+09   0.270197E+08    536558.       0.179593E+07   -20.5612       -196.837        69.5735               0           1        1276
         246    10.4948        7.81862        10.9529       -31.7863        112.720       -82.8608       0.140663E+09    1.99178       0.199178        16.4400       0.137926E+09   0.246593E+07    270820.       0.189365E+07   -17.2381       -191.985        65.9605               0           1        1272
         247    10.5106        8.49546        10.7626       -42.7528        127.660       -142.423       0.132763E+09    1.90737       0.190737        17.3200       0.121714E+09   0.108890E+08    159169.        575623.       -14.5327       -75.8680        33.3148               0           1        1249
         248    10.4766        8.60447        11.1042       -41.8018        118.823       -120.272       0.108169E+09    1.82228       0.182228        15.5200       0.105835E+09   0.206175E+07    272399.       0.324680E+07   -20.3673       -57.1665        91.9172               0           1        1225
         249    10.5128        8.70672        11.0958       -40.7712        55.6663       -130.531       0.122053E+09    1.81799       0.181799        15.0200       0.113401E+09   0.781165E+07    840851.       0.572105E+07   -14.1569       -39.6247        90.4778               0           1        1217
         250    10.3872        9.26352        10.9383        3.93615        47.7353       -96.6277       0.118447E+09    1.88250       0.188250        15.5400       0.111073E+09   0.729823E+07    76422.4       0.184305E+07   -35.7046        55.8986        63.4678               0           1        1215
         252    10.8241        8.94571        10.7244       -147.160        83.5433       -73.5083       0.167158E+09    2.04822       0.204822        16.9000       0.157630E+09   0.823109E+07   0.129724E+07   0.120472E+08    39.2627        1.37589        26.7647               0           1        1107
         253    10.4350        7.78193        10.9951       -11.3343        130.398       -91.4253       0.113624E+09    1.84321       0.184321        16.3100       0.106916E+09   0.652453E+07    183823.       0.275476E+07   -27.4973       -198.280        73.2140               0           1        1083
         254    11.0719        9.64529        10.8106       -37.7847        15.0826       -75.9067       0.149903E+09    1.90617       0.190617        15.7700       0.135016E+09   0.147656E+08    120922.        532992.        81.7695        121.394        41.5616               0           1        1029
         255    10.5685        8.33874        10.3477       -72.2151        114.709        28.5349       0.116014E+09    1.88593       0.188593        15.6000       0.113317E+09   0.234709E+07    349380.       0.143015E+07   -4.59603       -102.754       -37.8542               0           1        1013
         256    11.0539        9.77162        10.6283       -71.2969        13.8582       -60.8558       0.168254E+09    1.94048       0.194048        17.6500       0.153307E+09   0.145095E+08    437824.       0.197220E+07    78.6764        143.067        10.2849               0           1         997
         257    10.7069        8.97804        10.7881       -65.6445        55.2761       -120.650       0.221187E+09    2.16179       0.216179        17.9400       0.207596E+09   0.128194E+08    771806.       0.920175E+07    19.1458        6.92235        37.6895               0           1         981
         258    9.89313        8.02529        11.5320        14.8564        130.785       -74.4544       0.112886E+09    1.81387       0.181387        15.9400       0.101512E+09   0.111743E+08    200059.       0.114798E+07   -120.461       -156.529        165.323               0           1         978
         259    10.1794        7.94387        10.6023       -16.9021        140.937       -8.52357       0.151143E+09    2.02557       0.202558        17.6700       0.135682E+09   0.153804E+08    80820.6        709050.       -71.3526       -170.497        5.81924               0           1         946
         260    10.5228        8.48150        10.3862       -67.5812        127.450        38.4535       0.134741E+09    1.95438       0.195438        16.1200       0.126786E+09   0.711027E+07    845097.       0.124079E+07   -12.4311       -78.2629       -31.2475               0           1         914
         261    9.82626        8.58937        11.4394        25.2103        84.9059       -88.0003       0.161000E+09    1.75331       0.175331        14.6900       0.139839E+09   0.206600E+08    501542.       0.156836E+07   -131.933       -59.7570        149.437               0           1         883
