#          i      x              y              z              v_x            v_y            v_z            Mvir           Rvir     Rs (Rockstar)       v_max           Mdm           Mgas           Mstars    Avg age of stars     xc             yc             zc      flag DM only  flag outside Rvir  Np bound
# (h^-1 comoving Mpc) (h^-1 comoving Mpc) (h^-1 comoving Mpc) (km/s)         (km/s)         (km/s)         (Msun)         (kpc)         (kpc)           (km/s)         (Msun)         (Msun)         (Msun)         (yrs)          (kpc)          (kpc)          (kpc)
           1    9.99534        9.96856        9.95841       -8.50400       -2.98297        41.1407       0.364894E+12    94.2096        9.42096        166.510       0.328384E+12   0.193808E+11   0.171298E+11   0.185872E+11    0.00000        0.00000        0.00000               0           0     4137663
           2    9.94086        9.98602        9.94773        12.5234       -86.9859        153.544       0.211735E+10    11.0889        1.10889        25.4400       0.200898E+10   0.839337E+08   0.244380E+08   0.108681E+09   -33.4712        10.7270       -6.56153               0           0       17232
           3    9.86513        9.85857        10.1237       -67.7895       -4.18289       -74.6748       0.108000E+10    13.1956        1.31956        18.9800       0.107722E+10   0.260751E+07    165791.        694530.       -79.9978       -67.5752        101.575               0           1       14275
           4    10.0457        10.0063        10.1185       -170.610        16.6660        77.7203       0.870592E+09    11.5570        1.15570        16.3900       0.864554E+09   0.601409E+07    23790.5        117779.        30.9645        23.2111        98.3492               0           1       12994
           6    9.95443        10.0736        9.96115       -29.1095        164.999        14.6873       0.992090E+09    11.2658        1.12658        17.5000       0.990675E+09   0.117104E+07    244073.       0.257172E+07   -25.1341        64.5094        1.68339               0           0        9332
           7    10.0006        10.0264        10.0799       -29.7241       -19.0259       -18.0954       0.122946E+10    11.1435        1.11435        20.3300       0.121465E+10   0.326414E+07   0.115447E+08   0.280255E+08    3.23776        35.5478        74.6098               0           0        8481
           8    9.94098        9.91810        9.96662       -62.2317       -109.552        62.0023       0.488760E+09    7.21830       0.721830        11.2500       0.480289E+09    883535.       0.758730E+07   0.393367E+08   -33.3975       -31.0014        5.04402               0           0        8400
           9    9.99167        10.0063        10.2090      -0.244472       -14.1769        119.976       0.297968E+09    8.65471       0.865471        14.9400       0.296970E+09    457940.        540018.       0.471472E+07   -2.25476        23.2050        153.944               0           1        8175
          10    9.98493        9.98459        9.97151        81.9531        147.197       -112.068       0.150197E+11    10.2054        1.02054        26.4300       0.141777E+11   0.366732E+08   0.805325E+09   0.674534E+09   -6.39565        9.84844        8.04832               0           0        7842
          11    10.0286        9.87953        9.89839       -18.1244        65.7518       -47.4926       0.343596E+09    8.80831       0.880830        17.6400       0.342696E+09    381756.        518543.       0.637199E+07    20.4341       -54.6979       -36.8748               0           0        7414
          12    9.97626        10.0304        10.0994        6.86527        7.26548        186.829       0.672998E+09    10.0407        1.00407        13.2800       0.670094E+09   0.281186E+07    91981.4        576360.       -11.7223        37.9807        86.6147               0           1        7290
          13    10.0707        9.87919        9.83371       -16.3745        42.3464        64.1193       0.351812E+09    9.20335       0.920335        15.8400       0.351093E+09    223635.        495439.       0.240345E+07    46.3116       -54.9067       -76.6126               0           1        6778
          14    9.99317        10.0296        10.0765        45.8962        67.2739        193.347       0.105904E+10    9.44295       0.944295        13.2100       0.104613E+10   0.161213E+07   0.113004E+08   0.277084E+08   -1.33320        37.4892        72.5639               0           0        6727
          15    10.2034        9.87115        10.1206       -29.9882       -14.4095        78.6979       0.487387E+09    10.5187        1.05187        19.3300       0.485195E+09    40956.0       0.215170E+07   0.105050E+08    127.802       -59.8463        99.6640               0           1        6454
          16    9.86085        9.98505        9.93446       -129.499       -58.3172        26.7359       0.318931E+09    7.96169       0.796169        11.3600       0.317754E+09   0.110204E+07    74906.8       0.118739E+07   -82.6274        10.1311       -14.7143               0           0        5846
          17    10.0173        9.93103        9.85917       -219.816       -5.74899        81.0961       0.578849E+09    8.93794       0.893794        13.0100       0.577063E+09   0.178642E+07    0.00000        0.00000        13.5101       -23.0575       -60.9706               1           0        5839
          18    10.1126        9.88263        10.0040       -159.219        88.3239        92.6734       0.550435E+09    10.3891        1.03891        14.7600       0.550042E+09    334798.        57839.1        803321.        72.0294       -52.7933        28.0094               0           0        5520
          19    10.0208        10.0501        9.86239       -128.068       -34.7735        181.409       0.857649E+09    11.5576        1.15576        18.3900       0.855991E+09   0.143365E+07    224196.       0.103698E+07    15.6604        50.1146       -58.9923               0           0        5236
          20    9.78352        9.87656        9.94947        6.02467       -27.6906        62.1982       0.217895E+09    7.99671       0.799671        14.7300       0.217490E+09    189028.        216453.       0.160411E+07   -130.137       -56.5226       -5.49252               0           1        4857
          21    9.90636        9.93554        9.92118       -157.726        26.4554        179.000       0.299007E+09    7.33012       0.733012        10.9200       0.296637E+09   0.236742E+07    2644.67        46409.5       -54.6671       -20.2867       -22.8732               0           0        4835
          22    9.99029        9.86925        9.87669       -29.3849        91.6211        105.081       0.354049E+09    8.61355       0.861355        18.0500       0.350345E+09   0.152123E+07   0.218362E+07   0.150369E+08   -3.10260       -61.0136       -50.2068               0           0        4723
          23    9.97331        9.80984        9.86892       -19.2900       -56.9960       -7.55795       0.329208E+09    8.86974       0.886974        16.8800       0.326318E+09   0.233752E+07    552441.       0.299467E+07   -13.5347       -97.5137       -54.9805               0           1        4429
          24    10.0356        9.98966        9.97465        155.428       -82.7360        46.6075       0.551852E+09    6.45279       0.645279        12.5400       0.543558E+09   0.698336E+07   0.131016E+07   0.567344E+07    24.7102        12.9633        9.97746               0           0        4167
          25    9.93642        9.86895        9.98243       -64.3898       -147.103        66.7854       0.582349E+09    9.03378       0.903378        12.5500       0.582051E+09    229060.        69471.1        684443.       -36.1990       -61.1980        14.7573               0           0        4072
          26    10.0101        9.77806        10.1493        21.1019        106.512        89.5403       0.391149E+09    9.77103       0.977103        14.9300       0.390833E+09    194137.        122459.        470528.        9.04975       -117.039        117.247               0           1        4037
          27    10.0281        9.81621        9.98246       -110.086       -26.0310        80.1002       0.232953E+09    7.88428       0.788428        14.6700       0.232787E+09    52905.8        112840.        561448.        20.1454       -93.6001        14.7757               0           1        3764
          28    10.0487        9.98436        10.0335       -165.204        125.704       0.334310       0.336672E+09    8.16014       0.816014        12.0500       0.329477E+09   0.717941E+07    16158.3        95752.4        32.7769        9.70713        46.1458               0           0        3460
          29    9.81027        9.95429        10.1434        87.8455       -57.8643        28.3718       0.502156E+09    8.47593       0.847593        12.7700       0.501324E+09    306018.        526354.       0.420694E+07   -113.702       -8.76714        113.659               0           1        3322
          30    9.96952        9.99504        10.0329       -42.7681        177.327        142.398       0.683328E+09    8.52631       0.852631        14.3100       0.670094E+09   0.129801E+08    253206.       0.121147E+07   -15.8632        16.2687        45.7648               0           0        3167
          32    9.95634        9.97529        9.97450       -47.4292       -132.883        256.112       0.434942E+10    10.0622        1.00622        18.0900       0.409887E+10   0.233865E+09   0.166845E+08   0.195368E+08   -23.9606        4.13475        9.88530               0           0        3024
          33    9.88818        9.93085        9.89709       -112.458       -6.12839        191.949       0.198426E+09    6.63280       0.663280        9.55000       0.197038E+09   0.138794E+07    0.00000        0.00000       -65.8365       -23.1681       -37.6735               1           0        2977
          34    10.1168        9.78678        10.0973       -16.3467        113.733        91.7435       0.225842E+09    8.04586       0.804586        12.3500       0.225720E+09    32902.5        88860.0        198036.        74.6528       -111.681        85.3429               0           1        2948
          35    9.88979        9.98886        9.90740       -110.804       -68.2292       -54.2757       0.158913E+09    6.31148       0.631148        9.04000       0.158711E+09    173152.        29325.2        100041.       -64.8473        12.4718       -31.3393               0           0        2930
          36    10.2480        10.2292        9.84191       -58.3198       -49.0683        68.5259       0.465025E+09    10.2693        1.02693        13.4400       0.464826E+09    138025.        61224.7        339411.        155.253        160.155       -71.5748               0           1        2930
          38    10.0689        9.80560        9.87555       -164.926        36.3317        34.7343       0.187150E+09    7.34240       0.734240        11.4600       0.185980E+09   0.116940E+07    0.00000        0.00000        45.2058       -100.119       -50.9072               1           1        2707
          39    10.0548        9.51806        10.0496        5.01359        61.3270        117.243       0.423719E+09    9.99405       0.999405        15.5900       0.423589E+09    73990.1        55453.9        842573.        36.5246       -276.776        56.0188               0           1        2672
          42    9.92359        9.89145        10.0265        23.1008        139.171       -34.0474       0.199177E+09    7.18267       0.718267        11.1800       0.197786E+09   0.132120E+07    70035.6        99099.8       -44.0814       -47.3745        41.8205               0           0        2284
          43    9.85454        9.80420        10.3379       -89.6413       -18.1489       -27.0942       0.310603E+09    9.06757       0.906757        13.8100       0.310438E+09    164337.        0.00000        0.00000       -86.5041       -100.979        233.180               1           1        2241
          45    10.0398        10.0188        9.72680       -118.117       -72.5478        70.0782       0.221667E+09    8.07167       0.807167        11.9800       0.220150E+09   0.151661E+07    0.00000        0.00000        27.3336        30.8417       -142.296               1           1        2173
          46    9.77222        10.0517        10.0204        86.9192       -64.3869        44.3284       0.187070E+09    7.67048       0.767048        11.9300       0.187061E+09    9034.49        0.00000        0.00000       -137.079        51.1038        38.0544               1           1        2161
          47    9.99530        9.93255        9.95230       -104.487        239.123        70.4812       0.184718E+10    7.83513       0.783513        14.2500       0.181602E+10   0.182820E+08   0.128784E+08   0.133430E+08  -0.245750E-01   -22.1237       -3.75383               0           0        1997
          48    10.1068        9.91008        10.0498        18.9393       -42.6323        139.547       0.132494E+09    6.23714       0.623714        9.09000       0.132356E+09    43664.8        94626.9        533249.        68.5029       -35.9287        56.1416               0           1        1974
          49    9.95631        9.97975        9.92900        9.90021        164.477        238.751       0.560077E+09    6.69608       0.669608        11.6600       0.544971E+09   0.148405E+08    264794.        964403.       -23.9791        6.87486       -18.0688               0           0        1961
          50    9.52644        10.3196        10.2135        3.48029       -38.8628        55.7560       0.236466E+09    8.32418       0.832418        12.5300       0.235614E+09    818316.        33778.3        157281.       -288.081        215.695        156.746               0           1        1935
          51    9.87455        10.0291        10.1335        81.1064       -56.2584       -17.3302       0.277494E+09    7.97275       0.797275        12.2300       0.277017E+09    475705.        1296.83        63964.1       -74.2104        37.2127        107.577               0           1        1880
          52    9.98486        10.0181        10.0203        66.3339        11.6310        233.954       0.186789E+09    5.77943       0.577943        9.72000       0.186645E+09    131500.        12415.2        52095.4       -6.43866        30.4054        37.9991               0           0        1867
          53    9.82870        9.98678        10.3323       -72.4725       -53.6641       -27.8112       0.142611E+09    7.03337       0.703337        9.87000       0.142333E+09    278315.        0.00000        0.00000       -102.380        11.1939        229.684               1           1        1863
          54    9.95811        9.78239        10.1524       -100.247        10.5373       -48.3777       0.231045E+09    8.25721       0.825721        11.7000       0.230875E+09    169839.        0.00000        0.00000       -22.8732       -114.378        119.170               1           1        1774
          55    10.1696        10.2442        9.98801       -108.306       -68.6665       -11.8361       0.109014E+09    6.49579       0.649579        9.39000       0.108994E+09    19729.6        0.00000        0.00000        107.080        169.346        18.1855               1           1        1546
          56    10.0024        10.0515        10.0878        95.0975        61.8159       -31.6740       0.188953E+09    6.58734       0.658734        9.89000       0.188641E+09    277615.        35105.6        0.00000        4.34364        50.9379        79.4756               0           1        1532
          57    10.0654        9.96509        10.1860        58.7124       -10.9630       -27.8050       0.206612E+09    7.70181       0.770181        12.9100       0.206515E+09    86921.5        9704.55        53808.8        43.0186       -2.13188        139.820               0           1        1517
          58    9.83540        10.0124        10.1840        64.5588       -8.23584       -12.7415       0.162875E+09    7.16362       0.716362        11.3700       0.162120E+09    755733.        0.00000        0.00000       -98.2632        26.9527        138.628               1           1        1502
          59    10.0212        10.0374        10.0038       -22.7925        141.409       -89.9073       0.164351E+09    6.24083       0.624083        10.3600       0.164198E+09    153230.        0.00000        0.00000        15.8570        42.2936        27.8865               1           0        1462
          61    9.88368        10.0403        10.1405        97.8246        46.8161        21.4023       0.151447E+09    6.59778       0.659778        9.91000       0.151229E+09    210508.        7531.26        113012.       -68.6012        44.0569        111.859               0           1        1408
          62    10.1637        9.56214        10.0539       -11.7781        71.9467        100.444       0.119315E+09    6.53143       0.653143        9.97000       0.113899E+09   0.541551E+07    0.00000        0.00000        103.406       -249.695        58.6360               1           1        1403
          64    9.95332        9.90555        9.83831       -60.5659        150.491        107.457       0.192032E+09    7.23919       0.723919        10.2900       0.191384E+09    647320.        0.00000        0.00000       -25.8161       -38.7118       -73.7865               1           0        1380
          65    10.1605        9.49669        10.0422       -11.5239        67.6283        103.732       0.113371E+09    6.54556       0.654556        9.82000       0.113234E+09    136845.        0.00000        0.00000        101.489       -289.905        51.4785               1           1        1296
          67    9.98430        9.97170        9.76675       -121.295       -61.0628        114.781       0.180216E+09    7.28895       0.728895        11.0000       0.179911E+09    304402.        0.00000        0.00000       -6.78271        1.92914       -117.751               1           1        1199
          68    10.0256        10.0810        9.73510       -87.2596        14.1281        148.810       0.130684E+09    6.87241       0.687241        10.9800       0.130527E+09    144750.        11819.4        50827.2        18.5726        69.1050       -137.196               0           1        1180
          70    10.2422        10.2278        9.83436       -53.9799       -46.4890        84.8359       0.339056E+09    6.87855       0.687855        10.3900       0.338955E+09    52771.4        48685.7        283901.        151.659        159.252       -76.2133               0           1        1120
          72    10.0808        9.96734        9.91315       -118.192       -103.131        158.473       0.469788E+09    8.39422       0.839422        13.5700       0.460170E+09   0.943204E+07    185699.        583310.        52.4738      -0.749538       -27.8066               0           0         970
          73    10.0096        9.88877        9.98980        132.493        46.1518       -68.1254       0.338554E+09    7.04382       0.704382        11.3500       0.338040E+09    266202.        247297.        452217.        8.73028       -49.0210        19.2852               0           0         817
