#          i      x              y              z              v_x            v_y            v_z            Mvir           Rvir     Rs (Rockstar)       v_max           Mdm           Mgas           Mstars    Avg age of stars     xc             yc             zc      flag DM only  flag outside Rvir  Np bound
# (h^-1 comoving Mpc) (h^-1 comoving Mpc) (h^-1 comoving Mpc) (km/s)         (km/s)         (km/s)         (Msun)         (kpc)         (kpc)           (km/s)         (Msun)         (Msun)         (Msun)         (yrs)          (kpc)          (kpc)          (kpc)
           1    10.2241        9.89703        9.49709       -20.1645       -13.3710        41.9653       0.213480E+11    12.3322        1.23322        84.8100       0.194084E+11   0.168064E+10   0.258958E+09   0.906569E+10    0.00000        0.00000        0.00000               0           0      160856
           2    10.4383        10.1253        9.36378       -39.1037       -33.9105        48.8293       0.459362E+10    7.36174       0.736173        49.0400       0.427023E+10   0.290458E+09   0.329311E+08   0.235316E+10    42.8949        45.7168       -26.6987               0           1       46253
           3    10.3733        9.63882        9.38566       -33.3598        26.3543        63.4618       0.585838E+10    7.97178       0.797177        57.8300       0.527507E+10   0.560264E+09   0.230474E+08   0.146691E+10    29.8730       -51.7130       -22.3167               0           1       43440
           4    10.3401        9.58724        9.46483       -53.1199        42.7659        17.8977       0.219564E+10    5.75512       0.575512        39.9500       0.207265E+10   0.111171E+09   0.118228E+08   0.129119E+10    23.2279       -62.0432       -6.46087               0           1       25352
           5    10.1668        9.39024        9.49869        1.48740        54.6519        61.5978       0.114360E+10    4.71369       0.471369        33.3300       0.109734E+10   0.392829E+08   0.697356E+07   0.754528E+09   -11.4738       -101.497       0.320440               0           1       16742
           6    10.4032        10.0803        9.38487       -41.5655        8.41235        25.4556       0.181925E+10    5.02592       0.502592        32.8900       0.157739E+10   0.236066E+09   0.579283E+07   0.419809E+09    35.8653        36.7124       -22.4749               0           1       15841
           7    10.0109        9.90448        9.60506        15.5362        15.8697        41.0047       0.121308E+10    4.55347       0.455347        30.2300       0.112885E+10   0.812091E+08   0.301947E+07   0.449363E+09   -42.6966        1.49205        21.6237               0           1       13951
           8    10.7705        10.1794        9.54725       -58.7220       -19.0493       -2.50704       0.881263E+09    4.24324       0.424324        27.8300       0.806108E+09   0.736154E+08   0.154054E+07   0.173012E+09    109.428        56.5517        10.0458               0           1        9141
           9    9.88874        9.90676        9.66742        21.4973        16.5414        48.8775       0.557762E+09    3.64982       0.364982        24.2800       0.521775E+09   0.342491E+08   0.173798E+07   0.213274E+09   -67.1642        1.94868        34.1129               0           1        8651
          10    10.1565        9.63496        9.77950       -30.8273       -6.99129        40.3562       0.161361E+10    5.04254       0.504254        33.0000       0.139790E+10   0.211230E+09   0.448770E+07   0.913226E+08   -13.5466       -52.4861        56.5597               0           1        8577
          11    10.2841        9.39971        9.51433       -22.8270        59.2773        37.0312       0.952359E+09    4.41408       0.441408        30.8800       0.896811E+09   0.537550E+08   0.179295E+07   0.100225E+09    12.0205       -99.6008        3.45274               0           1        8401
          12    9.91729        9.23732        9.28937        15.4155        23.4342        62.0934       0.120878E+10    4.72110       0.472110        31.2900       0.111663E+10   0.904114E+08   0.174294E+07   0.121823E+09   -61.4464       -132.123       -41.6011               0           1        8052
          13    10.6140        10.1719        9.40860       -65.2627       -40.0700        55.6313       0.104486E+10    4.33577       0.433577        28.3800       0.904047E+09   0.139030E+09   0.178349E+07   0.919478E+08    78.0792        55.0496       -17.7223               0           1        7858
          14    10.5667        10.1438        9.38538       -49.0087       -4.94621        13.2672       0.643703E+09    3.61778       0.361778        23.6900       0.598927E+09   0.421989E+08   0.257675E+07   0.158787E+09    68.6142        49.4119       -22.3727               0           1        7543
          15    10.0268        9.57591        9.77527        10.4246        52.9020        20.9784       0.716649E+09    4.01633       0.401633        26.2900       0.691876E+09   0.230681E+08   0.170483E+07   0.132915E+09   -39.5143       -64.3123        55.7125               0           1        7459
          16    9.99331        9.72529        9.74091       -1.40090        15.8518        33.9797       0.678011E+09    3.88455       0.388455        25.4600       0.626030E+09   0.507714E+08   0.120869E+07   0.129068E+09   -46.2215       -34.3952        48.8311               0           1        6992
          17    10.2757        10.2502        9.31370       -16.8850       -32.3732        32.2081       0.620273E+09    3.81245       0.381245        25.1900       0.589533E+09   0.296465E+08   0.109394E+07   0.271315E+09    10.3262        70.7351       -36.7284               0           1        6697
          18    10.1811        9.42678        9.52789       -8.98304        42.3974        32.0474       0.476597E+09    3.42972       0.342972        22.4500       0.447699E+09   0.278636E+08   0.103434E+07   0.572870E+08   -8.60782       -94.1793        6.16847               0           1        6027
          19    10.2277        9.92047        9.49396        15.3295        92.5131       -7.78394       0.251338E+10    3.01675       0.301675        27.0200       0.226489E+10   0.173537E+09   0.749522E+08   0.158208E+10   0.724996        4.69445      -0.626861               0           0        5821
          20    10.1485        10.2401        9.38550        1.48001       -29.5153        24.1154       0.406563E+09    3.29854       0.329854        21.5900       0.393493E+09   0.125195E+08    550583.       0.768839E+08   -15.1448        68.7004       -22.3487               0           1        5784
          21    9.89077        9.68250        9.80990        8.80001        38.8403        39.4634       0.866694E+09    4.22382       0.422381        28.0400       0.825313E+09   0.396358E+08   0.174535E+07   0.932943E+08   -66.7577       -42.9650        62.6480               0           1        5769
          22    10.2269        9.71500        9.58305       -30.5725        29.8194        19.7092       0.528110E+09    3.56090       0.356090        23.3500       0.484612E+09   0.425193E+08    977898.       0.420005E+08   0.556765       -36.4561        17.2156               0           1        5179
          23    10.8577        10.0707        9.46611       -69.8105        18.2442        34.9728       0.499166E+09    3.54788       0.354788        23.2300       0.475467E+09   0.229580E+08    740926.       0.118970E+09    126.890        34.7898       -6.20452               0           1        5111
          24    10.2091        9.59144        9.88634       -47.2121        32.6065        32.9509       0.478100E+09    3.47458       0.347458        22.7400       0.450609E+09   0.254807E+08   0.201042E+07   0.658050E+08   -3.00813       -61.2021        77.9571               0           1        4651
          25    10.1005        10.4891        9.18736       -20.4167       -20.2959        40.7242       0.534052E+09    3.62058       0.362058        24.0700       0.495587E+09   0.380736E+08    391345.       0.744203E+08   -24.7640        118.583       -62.0312               0           1        4649
          26    10.3421        9.36331        9.42162       -21.4145        68.1993        58.4429       0.369648E+09    3.21903       0.321903        21.0700       0.357411E+09   0.117179E+08    518949.       0.969648E+08    23.6365       -106.891       -15.1148               0           1        4595
          27    9.94824        9.91765        9.62159        8.04257        13.5347        47.5752       0.307799E+09    2.84612       0.284612        18.7900       0.271446E+09   0.359658E+08    386715.       0.458015E+08   -55.2479        4.12967        24.9342               0           1        4448
          28    10.1908        9.57726        9.62683        3.47351        40.7538        42.4711       0.340233E+09    3.12811       0.312811        20.6100       0.328562E+09   0.112523E+08    418409.       0.653813E+08   -6.66916       -64.0420        25.9837               0           1        4423
          29    10.6527        10.0052        9.49602       -50.6775        13.8572        22.4294       0.362068E+09    3.21603       0.321603        21.8800       0.348349E+09   0.134568E+08    262233.       0.317193E+08    85.8379        21.6577      -0.214294               0           1        4302
          30    9.92475        10.0238        9.73510       -6.07201       -25.6474        15.2896       0.554278E+09    3.66945       0.366945        24.1100       0.524269E+09   0.296074E+08    401086.       0.234131E+08   -59.9523        25.3949        47.6675               0           1        4067
          31    10.1585        9.62468        9.90061       -29.9937        30.2196        17.6033       0.253926E+09    2.79505       0.279505        18.5600       0.238440E+09   0.151675E+08    317840.       0.270657E+08   -13.1320       -54.5449        80.8150               0           1        3973
          32    10.6114        10.1545        9.38568       -55.4214       -20.8137        31.1003       0.414310E+09    2.89218       0.289218        20.0400       0.342862E+09   0.709180E+08    529558.       0.141671E+08    77.5625        51.5628       -22.3126               0           1        3678
          33    10.0195        9.90024        9.58746       -1.48460       -47.4096        57.1609       0.449911E+09    2.80747       0.280746        18.9400       0.398315E+09   0.512036E+08    391925.       0.225877E+08   -40.9763       0.642883        18.0989               0           1        3665
          34    10.9620        9.99978        9.49590       -71.9325        11.5222        30.3990       0.264474E+09    2.89599       0.289599        19.7200       0.257728E+09   0.639163E+07    354306.       0.376187E+08    147.793        20.5783      -0.238327               0           1        3610
          35    10.2269        9.59519        9.92907       -56.6814        36.0784        8.44135       0.370401E+09    3.15675       0.315675        20.6700       0.340035E+09   0.297170E+08    649316.       0.463072E+08   0.566778       -60.4510        86.5148               0           1        3608
          36    10.6982        10.2027        9.42558       -62.2220       -35.8151        24.2109       0.424843E+09    3.21182       0.321182        21.0700       0.384930E+09   0.394570E+08    456191.       0.204107E+08    94.9424        61.2161       -14.3217               0           1        3548
          37    10.1841        9.44413        9.55586        8.11789        39.4548        22.7845       0.212102E+09    2.60118       0.260118        17.1800       0.194045E+09   0.177548E+08    303072.       0.260166E+08   -8.01901       -90.7046        11.7702               0           1        3530
          38    10.1010        9.35809        9.48143        23.9188        57.2415        64.0846       0.254966E+09    2.77142       0.277142        18.6100       0.237443E+09   0.169535E+08    569739.       0.610874E+08   -24.6519       -107.936       -3.13631               0           1        3320
          39    10.7994        9.94347        9.43877       -61.8092        24.9931        31.9163       0.260827E+09    2.88537       0.288537        19.0400       0.254819E+09   0.572864E+07    279974.       0.437993E+08    115.214        9.30077       -11.6800               0           1        3320
          40    10.1519        9.64933        9.78215       -12.8074        27.4146       -2.29642       0.975502E+09    3.37765       0.337765        22.1200       0.899476E+09   0.717109E+08   0.431498E+07   0.720072E+08   -14.4679       -49.6081        57.0904               0           1        3237
          41    10.8054        9.89607        9.38254       -56.9234        20.4060        50.6761       0.297283E+09    3.04419       0.304419        20.0000       0.295556E+09   0.123943E+07    487345.       0.357989E+08    116.418      -0.192264       -22.9415               0           1        3163
          42    10.1638        9.64742        9.86886       -9.24864        14.1332        11.5763       0.235183E+09    2.70773       0.270773        17.7400       0.214081E+09   0.209018E+08    199788.       0.202466E+08   -12.0846       -49.9907        74.4563               0           1        3129
          43    9.94579        9.89117        9.64439        25.1938        9.83889        34.9313       0.207848E+09    2.50945       0.250945        16.4300       0.181906E+09   0.254422E+08    499790.       0.163332E+08   -55.7386       -1.17361        29.5005               0           1        3057
          44    10.5020        10.1364        9.36611       -67.4983       -18.0582        3.83411       0.213953E+09    2.47301       0.247300        16.6000       0.193712E+09   0.197913E+08    449295.       0.374608E+08    55.6604        47.9338       -26.2320               0           1        3015
          45    10.4667        9.29099        9.52755       -40.6106        47.8343        28.4232       0.245324E+09    2.79745       0.279745        18.6100       0.236528E+09   0.851993E+07    275835.       0.533956E+08    48.5847       -121.375        6.10038               0           1        3007
          46    10.7706        10.2424        9.40070       -74.2393       -21.9918        49.3925       0.240090E+09    2.76661       0.276661        18.1900       0.226136E+09   0.137098E+08    243874.       0.157713E+08    109.442        69.1750       -19.3045               0           1        2879
          47    10.7407        10.1733        9.51006       -41.5480       -12.8710        7.71513       0.166996E+09    2.37287       0.237287        15.6200       0.158628E+09   0.787997E+07    487975.       0.188408E+08    103.462        55.3220        2.59757               0           1        2873
          48    10.3868        9.51832        9.37121       -7.41173        59.7979        61.5556       0.259702E+09    2.81187       0.281187        18.4100       0.241267E+09   0.183059E+08    128673.       0.147900E+08    32.5868       -75.8462       -25.2106               0           1        2813
          49    10.3907        10.0892        9.37082       -8.32893        13.2689        16.6224       0.353293E+09    2.57074       0.257074        17.3200       0.319999E+09   0.324576E+08    836779.       0.512120E+08    33.3598        38.4929       -25.2887               0           1        2767
          50    10.6728        10.3455        9.41581       -34.2903       -40.9021        18.6297       0.200794E+09    2.65706       0.265706        17.7700       0.196456E+09   0.414624E+07    192331.       0.236671E+08    89.8714        89.8254       -16.2784               0           1        2637
          51    10.7784        10.2784        9.40619       -64.8207       -39.4139        50.2885       0.482587E+09    3.52345       0.352345        23.5500       0.454600E+09   0.271557E+08    832152.       0.378771E+08    111.004        76.3809       -18.2050               0           1        2633
          52    10.3248        9.63877        9.42312        2.37888        16.7485        32.9798       0.319741E+09    2.84211       0.284211        18.8200       0.293395E+09   0.259570E+08    389477.       0.200089E+08    20.1657       -51.7230       -14.8143               0           1        2557
          53    10.2203        9.93794        9.47809       -40.4147        53.1295        15.0837       0.381793E+09    2.35324       0.235324        17.2100       0.377614E+09   0.136118E+07   0.281854E+07   0.161418E+09  -0.751031        8.19325       -3.80523               0           0        2554
          54    10.2258        10.1441        9.24977       -8.27042       -6.91149        69.9627       0.231408E+09    2.79084       0.279084        18.4600       0.226385E+09   0.475734E+07    265455.       0.177918E+08   0.334459        49.4840       -49.5320               0           1        2521
          55    10.3812        9.65012        9.38827        8.82630        51.4908        55.2213       0.651595E+09    2.05603       0.205603        15.8500       0.615308E+09   0.325263E+08   0.376110E+07   0.161469E+09    31.4592       -49.4499       -21.7939               0           1        2497
          56    10.2879        10.3069        9.29450       -35.4826       -43.6828        51.8037       0.177172E+09    2.44757       0.244757        16.2400       0.163699E+09   0.133146E+08    157999.       0.106920E+08    12.7715        82.0807       -40.5737               0           1        2485
          57    10.2481        9.88295        9.46465       -20.1934       -67.5002        1.90525       0.220244E+09    2.08707       0.208707        15.9200       0.218404E+09   0.145406E+07    385463.       0.327725E+08    4.79859       -2.81987       -6.49692               0           0        2370
          58    10.8157        10.2198        9.37968       -71.2031       -21.6554        58.4393       0.197669E+09    2.62561       0.262561        17.4700       0.191218E+09   0.625492E+07    196194.       0.190288E+08    118.475        64.6348       -23.5143               0           1        2329
          59    10.4366        10.0961        8.88988       -26.1301        1.98794        48.0530       0.207721E+09    2.67688       0.267689        17.9000       0.200114E+09   0.753281E+07    74520.5       0.719313E+07    42.5504        39.8768       -121.609               0           1        2324
          60    10.2038        9.46308        9.69648       -10.8093        63.2505        18.7302       0.219926E+09    2.72515       0.272515        18.4000       0.214663E+09   0.513709E+07    125616.       0.217484E+08   -4.06959       -86.9094        39.9328               0           1        2292
          61    10.1371        10.1180        9.06416       -6.19562        8.21392        64.4026       0.176088E+09    2.52107       0.252107        17.0100       0.167524E+09   0.849566E+07    69122.7       0.613147E+07   -17.4139        44.2488       -86.7051               0           1        2214
          62    10.3526        9.74210        9.35481       -53.4780        3.69144        83.3150       0.193945E+09    2.58356       0.258356        17.4700       0.179329E+09   0.143571E+08    258868.       0.154237E+08    25.7313       -31.0286       -28.4951               0           1        2182
          63    9.84593        9.89832        9.67267        12.1214        18.9983        32.2732       0.180677E+09    2.32781       0.232780        16.0800       0.164115E+09   0.164567E+08    105868.       0.224081E+08   -75.7380       0.258355        35.1643               0           1        2177
          64    10.8300        10.0937        9.46329       -48.5990       -11.1177        26.0221       0.316737E+09    2.48182       0.248182        16.5600       0.289404E+09   0.272504E+08    82625.9       0.721444E+07    121.345        39.3781       -6.76930               0           1        2109
          65    10.5821        9.89125        9.58909       -51.0287        18.8344        8.68844       0.115299E+09    2.20143       0.220143        14.9800       0.113068E+09   0.210595E+07    125427.       0.337709E+08    71.6985       -1.15759        18.4253               0           1        1988
          66    10.1610        10.3655        9.23269       -16.9016       -6.01196        54.3763       0.153589E+09    2.35444       0.235444        15.4100       0.147986E+09   0.553194E+07    71394.3       0.611497E+07   -12.6374        93.8148       -52.9527               0           1        1944
          67    10.4196        10.0386        9.22093       -35.4703        7.70963        85.9552       0.163005E+09    2.46499       0.246499        16.2300       0.158628E+09   0.423171E+07    145625.       0.173771E+08    39.1558        28.3610       -55.3080               0           1        1899
          68    10.6982        10.1424        9.45217       -64.6231        7.11898        34.6656       0.168222E+09    2.34703       0.234703        15.4900       0.157298E+09   0.108095E+08    115227.       0.455536E+07    94.9504        49.1495       -8.99636               0           1        1843
          69    10.3771        9.63409        9.37970       -84.3085       -8.83684        10.2136       0.138457E+10    2.23247       0.223247        18.6000       0.128342E+10   0.867390E+08   0.144104E+08   0.100087E+10    30.6381       -52.6603       -23.5103               0           1        1812
          70    10.5562        9.28382        9.11188       -26.9053        36.2512        42.0979       0.207341E+09    2.62922       0.262922        17.4100       0.198451E+09   0.877955E+07    110128.       0.337027E+07    66.5154       -122.811       -77.1480               0           1        1811
          71    10.1975        10.2020        9.40079       -13.1723       -26.2774        28.0251       0.171582E+09    2.38609       0.238608        15.8400       0.144661E+09   0.268619E+08    59514.8       0.255891E+07   -5.33132        61.0839       -19.2865               0           1        1701
          72    10.3041        9.37234        9.59205       -33.5141        70.5892        18.1356       0.272927E+09    2.90941       0.290941        19.7700       0.257396E+09   0.152713E+08    260111.       0.805123E+07    16.0220       -105.082        19.0181               0           1        1639
          73    10.6222        9.91306        9.59818       -58.4389        20.1726        7.97667       0.118547E+09    2.21405       0.221405        14.5000       0.114897E+09   0.358138E+07    68261.8       0.111150E+08    79.7215        3.21041        20.2458               0           1        1632
          74    10.7319        10.2464        9.43191       -50.4380       -33.7590        34.1564       0.133439E+09    2.27433       0.227433        14.9300       0.125456E+09   0.783853E+07    145025.       0.984288E+07    101.706        69.9741       -13.0539               0           1        1622
          75    9.92950        9.20415        9.28275       -15.1876        71.4164        50.9468       0.190073E+09    2.39630       0.239630        15.7100       0.184650E+09   0.511701E+07    305792.       0.145865E+08   -59.0010       -138.767       -42.9270               0           1        1608
          76    10.4868        10.3080        9.33238       -37.4080       -48.7986        25.9929       0.128966E+09    2.28675       0.228675        15.0400       0.126038E+09   0.285076E+07    77768.9       0.228747E+08    52.6203        82.3131       -32.9873               0           1        1596
          77    10.3984        9.34061        9.63473       -46.5417        37.1353        12.6576       0.141276E+09    2.34182       0.234182        17.4200       0.136264E+09   0.494378E+07    68843.0       0.441882E+07    34.9140       -111.437        27.5659               0           1        1512
          78    10.8780        10.1113        9.47788       -88.7369       -15.1549        28.6055       0.113526E+09    2.15116       0.215116        14.0800       0.107913E+09   0.553830E+07    74504.4       0.304618E+07    130.962        42.9089       -3.84728               0           1        1511
          79    10.3052        9.40787        9.42436       -18.6468        47.1867        69.4874       0.122473E+09    2.23648       0.223648        14.7800       0.120717E+09   0.162104E+07    135044.       0.758301E+07    16.2343       -97.9665       -14.5660               0           1        1455
          80    10.0134        9.56294        9.71970        3.45886        39.6548        60.5461       0.157531E+09    2.42434       0.242434        15.9000       0.150896E+09   0.658803E+07    47447.4       0.360915E+07   -42.2060       -66.9099        44.5832               0           1        1444
          81    10.1850        10.1959        9.38033       -14.8963       -35.0490        17.1456       0.177862E+09    2.07345       0.207345        13.5700       0.153390E+09   0.244099E+08    62132.4       0.271664E+07   -7.82875        59.8522       -23.3841               0           1        1403
          82    10.3550        9.75598        9.37345       -55.2940       -6.97821        69.5668       0.147621E+09    2.33982       0.233982        15.8800       0.135765E+09   0.117794E+08    76772.6       0.962740E+07    26.2120       -28.2488       -24.7620               0           1        1395
          83    10.1723        9.56886        9.71565       -24.4246        52.2863        23.8981       0.111796E+09    2.18040       0.218040        14.2700       0.110158E+09   0.152078E+07    117212.       0.723504E+07   -10.3662       -65.7243        43.7721               0           1        1356
          84    9.95098        10.5263        9.15373      -0.882062       -4.22521        44.0211       0.113000E+09    2.16818       0.216818        14.2200       0.108495E+09   0.446767E+07    36672.4       0.147622E+07   -54.6991        126.029       -68.7664               0           1        1321
          85    10.8312        10.0910        9.46618       -70.1011        3.54308        62.9243       0.367666E+09    3.00894       0.300894        21.8900       0.333717E+09   0.338670E+08    82625.9       0.721444E+07    121.593        38.8454       -6.19050               0           1        1295
          86    10.1520        9.66330        9.78829       -31.5421        27.2793        7.53058       0.130580E+09    1.89901       0.189901        12.9700       0.127202E+09   0.325013E+07    128653.       0.328075E+07   -14.4458       -46.8103        58.3201               0           1        1210
          87    10.7501        10.1354        9.46465       -61.9418       0.928911        29.3092       0.158316E+09    2.32560       0.232560        15.2200       0.144910E+09   0.134057E+08    0.00000        0.00000        105.347        47.7376       -6.49692               1           1        1094
          88    10.2530        9.89336        9.46095       0.206429       -10.1515       -3.79105       0.209427E+09    1.85275       0.185275        13.2200       0.205518E+09   0.312533E+07    784189.       0.565987E+08    5.79596      -0.735009       -7.23794               0           0         935
          89    9.92524        9.67575        9.78222       -11.5548        23.0331        45.9967       0.113245E+09    2.04722       0.204722        15.0200       0.103757E+09   0.946017E+07    28666.5        912468.       -59.8542       -44.3169        57.1044               0           1         858
          90    10.7749        10.0403        9.40144       -67.2046        8.64312        71.9323       0.113447E+09    2.20704       0.220704        14.5700       0.111322E+09   0.210770E+07    16719.6       0.116917E+07    110.318        28.7014       -19.1563               0           1         843
          91    10.1600        10.3788        9.22556      -0.317007       -14.5775        61.7726       0.139449E+09    2.10510       0.210510        14.5000       0.131857E+09   0.758184E+07    9952.69        609300.       -12.8456        96.4885       -54.3807               0           1         761
          92    9.68441        10.2987        9.25635       -19.6155        14.9046        46.7242       0.178238E+09    2.53709       0.253709        16.6100       0.177168E+09    841747.        228953.       0.744788E+07   -108.086        80.4425       -48.2142               0           1         742
          93    10.1827        10.1927        9.38132        5.75389       -56.8705        24.2288       0.196098E+09    2.36285       0.236285        16.0900       0.176419E+09   0.196165E+08    62132.4       0.271664E+07   -8.29940        59.2053       -23.1858               0           1         717
