#          i      x              y              z              v_x            v_y            v_z            Mvir           Rvir     Rs (Rockstar)       v_max           Mdm           Mgas           Mstars    Avg age of stars     xc             yc             zc      flag DM only  flag outside Rvir  Np bound
# (h^-1 comoving Mpc) (h^-1 comoving Mpc) (h^-1 comoving Mpc) (km/s)         (km/s)         (km/s)         (Msun)         (kpc)         (kpc)           (km/s)         (Msun)         (Msun)         (Msun)         (yrs)          (kpc)          (kpc)          (kpc)
           1    10.0909        9.55790        9.55714       -68.0900        148.178        158.003       0.301207E+12    72.7754        7.27754        143.630       0.271417E+12   0.171273E+11   0.126627E+11   0.998361E+10    0.00000        0.00000        0.00000               0           0     3261181
           2    10.1013        9.57939        9.58408       -136.447        195.554        121.934       0.108504E+12    23.2949        2.32949        76.6100       0.871349E+11   0.948041E+10   0.118884E+11   0.873731E+10    5.20277        10.7507        13.4772               0           0      264138
           3    10.1647        9.40625        9.41185       -45.0922        244.896        257.533       0.247018E+11    29.6313        2.96313        55.1700       0.215036E+11   0.286400E+10   0.334188E+09   0.479754E+09    36.9297       -75.8655       -72.6838               0           1      223210
           5    9.80790        10.2214        9.60351        9.75247        69.0786        289.871       0.255656E+11    31.8530        3.18530        60.3500       0.238662E+11   0.149065E+10   0.208789E+09   0.254869E+09   -141.575        331.927        23.1974               0           1      182503
           6    9.77768        9.73651        9.93135        69.1101        242.889        164.685       0.166053E+11    28.1966        2.81966        50.8300       0.156491E+11   0.792493E+09   0.163749E+09   0.117527E+09   -156.694        89.3526        187.205               0           1      144664
           7    10.1047        9.33036        9.49804       -44.5661        206.123        211.379       0.132386E+11    23.1088        2.31088        42.1600       0.113412E+11   0.171245E+10   0.184959E+09   0.125608E+09    6.88367       -113.831       -29.5658               0           1      113279
           8    9.84938        10.0457        9.47171       -23.1548        84.7514        268.324       0.182585E+11    28.0315        2.80315        49.6400       0.162926E+11   0.190700E+10   0.589194E+08   0.477198E+08   -120.824        244.020       -42.7378               0           1       88144
           9    10.0121        9.58569        9.58465       -107.944        184.877        190.961       0.144349E+11    17.3052        1.73052        38.4700       0.134348E+11   0.730359E+09   0.269741E+09   0.498488E+09   -39.4310        13.9024        13.7623               0           0       69669
          10    10.0524        9.33855        9.49784       -26.8270        232.799        205.694       0.101033E+11    20.2173        2.02173        39.0600       0.953878E+10   0.493915E+09   0.705682E+08   0.126032E+09   -19.2653       -109.734       -29.6658               0           1       67084
          11    10.7187        9.27744        9.52315       -93.8612        114.634        133.203       0.921309E+10    20.5490        2.05490        38.5600       0.844718E+10   0.692725E+09   0.731890E+08   0.125859E+09    314.087       -140.305       -17.0041               0           1       63534
          12    10.0007        9.61344        9.58625       -5.30218        55.5930        116.589       0.117921E+11    16.7099        1.67099        40.8200       0.110645E+11   0.455479E+09   0.272108E+09   0.489239E+09   -45.1441        27.7848        14.5628               0           0       54223
          13    9.88023        10.0224        9.41096       -50.8647        97.5507        307.119       0.545345E+10    18.3873        1.83873        34.4200       0.506055E+10   0.368044E+09   0.248602E+08   0.448957E+08   -105.391        232.374       -73.1290               0           1       51071
          14    10.2469        9.07955        9.11336       -10.9854        209.932        157.109       0.513104E+10    17.5484        1.75484        36.1400       0.434029E+10   0.746685E+09   0.440649E+08   0.721494E+08    78.0266       -239.303       -222.008               0           1       50662
          15    10.2904        9.37885        9.45917        18.5709        255.864        240.248       0.398654E+10    17.0786        1.70786        30.8900       0.371942E+10   0.249759E+09   0.173665E+08   0.274280E+08    99.8232       -89.5728       -49.0111               0           1       42343
          16    10.1138        9.60380        9.55765        182.880        206.163        280.846       0.114478E+11    14.0965        1.40965        29.8300       0.108961E+11   0.514950E+09   0.367517E+08   0.431762E+08    11.4611        22.9622       0.255136               0           0       38058
          17    10.1639        10.0453        9.71646       -136.909        82.5871        221.226       0.391945E+10    17.2407        1.72407        29.8000       0.377662E+10   0.140524E+09   0.230759E+07   0.110577E+08    36.5195        243.845        79.7025               0           1       36450
          18    9.68943        9.98350        9.53901        73.7313        149.653        247.092       0.494877E+10    18.7125        1.87125        34.8300       0.457418E+10   0.366220E+09   0.836346E+07   0.257834E+08   -200.842        212.914       -9.06984               0           1       35804
          19    10.3402        10.1650        9.46492       -106.046        68.8283        218.399       0.332965E+10    16.2702        1.62702        31.1500       0.310425E+10   0.220690E+09   0.470893E+07   0.800346E+07    124.722        303.692       -46.1346               0           1       33863
          20    10.0737        9.53589        9.63104       -168.402        260.217        32.1138       0.292400E+10    12.6733        1.26733        26.3200       0.283323E+10   0.875047E+08   0.326741E+07   0.201119E+08   -8.59458       -11.0109        36.9697               0           0       22774
          21    9.70407        9.14282        9.20577        66.5438        193.948        164.847       0.251017E+10    15.1376        1.51376        28.1900       0.249948E+10   0.729796E+07   0.339371E+07   0.107180E+08   -193.518       -207.651       -175.779               0           1       22437
          22    10.0537        9.48579        9.72880        54.0982        88.5670        147.183       0.202959E+10    12.6002        1.26002        23.7100       0.201662E+10   0.114563E+08   0.150899E+07   0.641988E+07   -18.5899       -36.0742        85.8758               0           1       22353
          23    9.95748        9.94367        9.82959        37.9596        205.247        150.485       0.240110E+10    14.0080        1.40080        25.0400       0.224808E+10   0.150197E+09   0.281767E+07   0.114311E+08   -66.7456        192.988        136.298               0           1       22119
          24    9.54345        9.41534        9.80371        77.9634        244.130        161.179       0.217224E+10    14.2861        1.42861        26.9500       0.212394E+10   0.460378E+08   0.225366E+07   0.860665E+07   -273.871       -71.3180        123.351               0           1       21543
          25    9.78371        10.0569        9.97519       -76.2948        202.163        156.875       0.163178E+10    12.7848        1.27848        23.9900       0.155053E+10   0.766572E+08   0.459531E+07   0.125146E+08   -153.677        249.613        209.137               0           1       21450
          27    9.66226        9.53235        9.18001        52.7325        143.617        210.752       0.228111E+10    14.5803        1.45803        28.4500       0.220924E+10   0.700814E+08   0.178647E+07   0.814313E+07   -214.434       -12.7818       -188.666               0           1       20742
          28    9.76642        9.72514        9.98867        53.4799        211.072        110.077       0.323405E+10    14.1155        1.41155        27.4400       0.297945E+10   0.247945E+09   0.665571E+07   0.372510E+08   -162.327        83.6646        215.880               0           1       20238
          29    10.2284        9.02966        9.20409       -29.8040        217.277        186.851       0.138645E+10    12.0389        1.20389        23.2600       0.138242E+10   0.214490E+07   0.188053E+07   0.811892E+07    68.7667       -264.261       -176.619               0           1       19568
          30    9.90197        9.60108        9.71859        108.861        246.922        154.047       0.147981E+10    11.2375        1.12375        21.4700       0.138550E+10   0.928878E+08   0.142377E+07   0.137718E+07   -94.5154        21.6015        80.7681               0           1       17650
          31    9.93443        10.0869        9.94043       -33.4508        193.084        194.037       0.131873E+10    11.8913        1.18914        24.0600       0.129297E+10   0.248206E+08    940541.       0.568391E+07   -78.2767        264.651        191.747               0           1       16676
          32    10.1306        9.54466        9.54227       -97.8068        193.934       -66.1670       0.533169E+10    10.5811        1.05811        24.3200       0.520551E+10   0.941722E+08   0.320074E+08   0.481062E+08    19.8706       -6.62353       -7.43897               0           0       16537
          33    9.71497        9.98269        10.1057       -68.2676        178.092        212.313       0.133282E+10    12.1210        1.21210        22.1900       0.131990E+10   0.118157E+08   0.110620E+07   0.449700E+07   -188.065        212.508        274.421               0           1       14756
          34    10.0260        9.97382        9.10699       -52.6387        116.054        243.210       0.136064E+10    11.7263        1.17263        24.4100       0.123784E+10   0.121590E+09   0.120625E+07   0.101165E+08   -32.4623        208.071       -225.195               0           1       13472
          35    9.87522        10.2536        10.0301       -7.65117        213.156        198.810       0.133163E+10    11.9804        1.19804        20.4000       0.131733E+10   0.140161E+08    282697.       0.197531E+07   -107.898        348.046        236.596               0           1       12842
          36    10.0444        9.90383        9.72510        1.51809        141.400        148.617       0.884020E+09    10.5331        1.05331        19.1900       0.882013E+09   0.190016E+07    107267.        693479.       -23.2774        173.057        84.0248               0           1       12420
          37    10.0078        9.81897        9.72823        70.9838        200.859        133.037       0.488535E+09    8.23340       0.823340        14.8700       0.483781E+09   0.474128E+07    12352.4        0.00000       -41.5772        130.605        85.5906               0           1       12326
          38    9.91879        9.92208        9.68904       -41.8380        96.8958        268.979       0.124794E+10    11.7783        1.17783        20.6100       0.119096E+10   0.567460E+08    233750.       0.246095E+07   -86.1009        182.187        65.9852               0           1       11833
          39    9.67817        9.98002        9.52789        75.5551        102.840        269.947       0.286815E+10    10.3580        1.03580        21.0800       0.269863E+10   0.161189E+09   0.832645E+07   0.256041E+08   -206.475        211.173       -14.6328               0           1       11528
          40    9.87619        10.0456        9.46639       -51.4813        135.155        229.379       0.286449E+10    10.8473        1.08473        22.6100       0.261289E+10   0.248965E+09   0.263422E+07   0.344578E+07   -107.412        243.970       -45.3992               0           1       11390
          41    9.96698        10.0459        10.1069       -22.6132        159.557        246.795       0.127236E+10    11.7398        1.17398        23.9000       0.124940E+10   0.209302E+08   0.203216E+07   0.570050E+07   -61.9931        244.150        275.032               0           1       11180
          42    10.0923        9.54569        9.50888       -127.301        144.871        56.8935       0.195810E+10    8.72266       0.872266        19.3500       0.192983E+10   0.213209E+08   0.695141E+07   0.209370E+08   0.725387       -6.10826       -24.1429               0           0       11163
          43    10.0468        9.59645        9.55781       -165.719        132.009        260.409       0.265847E+10    8.49053       0.849053        17.9600       0.257725E+10   0.734546E+08   0.776390E+07   0.126589E+08   -22.0568        19.2853       0.335179               0           0       10978
          44    10.1666        9.09047        9.23419        30.9398        167.780        234.935       0.995605E+09    10.7387        1.07387        19.5800       0.953927E+09   0.416206E+08    57127.0        626605.        37.8652       -233.840       -161.561               0           1       10795
          45    9.78348        9.70393        9.98616        89.4145        255.794        168.523       0.142973E+10    10.6477        1.06477        25.4700       0.138583E+10   0.414877E+08   0.240469E+07   0.209999E+08   -153.792        73.0540        214.624               0           1        9925
          46    10.1161        9.24575        9.34717       -89.4107        191.401        261.751       0.742355E+09    9.67767       0.967767        19.0800       0.741177E+09    525860.        652764.       0.464858E+07    12.5867       -156.158       -105.041               0           1        9624
          47    10.7196        9.37354        9.59623       -49.8803        122.920        138.196       0.924850E+09    10.0559        1.00559        19.0900       0.893902E+09   0.306021E+08    346186.       0.253204E+07    314.538       -92.2292        19.5554               0           1        9460
          48    9.96512        9.72447        9.85704       -8.04843        132.645        155.746       0.124020E+10    11.3551        1.13551        21.2200       0.118813E+10   0.503295E+08   0.174770E+07   0.263533E+07   -62.9236        83.3294        150.030               0           1        9308
          49    10.0878        9.49886        9.72004        37.3088        59.9830        111.592       0.750410E+09    9.18791       0.918791        18.4000       0.749823E+09    346176.        240626.       0.115100E+07   -1.53082       -29.5357        81.4935               0           1        9272
          50    9.97840        10.0292        9.12546       -28.3038        78.9835        261.836       0.802076E+09    10.1419        1.01419        17.8700       0.783577E+09   0.176179E+08    880668.       0.161692E+07   -56.2800        235.776       -215.955               0           1        8818
          51    9.90425        9.98987        9.30965       -92.1697        66.2612        258.492       0.684442E+09    9.74720       0.974721        17.8800       0.683728E+09    662437.        51066.4        190355.       -93.3748        216.100       -123.811               0           1        8461
          52    10.7783        9.37017        10.0666       -91.8088        167.362        127.642       0.123902E+10    11.7903        1.17903        22.3600       0.121681E+10   0.211892E+08   0.102223E+07   0.944983E+07    343.898       -93.9151        254.891               0           1        8334
          53    10.0116        10.0025        9.86679       -144.000        107.964        214.325       0.768898E+09    10.0544        1.00544        19.1400       0.750904E+09   0.179942E+08    0.00000        0.00000       -39.6862        222.439        154.908               1           1        8239
          54    9.83328        9.65358        9.88278        59.7938        260.281        175.588       0.558164E+09    8.93527       0.893527        17.8500       0.557275E+09    661690.        226714.       0.154111E+07   -128.879        47.8655        162.907               0           1        7654
          55    10.1009        9.44501        9.64991       -186.012        234.000        119.755       0.550319E+09    8.52405       0.852405        16.2000       0.548629E+09   0.143313E+07    256893.       0.180008E+07    5.00767       -56.4751        46.4097               0           1        7616
          56    9.82575        8.98087        9.74804        8.24156        247.100        106.814       0.658365E+09    9.67917       0.967917        17.0900       0.655794E+09   0.254958E+07    21120.0        76407.4       -132.646       -288.669        95.5009               0           1        7395
          57    9.87896        9.98021        9.89376        40.0594        229.282        149.671       0.110538E+10    11.0159        1.10159        21.9900       0.981529E+09   0.123217E+09    629040.       0.150622E+07   -106.027        211.268        168.400               0           1        7247
          58    9.67373        9.71900        9.85287        54.5879        297.026        127.814       0.560016E+09    8.89775       0.889775        16.5100       0.556444E+09   0.352492E+07    47276.9        274217.       -208.696        80.5930        147.944               0           1        7246
          59    9.76101        8.92457        9.82955        8.13886        246.426        107.166       0.888734E+09    10.7017        1.07017        19.0900       0.880683E+09   0.801348E+07    37528.8        110668.       -165.033       -316.834        136.278               0           1        6972
          60    9.86651        9.01030        10.0402       -16.9794        253.557        99.7820       0.611151E+09    9.50808       0.950808        18.8300       0.610899E+09    150900.        100640.        283148.       -112.255       -273.946        241.644               0           1        6958
          61    10.6604        9.59534        9.40478       -121.435        83.9714        187.245       0.680857E+09    9.80624       0.980624        18.3900       0.680486E+09    165260.        205525.       0.212611E+07    284.902        18.7300       -76.2206               0           1        6941
          62    10.5749        9.79837        9.48674       -139.387        78.7221        172.230       0.525230E+09    8.98830       0.898830        16.2600       0.525184E+09    46527.2        0.00000        0.00000        242.139        120.299       -35.2188               1           1        6872
          63    10.1519        9.43028        9.43494       -54.3583        276.821        232.739       0.130177E+10    8.57608       0.857608        20.7000       0.126787E+10   0.256890E+08   0.821368E+07   0.266173E+08    30.5013       -63.8440       -61.1326               0           1        6309
          64    10.1744        9.37168        9.41678       -34.5984        185.326        225.682       0.124444E+10    8.05530       0.805530        17.4900       0.101030E+10   0.227291E+09   0.685263E+07   0.114115E+08    41.7673       -93.1597       -70.2174               0           1        6161
          65    10.2322        10.1052        9.90547       -167.139        102.955        191.766       0.536360E+09    9.05734       0.905734        16.2900       0.531752E+09   0.455584E+07    52042.4        351687.        70.6977        273.806        174.258               0           1        6007
          66    10.0454        9.68585        9.61324        84.6316        229.077        181.583       0.334249E+09    6.63854       0.663854        13.8000       0.333634E+09    542961.        72823.1        882428.       -22.7471        64.0091        28.0650               0           1        5980
          67    10.2997        10.0684        9.43732       -94.3111        91.0304        230.711       0.471488E+09    8.66013       0.866012        17.7800       0.471310E+09    78840.0        98313.3        690556.        104.471        255.401       -59.9420               0           1        5942
          68    10.0834        9.33533        9.45455       -30.7712        200.558        311.040       0.413234E+09    7.60656       0.760656        14.5200       0.409788E+09   0.343982E+07    5682.00        45880.6       -3.74200       -111.344       -51.3224               0           1        5938
          69    9.78664        10.0688        9.92528       -123.738        184.876        157.144       0.466014E+09    8.45351       0.845351        15.4500       0.459754E+09   0.625955E+07    0.00000        0.00000       -152.211        255.586        184.168               1           1        5796
          70    9.97751        9.68064        9.48122       -101.054        60.5810        109.191       0.404281E+09    7.73813       0.773813        14.8100       0.401391E+09   0.287496E+07    14828.5        31142.4       -56.7252        61.4027       -37.9803               0           1        5731
          71    9.62980        9.94698        9.50611        88.9026        158.963        261.584       0.490578E+09    8.51405       0.851405        16.6200       0.482867E+09   0.736408E+07    347481.       0.303052E+07   -230.673        194.644       -25.5286               0           1        5725
          72    9.52923        9.51574        9.82675        101.015        201.219        193.103       0.624203E+09    9.38551       0.938551        16.7600       0.613643E+09   0.104248E+08    135565.        461413.       -280.985       -21.0912        134.877               0           1        5704
          73    11.0561        9.67791        9.55061       -127.092        79.9596        150.563       0.437123E+09    8.45952       0.845952        16.1400       0.436060E+09    972663.        90662.7        383717.        482.852        60.0370       -3.26674               0           1        5680
          74    9.91261        9.62443        9.61910        113.193        236.092        138.387       0.481860E+09    8.03779       0.803779        16.3200       0.439801E+09   0.420447E+08    14167.9        30850.2       -89.1926        33.2827        30.9965               0           1        5655
          75    9.98167        9.50779        9.65722        129.685        253.296        166.951       0.445026E+09    8.39198       0.839198        16.0500       0.443708E+09   0.117812E+07    138916.        490494.       -54.6441       -25.0684        50.0667               0           1        5650
          76    10.7890        9.42818        9.77474       -100.103        151.722        102.445       0.455043E+09    8.59459       0.859459        15.7900       0.453103E+09   0.194019E+07    0.00000        0.00000        349.226       -64.8946        108.858               1           1        5567
          77    9.77432        9.93440        9.68463       -33.9075        115.376        238.761       0.573665E+09    9.26245       0.926245        17.0600       0.573238E+09    427019.        0.00000        0.00000       -158.374        188.350        63.7790               1           1        5533
          78    10.3950        9.32043        9.64750       -114.971        145.999        164.549       0.400830E+09    8.09282       0.809282        16.2600       0.393327E+09   0.711351E+07    389309.       0.243134E+07    152.141       -118.798        45.2041               0           1        5441
          79    9.97638        9.94343        9.32308       -39.7782        94.2107        284.470       0.475925E+09    8.74567       0.874567        18.1500       0.471809E+09   0.389229E+07    223751.       0.136206E+07   -57.2905        192.868       -117.092               0           1        5395
          80    9.93546        9.61522        9.61288        110.203        257.710        128.008       0.435199E+09    7.64308       0.764308        13.2000       0.434896E+09    303182.        0.00000        0.00000       -77.7615        28.6753        27.8849               1           1        5309
          81    10.1129        10.0539        9.70826       -132.231        89.3538        194.054       0.411059E+09    8.02879       0.802879        15.3100       0.410536E+09    523002.        0.00000        0.00000        11.0209        248.152        75.6003               1           1        5078
          82    10.2720        9.61291        9.62584       -185.732        165.604        123.540       0.420865E+09    8.29193       0.829193        17.4600       0.414610E+09   0.608364E+07    170973.       0.145692E+07    90.6033        27.5197        34.3683               0           1        4953
          83    10.0988        10.0191        8.90485       -18.8332        77.8116        234.430       0.369556E+09    7.88621       0.788621        15.1500       0.365143E+09   0.390741E+07    505357.       0.154771E+07    3.93710        230.728       -326.319               0           1        4930
          84    10.0953        9.30789        9.58796       -29.6713        210.513        183.623       0.423959E+09    8.38348       0.838348        18.3100       0.422841E+09    806129.        311994.       0.185297E+07    2.17616       -125.072        15.4182               0           1        4872
          86    10.1460        9.91408        8.98245       -82.9076        92.2868        211.344       0.441582E+09    8.41850       0.841850        16.0900       0.441547E+09    34482.3        0.00000        0.00000        27.5547        178.185       -287.498               1           1        4827
          87    10.1514        9.72674        9.69841        17.2747        151.444        171.685       0.243553E+09    6.54149       0.654149        15.8700       0.242764E+09    80463.0        709194.       0.309217E+07    30.2611        84.4650        70.6727               0           1        4816
          88    9.68305        10.1658        9.18812        45.0388        110.870        272.813       0.602334E+09    9.33048       0.933048        17.6600       0.601422E+09    912531.        0.00000        0.00000       -204.034        304.112       -184.608               1           1        4652
          89    9.86011        9.63754        9.87873        60.5027        269.899        170.174       0.388568E+09    8.00227       0.800227        16.9000       0.388089E+09    136968.        341627.       0.307258E+07   -115.457        39.8412        160.881               0           1        4651
          90    9.93333        9.52671        9.78249        102.762        220.358        148.180       0.432947E+09    8.21839       0.821839        14.9400       0.431903E+09   0.104383E+07    0.00000        0.00000       -78.8270       -15.6033        112.735               1           1        4622
          91    10.2295        9.47900        9.53605        56.1094        223.007        276.056       0.359201E+09    7.71612       0.771612        16.0100       0.358076E+09   0.105730E+07    66958.4        217988.        69.3420       -39.4710       -10.5506               0           1        4543
          92    10.0425        9.13874        9.34902        33.5445        263.029        106.797       0.466892E+09    8.56507       0.856507        15.3000       0.459172E+09   0.771966E+07    0.00000        0.00000       -24.1979       -209.692       -104.116               1           1        4496
          93    10.1360        9.62189        9.55132        84.1915        217.115        83.7258       0.378806E+09    5.80460       0.580460        12.8500       0.374454E+09   0.382098E+07    531068.       0.431802E+07    22.5620        32.0121       -2.91155               0           0        4486
          94    10.6251        9.21370        9.63853       -137.726        133.044        168.327       0.616397E+09    7.60906       0.760906        14.2000       0.614225E+09    694494.       0.147713E+07   0.826461E+07    267.242       -172.192        40.7167               0           1        4459
          95    10.2212        9.38681        9.37401       -84.0821        242.151        203.540       0.342583E+09    7.56154       0.756154        15.3400       0.341449E+09   0.113164E+07    2770.17        4417.52        65.1748       -85.5906       -91.6138               0           1        4440
          96    10.0320        9.48449        9.73604        55.3942        52.8328        209.977       0.593197E+09    7.52602       0.752602        14.7300       0.589616E+09   0.349855E+07    81896.1       0.103943E+07   -29.4907       -36.7246        89.4977               0           1        4439
          97    9.89339        10.0465        9.48352       -56.8192        42.7528        310.813       0.417897E+09    7.10079       0.710079        13.3100       0.403137E+09   0.147595E+08    0.00000        0.00000       -98.8077        244.425       -36.8296               1           1        4398
          98    10.0891        9.88043        9.78030       -84.9349        218.256        68.7538       0.399322E+09    7.95225       0.795225        13.5400       0.398066E+09   0.125641E+07    0.00000        0.00000      -0.925493        161.351        111.640               1           1        4300
          99    10.0577        10.0473        9.80847       -147.232        79.8109        197.168       0.376750E+09    7.81167       0.781167        14.7200       0.369466E+09   0.728415E+07    0.00000        0.00000       -16.6089        244.841        125.732               1           1        4251
         101    9.97795        10.0119        9.98948       -68.2872        257.263        99.2787       0.334588E+09    7.65459       0.765459        14.6700       0.333800E+09    737241.        50855.2        339078.       -56.5051        227.111        216.285               0           1        4085
         102    10.1052        9.62640        9.54838       -250.564        81.2007        119.743       0.311945E+09    5.32684       0.532684        11.1200       0.298882E+09   0.130063E+08    57229.9        232467.        7.16882        34.2683       -4.38234               0           0        4037
         103    10.6593        9.36139        9.61011       -27.7582        168.172        141.129       0.321645E+09    7.37444       0.737444        14.0700       0.299796E+09   0.218488E+08    0.00000        0.00000        284.377       -98.3074        26.4991               1           1        4036
         104    9.98948        9.91540        9.71278       -31.2084        92.1723        255.891       0.274673E+09    7.20835       0.720835        13.5800       0.273774E+09    888226.        10887.4        37632.7       -50.7371        178.845        77.8615               0           1        3937
         105    10.1434        9.16829        9.12892        69.0530        176.431        212.674       0.244926E+09    6.86116       0.686116        13.0700       0.244426E+09    499527.        0.00000        0.00000        26.2690       -194.909       -214.224               1           1        3928
         106    10.1042        9.77032        9.65416       -154.078        128.038        69.2530       0.305812E+09    7.26138       0.726138        15.3500       0.305616E+09    80099.9        115704.        894663.        6.62853        106.267        48.5359               0           1        3913
         107    10.1251        9.47914        9.54396       -157.628        173.427        159.885       0.319597E+09    6.35890       0.635890        14.1500       0.305450E+09   0.137253E+08    421594.       0.243906E+07    17.0941       -39.4010       -6.59352               0           0        3911
         108    10.2515        9.41603        9.52710       -40.4802        225.146        221.220       0.194521E+09    6.35639       0.635639        13.8700       0.191218E+09   0.330280E+07    0.00000        0.00000        80.3178       -70.9728       -15.0280               1           1        3834
         109    9.92169        9.41506        9.48229       -58.9985        66.1210        145.103       0.161240E+09    5.45441       0.545441        10.6400       0.156383E+09   0.485687E+07    0.00000        0.00000       -84.6501       -71.4581       -37.4450               1           1        3811
         110    9.93783        9.56304        9.72871        115.376        262.750        165.300       0.337829E+09    7.42396       0.742396        12.8000       0.337624E+09    204819.        0.00000        0.00000       -76.5758        2.57137        85.8308               1           1        3749
         111    9.91627        10.1460        9.57471       -13.4555        133.309        255.810       0.298194E+09    7.41746       0.741746        13.2900       0.297385E+09    809177.        0.00000        0.00000       -87.3616        294.227        8.78969               1           1        3709
         112    10.2802        9.36162        9.45529        25.2231        252.157        251.398       0.892795E+09    7.39595       0.739595        17.3600       0.867799E+09   0.233026E+08   0.169327E+07   0.818478E+07    94.7255       -98.1924       -50.9522               0           1        3706
         113    10.0387        9.53697        9.49017       -61.2559        63.5329        81.6681       0.230089E+09    5.55297       0.555297        10.9800       0.229212E+09    388092.        488712.       0.337735E+07   -26.1089       -10.4706       -33.5029               0           0        3655
         114    9.87646        10.0839        9.79415       -30.1664        116.696        259.729       0.322209E+09    7.56454       0.756454        14.9300       0.321329E+09    755623.        124199.        444624.       -107.277        263.150        118.568               0           1        3626
         115    10.1731        9.41775        9.45025       -56.4582        210.253        268.193       0.614285E+09    7.26838       0.726838        17.7100       0.606909E+09   0.606284E+07   0.131297E+07   0.131270E+08    41.1469       -70.1124       -53.4735               0           1        3568
         116    9.95033        9.44944        9.56642        4.59838        54.9455        174.398       0.244138E+09    6.66456       0.666456        14.5000       0.241683E+09   0.231661E+07    138107.        828906.       -70.3225       -54.2589        4.64248               0           1        3518
         117    9.89300        9.60791        9.72272       -13.9183        126.921        90.0494       0.569536E+09    5.82711       0.582711        11.7100       0.548132E+09   0.203284E+08   0.107523E+07    592762.       -99.0028        25.0183        82.8342               0           1        3485
         118    10.0929        9.35315        9.49152        107.760        174.008        280.030       0.434730E+09    6.31137       0.631137        11.5500       0.413612E+09   0.210753E+08    42487.1        53051.7       0.980523       -102.430       -32.8275               0           1        3474
         119    10.0714        9.59837        9.50630        156.942        305.952        227.795       0.251673E+09    5.45341       0.545341        11.3600       0.250994E+09    611614.        66980.8        104925.       -9.74520        20.2458       -25.4336               0           0        3370
         120    10.0733        9.10756        9.05528        72.4157        191.107        196.773       0.327493E+09    7.46349       0.746349        14.3600       0.321163E+09   0.633014E+07    0.00000        0.00000       -8.80469       -225.290       -251.064               1           1        3369
         121    10.5784        9.24930        9.57141       -66.5098        131.992        221.756       0.417987E+09    7.93374       0.793374        14.6200       0.417105E+09    626045.        256419.        605156.        243.855       -154.382        7.13881               0           1        3255
         122    9.81240        9.13856        10.0906       -5.47894        256.042        100.199       0.259673E+09    7.14882       0.714882        13.3900       0.259308E+09    339896.        24793.6        224607.       -139.324       -209.782        266.852               0           1        3252
         123    9.76549        10.2073        9.58328        44.0620        46.7587        302.709       0.959989E+09    8.28042       0.828042        17.1100       0.890660E+09   0.681124E+08   0.121651E+07   0.385070E+07   -162.792        324.893        13.0770               0           1        3225
         124    10.4339        9.30816        9.69027       -115.904        132.828        173.324       0.250015E+09    6.93420       0.693420        13.8800       0.249830E+09    76343.7        108220.        486417.        171.607       -124.937        66.6005               0           1        3224
         125    10.0838        9.91364        9.01536       -48.1520        113.953        237.797       0.385900E+09    7.89321       0.789321        14.6100       0.367637E+09   0.182625E+08    0.00000        0.00000       -3.54689        177.965       -271.035               1           1        3142
         126    10.8477        9.12970        9.51140       -129.185        154.066        153.387       0.351481E+09    7.38945       0.738945        14.4800       0.339537E+09   0.118698E+08    74844.9        444605.        378.612       -214.214       -22.8822               0           1        3137
         127    9.76423        8.92263        9.84066        18.7075        237.022        83.5483       0.582851E+09    6.94771       0.694771        13.0300       0.579639E+09   0.317379E+07    37528.8        110668.       -163.422       -317.804        141.836               0           1        3097
         128    10.0765        9.61761        9.60413        95.9404        228.622        194.432       0.366062E+09    5.20828       0.520828        12.1200       0.361734E+09   0.422322E+07    104611.        626268.       -7.22385        29.8709        23.5075               0           0        3052
         129    9.75237        9.18550        9.93080        7.68110        257.123        96.3159       0.307050E+09    7.53953       0.753953        13.1300       0.306946E+09    103537.        0.00000        0.00000       -169.355       -186.299        186.930               1           1        3024
         130    10.1040        9.60075        10.1773       -48.0761        266.425        105.323       0.375644E+09    8.05480       0.805480        15.0300       0.375619E+09    25604.4        0.00000        0.00000        6.56850        21.4364        310.250               1           1        3022
         131    9.97355        10.1580        10.1169       -29.4856        160.218        261.662       0.258696E+09    7.10579       0.710579        14.4100       0.258477E+09    218901.        0.00000        0.00000       -58.7063        300.220        280.019               1           1        3010
         132    9.63063        9.91681        9.48281        52.7616        140.263        289.062       0.207716E+09    6.51698       0.651698        12.8500       0.205684E+09   0.195553E+07    76949.3        683919.       -230.258        179.551       -37.1848               0           1        2959
         133    10.1453        9.35968        9.26867        17.0261        185.537        242.572       0.221472E+09    6.69157       0.669157        13.1800       0.219235E+09   0.206822E+07    167800.        273772.        27.1995       -99.1629       -144.312               0           1        2882
         134    10.3549        9.36903        9.62992       -132.069        148.621        91.1989       0.208365E+09    6.53349       0.653349        12.4800       0.202857E+09   0.549448E+07    13274.6        33969.4        132.065       -94.4854        36.4094               0           1        2877
         135    10.3690        9.91517        9.63103       -155.933        86.1073        179.685       0.221903E+09    6.76311       0.676311        12.5800       0.221730E+09    173886.        0.00000        0.00000        139.119        178.730        36.9647               1           1        2869
         136    10.1573        9.41555        9.48087       -100.262        218.372        208.230       0.210675E+09    5.72006       0.572005        12.7300       0.189721E+09   0.208772E+08    76660.9        193293.        33.2127       -71.2130       -38.1553               0           1        2848
         137    10.5981        9.26811        9.72276       -105.853        116.231        85.5201       0.215310E+09    6.66856       0.666856        13.3200       0.215162E+09    109996.        38644.6        326813.        253.710       -144.972        82.8542               0           1        2819
         138    9.93803        9.56152        9.61656        125.515        292.304        143.578       0.224601E+09    6.58602       0.658602        12.5300       0.224224E+09    377222.        0.00000        0.00000       -76.4758        1.81097        29.7259               1           1        2797
         139    10.2450        10.1548        10.0018       -169.024        111.170        193.086       0.266023E+09    7.11130       0.711130        12.9600       0.265627E+09    395946.        0.00000        0.00000        77.0711        298.624        222.434               1           1        2777
         140    10.1599        9.45192        9.36931       -38.7720        254.395        203.848       0.300077E+09    6.02272       0.602272        13.0200       0.294725E+09   0.492803E+07    423590.       0.271703E+07    34.5384       -53.0183       -93.9651               0           1        2772
         141    10.7267        10.0088        9.09049       -107.992        84.8204        174.622       0.307183E+09    7.45298       0.745298        14.6700       0.306946E+09    236633.        0.00000        0.00000        318.070        225.565       -233.449               1           1        2769
         143    10.0177        9.85359        9.68462        65.0547        178.368        150.476       0.163403E+09    6.06574       0.606574        10.4000       0.162868E+09    534702.        0.00000        0.00000       -36.6045        147.924        63.7740               1           1        2716
         144    10.2008        9.21061        9.34478        32.1097        218.283        246.785       0.179150E+09    5.81861       0.581861        12.2900       0.170932E+09   0.813724E+07    80705.2        425272.        54.9943       -173.738       -106.237               0           1        2680
         145    10.7324        9.33192        9.94363       -92.9910        170.773        116.561       0.224140E+09    6.79213       0.679213        13.3700       0.223725E+09    222917.        192510.        589309.        320.941       -113.050        193.348               0           1        2680
         146    10.1562        10.0206        8.95006       -79.3068        61.9494        218.440       0.354828E+09    7.74413       0.774414        14.6100       0.347601E+09   0.722708E+07    0.00000        0.00000        32.6824        231.448       -303.702               1           1        2668
         147    9.80381        10.0113        10.1949       -143.196        212.577        156.682       0.209908E+09    6.44944       0.644944        12.4100       0.209508E+09    178660.        221407.        684461.       -143.622        226.821        319.035               0           1        2646
         148    9.57524        9.43035        9.80342        80.9731        229.048        180.818       0.245234E+09    6.46195       0.646195        14.3300       0.236611E+09   0.855815E+07    64393.5        179217.       -257.968       -63.8090        123.206               0           1        2630
         149    9.86500        9.99562        9.95729       -75.6963        182.686        174.364       0.198744E+09    6.34039       0.634039        12.4600       0.191301E+09   0.742554E+07    17431.9        29904.0       -113.010        218.977        200.182               0           1        2624
         150    10.2056        9.07391        9.22265        32.4591        176.134        217.532       0.194678E+09    6.27785       0.627785        11.6400       0.194460E+09    217815.        0.00000        0.00000        57.3706       -242.124       -167.334               1           1        2610
         151    9.89193        10.1817        9.61450       -14.8339        128.508        253.962       0.121011E+09    5.26231       0.526231        10.2400       0.120467E+09    543682.        0.00000        0.00000       -99.5381        312.071        28.6953               1           1        2556
         152    9.52905        9.99712        9.43992        84.9342        121.414        258.717       0.269929E+09    7.21785       0.721785        14.4400       0.269701E+09    80292.4        147918.        496866.       -281.075        219.727       -58.6413               0           1        2548
         153    10.1310        9.98812        8.96866       -68.8796        69.6711        213.166       0.233744E+09    6.78712       0.678712        12.9800       0.231956E+09   0.178870E+07    0.00000        0.00000        20.0807        215.225       -294.397               1           1        2538
         154    10.0913        9.55776        9.55720        1.86510        240.189        86.5244       0.219015E+11    4.26428       0.426428        12.2400       0.123586E+11   0.815981E+09   0.872695E+10   0.513301E+10   0.210112      -0.700373E-01   0.300160E-01           0           0        2523
         155    9.88151        10.1636        9.61075       -14.4369        138.088        254.106       0.240666E+09    6.53649       0.653649        11.2500       0.239189E+09   0.147715E+07    0.00000        0.00000       -104.751        302.992        26.8193               1           1        2512
         156    9.99553        9.90617        10.3698       -149.401        193.451        167.471       0.247225E+09    7.02575       0.702575        13.9500       0.247087E+09    138370.        0.00000        0.00000       -47.7104        174.228        406.532               1           1        2501
         157    9.68222        9.78159        10.0919        49.2499        260.587        143.944       0.205542E+09    6.56150       0.656150        12.1000       0.203273E+09   0.226904E+07    0.00000        0.00000       -204.449        111.905        267.523               1           1        2486
         158    10.1541        10.0118        8.99375       -83.3338        59.4372        209.269       0.295390E+09    7.35643       0.735643        13.2600       0.295307E+09    83632.9        0.00000        0.00000        31.6219        227.096       -281.845               1           1        2477
         159    9.97737        9.92545        9.80557        12.1320        195.534        154.599       0.221085E+09    6.20431       0.620431        13.4300       0.218903E+09   0.202602E+07    156003.        679637.       -56.7953        183.873        124.281               0           1        2424
         160    9.50688        9.50411        9.81377        107.258        211.270        202.155       0.251895E+09    6.58051       0.658051        12.2600       0.249997E+09   0.189818E+07    0.00000        0.00000       -292.166       -26.9093        128.383               1           1        2367
         161    10.0956        9.60965        9.58422        157.728        247.191        204.337       0.651812E+09    5.75958       0.575958        15.6300       0.634513E+09   0.164252E+08    873549.       0.238067E+07    2.34125        25.8888        13.5472               0           0        2359
         162    10.1206        9.43575        9.45493        125.485        213.349        258.350       0.152452E+09    5.32684       0.532684        9.66000       0.147238E+09   0.521400E+07    0.00000        0.00000        14.8379       -61.1076       -51.1323               1           1        2353
         163    10.2303        9.21429        9.34629        65.0609        194.841        254.747       0.203622E+09    6.29986       0.629986        12.4500       0.203024E+09    598155.        0.00000        0.00000        69.7172       -171.897       -105.481               1           1        2351
         164    9.39698        9.28563        9.74655        67.3605        236.209        168.066       0.312244E+09    7.49951       0.749950        13.8700       0.308609E+09   0.363527E+07    0.00000        0.00000       -347.145       -136.208        94.7555               1           1        2343
         165    9.67873        9.28047        9.08584        60.6333        167.670        181.869       0.262353E+09    7.08728       0.708728        14.0900       0.259059E+09   0.328291E+07    10929.3        202147.       -206.195       -138.789       -235.776               0           1        2320
         166    10.0373        9.46533        9.60844       -20.8234        281.087        222.755       0.192963E+09    6.00120       0.600120        14.2200       0.190220E+09   0.248236E+07    260135.       0.143006E+07   -26.8143       -46.3097        25.6637               0           0        2317
         167    10.4532        9.72683        9.56269       -145.755        84.8507        176.278       0.189589E+09    6.45945       0.645945        11.5300       0.189555E+09    33890.9        0.00000        0.00000        181.242        84.5101        2.77648               1           1        2283
         168    10.1573        9.41539        9.31790       -143.026        220.427        195.763       0.192931E+09    5.97369       0.597369        10.3600       0.190054E+09   0.287722E+07    0.00000        0.00000        33.2227       -71.2930       -119.684               1           1        2273
         169    10.1706        9.37038        9.61527       -161.891        202.173        174.666       0.169505E+09    6.10426       0.610426        11.4400       0.169269E+09    235734.        0.00000        0.00000        39.8763       -93.8100        29.0805               1           1        2269
         170    10.0087        9.85400        9.48107       -50.7339        95.5102        273.487       0.167162E+09    6.13277       0.613277        10.6400       0.167108E+09    54653.2        0.00000        0.00000       -41.0969        148.129       -38.0553               1           1        2254
         171    9.82249        10.0503        10.0047       -75.8579        179.754        184.318       0.169717E+09    5.42340       0.542340        10.1100       0.165362E+09   0.435548E+07    0.00000        0.00000       -134.277        246.346        223.894               1           1        2243
         172    10.3315        10.1698        9.51787       -85.1982        79.7286        207.630       0.182617E+09    5.97619       0.597619        11.6300       0.180244E+09   0.237341E+07    0.00000        0.00000        120.359        306.103       -19.6455               1           1        2242
         173    9.83614        10.0349        10.1046       -35.4134        163.653        230.548       0.285882E+09    6.57851       0.657851        11.3400       0.285081E+09    801098.        0.00000        0.00000       -127.448        238.607        273.876               1           1        2218
         174    9.94549        10.0311        9.96640        15.4533        227.721        162.345       0.181247E+09    6.29386       0.629386        12.0000       0.179662E+09   0.158560E+07    0.00000        0.00000       -72.7438        236.721        204.739               1           1        2203
         175    9.72001        9.15723        9.20372        51.0114        166.929        158.070       0.302287E+09    6.26535       0.626535        11.9700       0.302041E+09    239430.        6007.83        0.00000       -185.544       -200.442       -176.804               0           1        2195
         176    9.96408        9.46062        9.60073        132.417        251.892        185.241       0.145422E+09    5.80810       0.580810        10.1100       0.144993E+09    429182.        0.00000        0.00000       -63.4438       -48.6659        21.8066               1           1        2184
         177    9.68474        9.09348        9.17366        68.4676        190.152        165.894       0.197424E+09    6.11376       0.611376        11.5200       0.197370E+09    8310.13        45744.1        260836.       -203.188       -232.334       -191.842               0           1        2172
         178    10.7693        9.43840        9.86580       -105.154        170.050        102.471       0.200692E+09    6.42393       0.642393        11.9100       0.199366E+09   0.132689E+07    0.00000        0.00000        339.366       -59.7819        154.412               1           1        2153
         179    10.1144        9.78575        9.63029        57.5031        114.345        143.961       0.153841E+09    5.68604       0.568604        11.3700       0.153224E+09    617183.        0.00000        0.00000        11.7413        113.986        36.5945               1           1        2097
         180    10.4943        10.0246        9.33745       -129.418        85.7442        189.118       0.202288E+09    6.52949       0.652949        12.3100       0.202026E+09    262214.        0.00000        0.00000        201.808        233.469       -109.904               1           1        2090
         181    9.86157        10.0118        10.3498       -153.927        208.499        171.667       0.180169E+09    6.33388       0.633388        12.0300       0.179828E+09    341425.        0.00000        0.00000       -114.726        227.091        396.566               1           1        2087
         182    10.0942        9.60371        9.54073        182.588        233.504        264.251       0.817665E+09    5.64852       0.564852        10.5100       0.788987E+09   0.285045E+08    174341.        455315.        1.62587        22.9172       -8.20938               0           0        2076
         183    10.7243        9.38591        9.66376       -104.121        156.999        71.0369       0.170279E+09    5.92366       0.592366        11.6900       0.169269E+09    919595.        89668.9        503922.        316.879       -86.0409        53.3384               0           1        2066
         184    10.4002        10.1189        9.34961       -124.685        85.5876        204.452       0.162137E+09    6.08575       0.608575        10.4600       0.161953E+09    183982.        0.00000        0.00000        154.738        280.640       -103.820               1           1        2056
         185    10.2492        10.1441        10.0402       -177.371        125.670        184.658       0.154368E+09    5.98770       0.598770        10.9500       0.154305E+09    63611.1        0.00000        0.00000        79.1772        293.251        241.669               1           1        2050
         186    9.63511        9.51811        9.80423        84.9322        240.966        159.111       0.156960E+09    6.02222       0.602222        13.0200       0.156716E+09    110885.        133869.        832013.       -228.017       -19.9056        123.611               0           1        2029
         187    10.2145        9.45572        9.30572       -27.4626        237.436        263.187       0.159698E+09    6.04623       0.604623        13.4800       0.159127E+09    75466.5        495484.       0.288924E+07    61.8230       -51.1173       -125.777               0           1        2019
         188    9.89896        10.0200        9.23769       -27.6756        99.9607        279.163       0.166250E+09    6.07775       0.607775        12.3200       0.161455E+09   0.473576E+07    59805.5        543628.       -96.0212        231.178       -159.810               0           1        2000
         189    9.82074        9.85618        9.72874       -43.9712        146.671        133.781       0.143198E+09    5.81260       0.581260        12.6000       0.142832E+09    112768.        254165.       0.179915E+07   -135.152        149.220        85.8458               0           1        1993
         190    9.99599        9.87778        9.73881       -31.0528        92.6322        256.484       0.133032E+09    5.65252       0.565252        11.8200       0.131358E+09   0.167325E+07    0.00000        0.00000       -47.4803        160.025        90.8835               1           1        1973
         191    10.4935        9.43475        9.98265       -132.059        124.748        128.441       0.157367E+09    6.02922       0.602922        11.8400       0.157298E+09    7518.06        62081.9        177711.        201.397       -61.6079        212.869               0           1        1953
         192    9.65744        9.46804        9.87199        84.6080        234.902        170.363       0.130406E+09    5.65152       0.565152        11.0300       0.130361E+09    44856.0        0.00000        0.00000       -216.846       -44.9540        157.509               1           1        1953
         193    9.89643        10.2520        10.0121       -15.3076        245.470        186.339       0.179835E+09    5.72406       0.572406        11.9700       0.179495E+09    249164.        90629.9        457537.       -97.2869        347.255        227.621               0           1        1928
         194    9.91228        9.92533        9.70180       -35.1816        110.709        264.792       0.384127E+09    6.00171       0.600170        12.1500       0.373207E+09   0.108916E+08    28334.4        327423.       -89.3576        183.813        72.3686               0           1        1918
         195    9.52447        9.58561        9.15222        53.0973        128.456        212.800       0.199089E+09    6.51548       0.651548        13.7100       0.197869E+09   0.117410E+07    45489.5        595402.       -283.366        13.8624       -202.568               0           1        1890
         196    10.0976        9.08518        9.20832        51.5794        161.843        230.581       0.157202E+09    5.93667       0.593667        11.0900       0.156632E+09    569106.        0.00000        0.00000        3.34678       -236.486       -174.503               1           1        1876
         197    10.1713        9.33584        10.0943       -42.3222        262.833        93.3051       0.170876E+09    6.22132       0.622132        11.3600       0.170849E+09    26684.0        0.00000        0.00000        40.2164       -111.089        268.708               1           1        1844
         198    10.4685        10.2267        9.26907       -80.1240        67.6022        221.273       0.177054E+09    6.27085       0.627085        11.7500       0.174757E+09   0.229769E+07    0.00000        0.00000        188.886        334.598       -144.112               1           1        1840
         199    10.0747        9.33216        9.21740       -65.0295        250.796        190.800       0.141401E+09    5.80560       0.580560        11.9100       0.141169E+09    210275.        22002.4        70785.9       -8.12433       -112.930       -169.961               0           1        1835
         200    10.5220        9.90855        9.40652       -133.532        79.9854        184.736       0.125716E+09    5.58899       0.558898        10.1300       0.125705E+09    11190.1        0.00000        0.00000        215.675        175.419       -75.3502               1           1        1818
         201    10.7484        9.31087        9.54836       -163.221        213.313        120.694       0.159470E+09    5.30233       0.530233        9.53000       0.158960E+09    510072.        0.00000        0.00000        328.930       -123.581       -4.39234               1           1        1810
         202    10.5571        9.31611        9.84879       -118.514        118.971        112.632       0.142595E+09    5.84912       0.584912        11.3100       0.142499E+09    96463.4        0.00000        0.00000        233.234       -120.959        145.903               1           1        1805
         203    9.82200        10.1308        9.60411       -24.5859        107.646        241.036       0.219624E+09    6.36940       0.636940        12.5400       0.210589E+09   0.903448E+07    0.00000        0.00000       -134.522        286.613        23.4975               1           1        1798
         204    10.5947        9.34916        9.54389       -111.546        67.1076        194.789       0.210654E+09    6.45345       0.645345        13.1400       0.204603E+09   0.605029E+07    0.00000        0.00000        252.024       -104.426       -6.62853               1           1        1797
         205    10.4966        9.40036        9.46371       -80.8291        200.830        162.070       0.136589E+09    5.76858       0.576858        10.5900       0.135599E+09    990349.        0.00000        0.00000        202.953       -78.8120       -46.7399               1           1        1775
         206    10.0607        9.96236        9.10629       -52.0143        71.4936        259.380       0.136687E+09    5.70905       0.570905        11.7800       0.135100E+09   0.148700E+07    100490.        200405.       -15.0930        202.338       -225.545               0           1        1753
         207    10.3485        9.08096        9.06513       -64.4551        154.799        203.052       0.138059E+09    5.76258       0.576258        10.9300       0.136430E+09   0.162941E+07    0.00000        0.00000        128.884       -238.597       -246.136               1           1        1752
         208    10.0095        9.72564        9.48041       -126.481        85.5485        86.5223       0.110357E+09    5.25931       0.525931        10.8000       0.110325E+09    32349.7        0.00000        0.00000       -40.7167        83.9147       -38.3855               1           1        1752
         209    9.82659        9.57492        9.45881        76.1810        145.001        255.971       0.133846E+09    5.69504       0.569504        10.4600       0.133520E+09    325586.        0.00000        0.00000       -132.226        8.51454       -49.1912               1           1        1748
         210    10.8434        9.72570        9.46453       -126.841        82.0704        161.131       0.138623E+09    5.78909       0.578909        12.1500       0.137677E+09    736131.        209934.        777697.        376.461        83.9448       -46.3297               0           1        1746
         211    10.1346        10.1592        9.93379       -165.825        92.9050        208.717       0.140211E+09    5.80160       0.580160        10.4400       0.138758E+09   0.145336E+07    0.00000        0.00000        21.8567        300.795        188.425               1           1        1741
         212    10.3372        9.09703        9.07572       -60.8233        151.722        195.984       0.134935E+09    5.65152       0.565152        11.4400       0.133437E+09   0.148201E+07    16244.8        92186.9        123.216       -230.558       -240.838               0           1        1740
         213    9.87865        9.83579        9.99751       -34.1829        115.695        238.937       0.156133E+09    5.77008       0.577008        11.2100       0.155718E+09    332527.        82705.2        213441.       -106.182        139.019        220.302               0           1        1737
         214    9.85131        10.0316        9.45956        6.72894        111.810        290.822       0.688596E+09    5.30433       0.530433        14.1600       0.657208E+09   0.309629E+08    425754.       0.222439E+07   -119.859        236.991       -48.8160               0           1        1724
         215    10.0251        9.48742        9.73106        70.9515        75.7665        210.166       0.288119E+09    5.14875       0.514875        11.0700       0.287824E+09    231094.        63286.9        875714.       -32.9075       -35.2588        87.0064               0           1        1701
         216    10.6094        9.47853        9.90583       -93.2972        166.029        108.823       0.134276E+09    5.74907       0.574907        10.9600       0.133686E+09    589724.        0.00000        0.00000        259.378       -39.7062        174.438               1           1        1692
         217    10.2572        10.0523        9.21366       -86.4234        75.4078        226.009       0.149850E+09    5.92266       0.592266        11.2700       0.149815E+09    34403.4        0.00000        0.00000        83.1894        247.342       -171.832               1           1        1679
         218    9.81887        9.77579        9.91056       -55.3552        144.278        166.887       0.125232E+09    5.44591       0.544591        10.7400       0.124874E+09    357882.        0.00000        0.00000       -136.088        109.003        176.804               1           1        1655
         219    10.6623        9.33104        9.54789       -170.948        180.199        125.276       0.165144E+09    5.39538       0.539538        9.34000       0.163865E+09   0.127831E+07    0.00000        0.00000        285.837       -113.491       -4.62747               1           1        1645
         220    9.94674        9.81427        9.41339       -50.9950        99.2905        275.823       0.107921E+09    5.34285       0.534285        9.97000       0.107664E+09    256669.        0.00000        0.00000       -72.1185        128.253       -71.9133               1           1        1629
         221    10.1231        9.30059        9.40789       -45.8049        273.911        252.943       0.126390E+09    5.49543       0.549543        11.1700       0.126121E+09    254649.        14758.9        31142.4        16.0936       -128.724       -74.6648               0           1        1625
         222    10.0040        10.0215        9.76067        5.64773        165.742        164.176       0.129124E+09    5.63251       0.563251        12.0600       0.129031E+09    50180.3        43008.7        102928.       -43.4932        231.914        101.819               0           1        1610
         223    10.0635        10.0516        9.79204       -159.128        83.2161        203.044       0.184635E+09    5.61800       0.561800        9.77000       0.183237E+09   0.139854E+07    0.00000        0.00000       -13.7023        246.972        117.513               1           1        1564
         224    10.6043        9.80582        9.42913       -120.953        85.2164        193.341       0.138042E+09    5.81060       0.581060        11.0000       0.138010E+09    9332.75        22787.3        69803.6        256.837        124.026       -64.0391               0           1        1549
         226    9.73742        8.90963        9.84503        11.6237        256.047        86.4334       0.136519E+09    5.63701       0.563701        10.2100       0.135682E+09    837016.        0.00000        0.00000       -176.834       -324.308        144.022               1           1        1504
         227    10.3163        9.28005        9.42685       -116.659        207.583        168.624       0.105314E+09    5.12223       0.512224        9.96000       0.105087E+09    227210.        0.00000        0.00000        112.735       -138.999       -65.1798               1           1        1486
         228    9.78279        10.2981        9.35670        46.4117        63.1912        299.245       0.119639E+09    5.46542       0.546542        9.92000       0.119054E+09    585426.        0.00000        0.00000       -154.137        370.322       -100.273               1           1        1477
         229    9.88189        10.1651        9.59566       -10.7685        138.868        248.053       0.129125E+09    5.29483       0.529483        9.82000       0.128781E+09    344289.        0.00000        0.00000       -104.561        303.772        19.2703               1           1        1472
         230    10.1847        10.0373        9.71548       -134.932        64.6191        226.652       0.336961E+09    5.42640       0.542640        10.8300       0.328146E+09   0.881474E+07    0.00000        0.00000        46.9350        239.813        79.2122               1           1        1458
         232    9.93970        10.1390        9.58060        5.89996        126.559        271.395       0.107637E+09    5.01668       0.501668        9.30000       0.107415E+09    221967.        0.00000        0.00000       -75.6403        290.705        11.7363               1           1        1456
         233    10.2548        9.16135        9.20758       -17.6820        246.630        153.602       0.100629E+09    4.61396       0.461396        10.1700       0.945282E+08   0.604184E+07    58828.5        224465.        81.9987       -198.381       -174.873               0           1        1456
         234    9.58217        10.1729        9.81011        90.6141        167.315        261.805       0.133938E+09    5.70455       0.570455        11.5500       0.133853E+09    15242.9        70406.3        317925.       -254.501        307.659        126.552               0           1        1443
         235    9.80988        8.88837        9.73469        1.00277        246.664        101.948       0.134611E+09    5.71655       0.571655        10.4300       0.133603E+09   0.100795E+07    0.00000        0.00000       -140.585       -334.944        88.8224               1           1        1438
         236    9.76996        9.93865        9.67734       -24.2973        109.986        261.087       0.400980E+09    5.60199       0.560199        12.4900       0.400892E+09    88187.7        0.00000        0.00000       -160.556        190.477        60.1321               1           1        1434
         237    10.4051        9.30575        9.65946       -109.832        147.694        150.441       0.122325E+09    5.28732       0.528732        10.7900       0.121216E+09   0.110942E+07    0.00000        0.00000        157.199       -126.142        51.1873               1           1        1421
         238    9.69401        9.66095        9.36111        66.3046        145.417        233.203       0.119322E+09    5.49794       0.549794        9.51000       0.118306E+09   0.101637E+07    0.00000        0.00000       -198.551        51.5525       -98.0673               1           1        1414
         239    9.64509        9.43534        9.20012        36.6604        139.448        231.534       0.104897E+09    5.29033       0.529033        9.91000       0.104671E+09    225833.        0.00000        0.00000       -223.024       -61.3127       -178.605               1           1        1381
         240    9.78745        9.01668        9.74358        9.19154        238.034        99.8141       0.124702E+09    5.56247       0.556247        10.0000       0.122047E+09   0.265527E+07    0.00000        0.00000       -151.806       -270.754        93.2697               1           1        1376
         241    10.6432        9.36157        9.55996       -106.248        153.507        146.728       0.165297E+09    5.76808       0.576808        10.9800       0.155884E+09   0.937076E+07    41587.4        713643.        276.297       -98.2174        1.41075               0           1        1374
         242    10.3180        9.96113        9.67768       -155.818        88.1158        184.066       0.105783E+09    5.28732       0.528732        9.99000       0.105502E+09    280935.        0.00000        0.00000        113.601        201.723        60.3022               1           1        1360
         243    9.61737        9.52906        9.16161        65.6924        164.980        212.597       0.127218E+09    5.56147       0.556147        10.3500       0.125123E+09   0.209486E+07    0.00000        0.00000       -236.891       -14.4277       -197.871               1           1        1350
         244    9.69844        9.23642        9.61534        55.7301        254.197        133.401       0.109483E+09    5.37437       0.537437        10.5400       0.109327E+09    156499.        0.00000        0.00000       -196.335       -160.826        29.1155               1           1        1325
         245    9.85190        10.0188        9.45358       -38.5028        111.686        204.935       0.722698E+09    6.78812       0.678812        14.4600       0.719728E+09   0.274866E+07    220758.        632345.       -119.564        230.588       -51.8076               0           1        1298
         246    9.90953        10.0695        9.94682       -136.687        94.9599        234.496       0.124213E+09    4.96865       0.496865        9.60000       0.121132E+09   0.308054E+07    0.00000        0.00000       -90.7334        255.931        194.944               1           1        1294
         248    9.23714        9.52915        9.94689        84.1377        211.782        181.646       0.121495E+09    5.53296       0.553295        10.2300       0.121382E+09    113152.        0.00000        0.00000       -427.108       -14.3827        194.979               1           1        1275
         251    9.62179        9.78056        9.97176        24.9730        287.064        107.569       0.131207E+09    5.68604       0.568604        11.8700       0.131026E+09    180742.        0.00000        0.00000       -234.680        111.389        207.421               1           1        1236
         258    9.71305        9.97799        9.54001        83.9165        123.751        239.141       0.251101E+09    5.47192       0.547192        12.0100       0.239355E+09   0.117380E+08    8440.13        0.00000       -189.026        210.157       -8.56957               0           1        1031
         263    10.6994        9.26982        9.53367       -143.718        69.4046        128.308       0.291187E+09    4.95364       0.495365        12.0000       0.287076E+09   0.399939E+07    111526.        498900.        304.392       -144.117       -11.7413               0           1         896
         264    10.4180        9.12471        9.19528       -83.5413        182.385        153.077       0.104422E+09    5.29933       0.529933        10.3000       0.104006E+09    416145.        0.00000        0.00000        163.662       -216.711       -181.027               1           1         885
