#          i      x              y              z              v_x            v_y            v_z            Mvir           Rvir     Rs (Rockstar)       v_max           Mdm           Mgas           Mstars    Avg age of stars     xc             yc             zc      flag DM only  flag outside Rvir  Np bound
# (h^-1 comoving Mpc) (h^-1 comoving Mpc) (h^-1 comoving Mpc) (km/s)         (km/s)         (km/s)         (Msun)         (kpc)         (kpc)           (km/s)         (Msun)         (Msun)         (Msun)         (yrs)          (kpc)          (kpc)          (kpc)
           1    10.0399        9.77464        9.79201       -14.2793        156.779        195.967       0.379331E+12    89.2107        8.92107        164.130       0.342913E+12   0.184244E+11   0.179937E+11   0.104584E+11    0.00000        0.00000        0.00000               0           0     4498970
           2    10.0201        9.81192        9.82444       -191.719        266.035        181.641       0.132695E+12    29.3289        2.93289        60.7300       0.110355E+12   0.817289E+10   0.141675E+11   0.277642E+10   -11.3201        21.3139        18.5410               0           0      253362
           4    9.82426        10.3197        10.0534        9.75693        76.2479        325.630       0.300152E+11    37.5554        3.75554        61.5300       0.276696E+11   0.205198E+10   0.293629E+09   0.215114E+09   -123.286        311.607        149.454               0           1      227272
           5    9.81149        10.1785        9.88714       -34.9860        96.0918        337.411       0.340411E+11    37.3725        3.73725        58.1800       0.304280E+11   0.341103E+10   0.202024E+09   0.105036E+09   -130.587        230.896        54.3881               0           1      196183
           6    9.86678        10.1002        10.1899        61.6041        256.368        176.076       0.241855E+11    35.3074        3.53074        54.2500       0.223673E+11   0.162885E+10   0.189361E+09   0.141809E+09   -98.9768        186.148        227.500               0           1      175696
           7    10.0499        9.75682        9.82002       -46.0910        416.777        180.477       0.151826E+12    28.7109        2.87108        48.6600       0.126823E+12   0.813571E+10   0.168669E+11   0.935383E+10    5.71724       -10.1881        16.0140               0           0      104358
           8    10.0318        9.76501        9.81610        5.78081        454.353        155.828       0.119001E+12    20.8845        2.08845        40.2600       0.949060E+11   0.743728E+10   0.166579E+11   0.904107E+10   -4.64240       -5.50570        13.7728               0           0       62075
           9    10.5427        9.46597        9.76276       -150.730        152.444        195.226       0.113172E+11    22.3922        2.23922        38.5800       0.105850E+11   0.657820E+09   0.744337E+08   0.105264E+09    287.486       -176.474       -16.7229               0           1       60633
          10    9.81304        10.1976        9.92695        98.4329        143.648        266.903       0.150891E+11    21.6849        2.16849        32.3400       0.138119E+11   0.122657E+10   0.507010E+08   0.620745E+08   -129.701        241.822        77.1484               0           1       53642
          11    10.2262        9.39308        9.36668       -22.0795        216.138        186.563       0.498204E+10    20.1979        2.01979        35.8900       0.429797E+10   0.633632E+09   0.504347E+08   0.593000E+08    106.495       -218.147       -243.171               0           1       51131
          12    9.94852        10.1675        10.0601       -157.420        85.9963        246.835       0.426882E+10    19.6044        1.96044        30.4800       0.401348E+10   0.252303E+09   0.303282E+07   0.848834E+07   -52.2441        224.602        153.251               0           1       47741
          13    10.1712        10.2696        9.81109       -123.847        72.5429        253.253       0.378167E+10    19.4106        1.94106        30.9100       0.366296E+10   0.113414E+09   0.530116E+07   0.719883E+07    75.0445        283.003        10.9085               0           1       40036
          14    10.2561        9.76799        9.82988       -68.7685        275.066        256.583       0.341289E+10    17.9384        1.79384        31.3100       0.321591E+10   0.176921E+09   0.200604E+08   0.234775E+08    123.595       -3.80196        21.6512               0           1       39295
          15    10.0524        9.77567        9.78931        27.8553       -118.059        122.601       0.714490E+11    13.3526        1.33526        38.3000       0.531479E+11   0.270740E+10   0.155937E+11   0.859567E+10    7.12368       0.588875       -1.54365               0           0       31814
          16    9.99194        10.2413        10.0710        4.36225        196.677        178.887       0.245603E+10    16.5766        1.65766        24.6500       0.238851E+10   0.646317E+08   0.289589E+07   0.961614E+07   -27.4199        266.823        159.482               0           1       28319
          17    9.80612        9.44480        9.46606        68.5541        217.904        193.174       0.286528E+10    17.8149        1.78149        28.9500       0.284202E+10   0.199073E+08   0.336062E+07   0.840183E+07   -133.658       -188.577       -186.353               0           1       26422
          18    9.66592        9.79403        10.0585        89.4903        272.040        186.388       0.278566E+10    17.5176        1.75176        27.4100       0.269204E+10   0.913217E+08   0.229979E+07   0.705769E+07   -213.813        11.0857        152.382               0           1       25780
          19    10.2030        9.81697        9.93964       -5.86429        142.878        232.254       0.144970E+10    12.6974        1.26974        22.1700       0.143847E+10   0.504642E+07   0.618144E+07   0.111124E+08    93.2367        24.2011        84.4036               0           1       24379
          20    9.74935        9.75396        9.51711        63.5135        158.095        250.498       0.254172E+10    17.1380        1.71380        27.2900       0.248552E+10   0.541217E+08   0.208410E+07   0.642142E+07   -166.114       -11.8232       -157.167               0           1       23725
          21    9.68249        10.3641        10.2420       -60.4154        214.731        206.768       0.183374E+10    15.1690        1.51690        23.6900       0.181259E+10   0.165943E+08   0.455691E+07   0.100872E+08   -204.340        336.997        257.247               0           1       23555
          22    10.0744        9.95576        9.92171        109.130        221.748        122.901       0.141172E+10    13.3023        1.33023        21.1800       0.139091E+10   0.194760E+08   0.133236E+07   0.132597E+07    19.7359        103.551        74.1526               0           1       21620
          23    9.99110        9.87781        9.67335        1.80528        177.860        116.119       0.143902E+10    12.7546        1.27546        23.2200       0.143306E+10   0.275244E+07   0.320640E+07   0.154747E+08   -27.9001        58.9847       -67.8407               0           1       19936
          24    9.87182        10.1001        10.1536        81.5751        296.057        155.149       0.424648E+10    14.9500        1.49500        27.4400       0.401796E+10   0.222122E+09   0.639985E+07   0.175645E+08   -96.0953        186.050        206.707               0           1       18759
          25    10.1160        9.68840        9.88915        17.7253        190.116        71.8721       0.150938E+10    13.6899        1.36899        23.2800       0.149125E+10   0.166954E+08   0.142842E+07   0.448797E+07    43.4853       -49.3055        55.5372               0           0       17920
          26    10.1826        9.37109        9.48594       -32.7332        244.689        199.679       0.152252E+10    13.8700        1.38700        23.2500       0.142873E+10   0.918937E+08   0.189841E+07   0.617230E+07    81.6021       -230.719       -174.987               0           1       17725
          27    9.86677        10.0789        10.0977       -33.0300        114.311        283.460       0.145178E+10    13.3000        1.33000        20.7500       0.134501E+10   0.106535E+09    228988.       0.180345E+07   -98.9825        173.941        174.764               0           1       16691
          28    10.0249        10.1040        9.96876       -28.6962        132.145        182.130       0.104172E+10    12.0331        1.20331        19.2100       0.102900E+10   0.126140E+08    106722.        519883.       -8.58157        188.320        101.052               0           1       15883
          29    9.86815        10.3671        10.2505       -55.5427        190.219        227.504       0.133975E+10    13.6957        1.36957        23.8900       0.130984E+10   0.289788E+08    927345.       0.425594E+07   -98.1935        338.723        262.107               0           1       15607
          30    9.95006        10.1439        9.49411       -50.4208        114.268        286.122       0.141136E+10    13.6391        1.36390        23.9700       0.129454E+10   0.114990E+09   0.182254E+07   0.781583E+07   -51.3637        211.086       -170.316               0           1       14259
          31    10.2036        9.36710        9.58289        19.0106        206.990        238.552       0.114747E+10    12.8175        1.28175        19.3100       0.112311E+10   0.242939E+08    60789.7        463135.        93.5740       -233.000       -119.559               0           1       13182
          32    10.0762        9.81946        9.78487       -97.0205        148.100        216.204       0.184758E+10    9.26479       0.926479        23.7200       0.171550E+10   0.296470E+08   0.102440E+09   0.151371E+09    20.7593        25.6247       -4.08211               0           0       12069
          33    9.80010        10.1685        10.1937       -142.704        123.261        230.030       0.958321E+09    11.7924        1.17924        18.4500       0.898308E+09   0.600130E+08    0.00000        0.00000       -137.099        225.202        229.679               1           1       11905
          34    9.93588        9.83087        9.74143       -71.7641        171.453        264.259       0.559216E+09    8.96807       0.896807        17.2600       0.537738E+09   0.133617E+08   0.811635E+07   0.982634E+07   -59.4707        32.1480       -28.9178               0           0       10998
          35    9.78052        9.30050        9.99803        12.7156        272.106        116.138       0.120955E+10    13.5956        1.35956        19.8100       0.119162E+10   0.178881E+08    37364.4        83223.1       -148.294       -271.077        117.787               0           1       10379
          36    9.87947        10.1140        10.1978        28.3678        283.705        107.384       0.572338E+10    11.5460        1.15460        25.5800       0.538572E+10   0.190047E+09   0.147615E+09   0.582489E+08   -91.7216        194.032        231.977               0           1       10074
          37    10.1249        9.89097        9.81603        123.441        107.673        134.441       0.633618E+09    8.90689       0.890689        15.7000       0.629856E+09   0.374809E+07    14093.4        23531.3        48.5679        66.5086        13.7328               0           0       10070
          38    9.77408        10.1671        10.0736        80.7199        310.616        170.080       0.643082E+09    10.5517        1.05517        16.3300       0.628026E+09   0.150024E+08    53592.7        235628.       -151.976        224.367        160.963               0           1        9712
          39    10.6358        9.63487        10.2694       -102.978        192.045        148.349       0.137534E+10    13.8838        1.38837        22.1700       0.135449E+10   0.198351E+08   0.101899E+07   0.698443E+07    340.719       -79.9098        272.958               0           1        9266
          40    9.94439        9.94131        10.0842       -19.2754        161.913        154.032       0.117499E+10    12.9736        1.29736        21.6300       0.114049E+10   0.327693E+08   0.172869E+07   0.205144E+07   -54.6053        95.2892        167.046               0           1        9262
          41    9.99709        9.58023        9.75698       -69.4001        271.147        294.552       0.717642E+09    11.1240        1.11240        18.8600       0.711330E+09   0.564086E+07    671375.       0.397980E+07   -24.4755       -111.149       -20.0275               0           1        9212
          42    10.0885        10.1005        9.93911        32.1832        181.539        155.781       0.778082E+09    10.5969        1.05969        15.9500       0.774432E+09   0.365015E+07    0.00000        0.00000        27.7629        186.319        84.1006               1           1        9015
          43    9.93913        10.1473        9.53652       -24.0909        79.9022        298.170       0.935788E+09    12.0737        1.20737        17.9500       0.887832E+09   0.470797E+08    875550.       0.121830E+07   -57.6126        213.064       -146.070               0           1        8885
          44    9.74781        10.1208        10.0664        3.55561        135.923        280.370       0.752055E+09    11.3865        1.13865        16.9400       0.739930E+09   0.121251E+08    0.00000        0.00000       -166.995        197.925        156.875               1           1        8739
          45    9.92351        10.3153        10.1426        15.3594        224.969        186.159       0.111206E+10    12.8495        1.28495        21.7800       0.110815E+10   0.328155E+07    625436.       0.113303E+07   -66.5429        309.097        200.435               0           1        8716
          46    9.83934        9.36738        9.91791        12.0383        278.204        126.645       0.714732E+09    11.2441        1.12441        16.9600       0.714489E+09    222020.        21011.6        57314.5       -114.665       -232.840        71.9800               0           1        8665
          47    9.78274        10.0960        9.72858       -70.5084        78.6841        312.630       0.712978E+09    11.2818        1.12818        17.8200       0.710665E+09   0.226184E+07    50812.5        142824.       -147.024        183.735       -36.2644               0           1        8360
          48    9.90306        9.75743        9.72718        11.2619        63.2415        225.889       0.336041E+09    8.31973       0.831973        14.3400       0.333883E+09   0.214345E+07    14720.9        23735.0       -78.2347       -9.83936       -37.0648               0           0        8062
          49    9.67031        9.82458        10.1186        94.6824        222.654        206.310       0.960343E+09    11.8141        1.18141        18.0300       0.959414E+09    794321.        134854.        345957.       -211.303        28.5519        186.725               0           1        7953
          50    10.4660        9.72761        9.70043       -142.797        95.4643        216.671       0.861596E+09    11.8970        1.18970        19.4200       0.861145E+09    246566.        204543.       0.159756E+07    243.617       -26.8882       -52.3585               0           1        7848
          51    9.84267        9.40205        10.1983       -15.2743        281.690        117.197       0.691138E+09    11.2264        1.12264        17.6100       0.690961E+09    76120.9        100231.        213586.       -112.761       -213.019        232.308               0           1        7824
          52    9.82047        10.1911        9.94196        98.3276        173.780        264.405       0.221788E+10    10.1778        1.01778        19.0600       0.203526E+10   0.172387E+09   0.102388E+08   0.102316E+08   -125.453        238.106        85.7300               0           1        7632
          53    10.6063        9.54622        9.80488       -103.719        117.384        146.990       0.807005E+09    11.3179        1.13179        18.9400       0.791642E+09   0.150161E+08    346648.       0.194098E+07    323.801       -130.593        7.35808               0           1        7621
          54    10.3549        9.92163        9.76129       -164.333        87.2984        204.265       0.588841E+09    10.5666        1.05666        16.1300       0.588785E+09    56775.7        0.00000        0.00000        180.076        84.0377       -17.5634               1           1        7490
          55    10.1632        9.88902        9.78951        56.2541        223.492        55.3651       0.769039E+09    9.35570       0.935570        15.6800       0.768366E+09    520079.        153433.        461101.        70.4707        65.3938       -1.42931               0           1        7421
          56    9.92388        9.87758        9.77141       -19.9262        297.392        82.5214       0.521894E+09    9.06126       0.906126        15.4700       0.515789E+09   0.584889E+07    255968.       0.133990E+07   -66.3314        58.8532       -11.7775               0           1        7281
          57    9.91346        10.0633        10.1510        42.2971        298.281        190.556       0.667320E+09    10.2281        1.02282        17.9200       0.613227E+09   0.538681E+08    224684.       0.125666E+07   -72.2887        165.045        205.266               0           1        7209
          58    9.97241        10.2682        10.2089       -187.069        118.832        220.553       0.552805E+09    10.2990        1.02990        16.2900       0.552453E+09    300116.        51851.7        261364.       -38.5856        282.191        238.340               0           1        7139
          59    9.83819        10.1723        10.1166       -147.485        92.4869        227.690       0.702435E+09    10.6998        1.06998        16.3400       0.671507E+09   0.309279E+08    0.00000        0.00000       -115.322        227.369        185.570               1           1        7121
          60    10.1092        9.67457        9.82823       -21.1114        196.083        51.6794       0.627231E+09    10.0812        1.00812        17.9300       0.606826E+09   0.201664E+08    239570.        861100.        39.6319       -57.2124        20.7078               0           0        6909
          61    9.78784        10.1945        9.92160        136.436        175.208        301.617       0.160004E+10    9.78849       0.978849        17.2200       0.154539E+10   0.541495E+08    501414.       0.254939E+07   -144.109        240.055        74.0897               0           1        6809
          62    9.62657        10.3482        10.1988       -91.7047        196.848        214.764       0.515200E+09    9.81879       0.981879        14.6900       0.515041E+09    159162.        0.00000        0.00000       -236.311        327.929        232.543               1           1        6807
          63    10.0705        10.1326        9.27805       -22.9731        78.3435        274.881       0.552801E+09    10.0343        1.00343        15.6600       0.529174E+09   0.230396E+08    586388.       0.137360E+07    17.5119        204.631       -293.843               0           1        6703
          64    10.1502        10.2066        9.80206       -109.656        96.2915        266.693       0.501545E+09    10.0303        1.00303        17.4500       0.501323E+09    123516.        98007.3        511766.        63.0325        246.979        5.74582               0           1        6276
          65    10.0938        9.55339        9.53463        34.5949        296.444        151.426       0.526207E+09    10.0938        1.00938        15.0400       0.523937E+09   0.227026E+07    0.00000        0.00000        30.7873       -126.494       -147.150               1           1        6047
          66    10.8555        9.80293        9.78979       -148.655        93.2828        174.886       0.869496E+09    11.9948        1.19948        18.2900       0.864055E+09   0.533791E+07    103424.        289770.        466.321        16.1741       -1.26923               0           1        5944
          67    9.91483        10.0848        9.77490       -41.0234        94.7772        331.499       0.519567E+09    8.61474       0.861474        16.8100       0.519198E+09    145839.        222957.       0.101430E+07   -71.5055        177.332       -9.78219               0           1        5892
          68    10.1120        9.63815        9.99035        41.6704        150.028        146.745       0.228772E+09    7.44671       0.744671        13.2300       0.228048E+09    661090.        63054.7        650967.        41.2213       -78.0346        113.396               0           1        5837
          69    10.2182        9.56882        9.89009       -127.726        196.743        164.364       0.540629E+09    10.2007        1.02007        16.3300       0.530837E+09   0.940362E+07    387912.       0.180831E+07    101.915       -117.672        56.0747               0           1        5718
          70    9.75193        10.3315        9.61727        47.9469        115.104        312.938       0.688849E+09    10.9325        1.09325        17.9900       0.688052E+09    796857.        0.00000        0.00000       -164.639        318.381       -99.9030               1           1        5673
          71    10.0246        10.0598        9.32234       -80.9024        106.784        250.683       0.540178E+09    10.0486        1.00486        16.1600       0.526847E+09   0.133315E+08    0.00000        0.00000       -8.76452        163.050       -268.521               1           1        5633
          72    10.6253        9.65890        9.93818       -123.617        163.613        121.725       0.405936E+09    9.33740       0.933740        15.8400       0.402721E+09   0.321512E+07    0.00000        0.00000        334.698       -66.1713        83.5689               1           1        5498
          73    10.0623        9.72413        9.89169       -28.1524        342.174        235.764       0.317378E+09    7.71313       0.771313        12.8300       0.315925E+09   0.145324E+07    0.00000        0.00000        12.8180       -28.8778        56.9894               1           0        5390
          74    9.94298        10.1810        9.90276       -108.466        195.561        109.903       0.435949E+09    9.37514       0.937513        13.2600       0.435727E+09    221431.        0.00000        0.00000       -55.4115        232.326        63.3184               1           1        5288
          75    9.98125        9.77681        9.85120        60.4843        154.557        116.202       0.308022E+09    7.05451       0.705451        14.8100       0.304286E+09    153517.       0.358238E+07   0.488304E+07   -33.5316        1.24064        33.8403               0           0        5151
          76    10.0260        9.76099        9.81673        9.32202        473.857        182.272       0.269693E+10    5.15409       0.515409        10.0000       0.219315E+10   0.271849E+09   0.231935E+09   0.816863E+08   -7.95839       -7.80403        14.1330               0           0        5098
          77    10.0620        9.77596        9.81450       -205.102        391.317        278.044       0.448326E+10    7.45128       0.745128        16.1800       0.412967E+10   0.313066E+09   0.405208E+08   0.383150E+08    12.6179       0.754675        12.8581               0           0        4985
          78    9.93464        9.77777        9.77587       -158.254        46.1599        84.3551       0.647364E+09    8.78912       0.878912        17.0300       0.644570E+09   0.251015E+07    283409.       0.152026E+07   -60.1796        1.78950       -9.22762               0           0        4913
          79    10.0447        9.71425        9.82307       -42.5029        389.280        125.850       0.998607E+09    9.41344       0.941344        18.3800       0.961414E+09   0.367497E+08    443419.       0.147449E+07    2.72140       -34.5264        17.7577               0           0        4887
          80    9.98657        9.81025        9.83039       -167.855        188.555        191.405       0.126652E+10    8.45580       0.845580        17.4700       0.123794E+10   0.209485E+08   0.763249E+07   0.185573E+08   -30.4900        20.3591        21.9428               0           0        4733
          81    9.91871        10.1836        10.0272       -132.639        88.0000        240.728       0.416478E+09    8.77025       0.877025        14.9200       0.414860E+09   0.161886E+07    0.00000        0.00000       -69.2872        233.835        134.475               1           1        4720
          82    9.85880        10.3930        10.1671       -90.7399        254.100        144.591       0.379906E+09    8.80856       0.880856        14.3800       0.368884E+09   0.109708E+08    50637.8        252574.       -103.539        353.508        214.465               0           1        4424
          83    10.2135        9.82968        9.93351       -70.3809        245.494        257.668       0.467075E+09    8.22311       0.822311        14.8800       0.465491E+09   0.133262E+07    250825.        389917.        99.2741        31.4677        80.8989               0           1        4387
          84    9.93370        10.0578        10.1352        32.8268        299.548        182.838       0.444786E+09    8.94863       0.894863        16.6700       0.430240E+09   0.142053E+08    340264.       0.229177E+07   -60.7171        161.889        196.187               0           1        4376
          85    10.0320        10.1073        9.31042       -82.2664        69.4233        232.746       0.111439E+10    12.7843        1.27843        18.9400       0.106392E+10   0.504684E+08    3681.71        39913.8       -4.52805        190.201       -275.336               0           1        4345
          86    10.1756        9.38528        9.37080        78.1718        192.661        231.370       0.497490E+09    8.98122       0.898122        13.8300       0.422758E+09   0.747319E+08    0.00000        0.00000        77.5886       -222.606       -240.816               1           1        4334
          87    9.93468        10.0570        10.1008       -46.0496        106.697        271.259       0.325509E+09    8.46209       0.846209        13.5600       0.316424E+09   0.907411E+07    10836.3        28259.2       -60.1568        161.420        176.537               0           1        4240
          88    9.81587        10.3574        10.0254       -82.8884        96.2541        326.582       0.506583E+09    7.58678       0.758678        11.7500       0.505646E+09    936700.        0.00000        0.00000       -128.083        333.155        133.429               1           1        4240
          89    10.1709        9.90320        9.78400        117.076        153.899        122.549       0.384760E+09    7.24317       0.724317        11.7500       0.384431E+09    319393.        9385.26        0.00000        74.8958        73.5008       -4.57951               0           1        4104
          90    10.0338        10.1149        9.29718       -81.8922        66.5197        257.792       0.722283E+09    9.16874       0.916874        14.5600       0.697697E+09   0.245856E+08    0.00000        0.00000       -3.49895        194.506       -282.906               1           1        4082
          91    9.72906        10.1416        9.93252        85.9580        168.395        321.691       0.243945E+09    7.69426       0.769427        12.8100       0.241184E+09   0.268399E+07    76761.8        505113.       -177.715        209.794        80.3329               0           1        4025
          92    10.5962        9.59420        9.82012       -63.5340        151.781        147.644       0.415160E+09    8.81656       0.881656        14.0500       0.397484E+09   0.176766E+08    0.00000        0.00000        318.061       -103.162        16.0712               1           1        4008
          93    9.78454        10.1428        9.92657       -64.4594        103.372        296.032       0.285415E+09    7.53761       0.753761        12.2100       0.271197E+09   0.142182E+08    0.00000        0.00000       -145.995        210.480        76.9311               1           1        3889
          94    10.1070        9.94810        9.92766        93.1793        244.974        111.220       0.307296E+09    7.88922       0.788922        11.9100       0.306780E+09    515688.        0.00000        0.00000        38.3455        99.1712        77.5543               1           1        3886
          95    10.2387        9.43584        9.46398        54.8081        187.699        240.631       0.259676E+09    7.91209       0.791209        13.1500       0.258560E+09   0.111628E+07    0.00000        0.00000        113.676       -193.700       -187.543               1           1        3871
          96    9.87113        10.3363        9.98041       -50.0908        123.715        307.435       0.269575E+09    7.74229       0.774229        12.3200       0.268703E+09    871999.        0.00000        0.00000       -96.4898        321.137        107.713               1           1        3838
          97    9.98385        10.3312        10.3132       -186.783        129.427        230.969       0.472041E+09    9.69702       0.969702        13.8700       0.471976E+09    65122.5        0.00000        0.00000       -32.0451        318.170        297.994               1           1        3762
          98    10.2211        9.80970        9.95899        14.9236        125.631        253.827       0.239009E+09    6.59827       0.659827        9.78000       0.238108E+09    711332.        189674.        239172.        103.591        20.0446        95.4664               0           1        3754
          99    10.1037        9.79052        9.84259       -195.428        277.776        184.819       0.362434E+09    7.02821       0.702821        13.4100       0.333883E+09   0.285515E+08    0.00000        0.00000        36.4817        9.07897        28.9178               1           0        3748
         100    9.89497        9.90667        9.78443       -107.528        60.1405        117.850       0.305650E+09    8.26656       0.826656        14.8700       0.304951E+09    538491.        160421.        787562.       -82.8599        75.4847       -4.33367               0           1        3740
         101    10.1198        10.0389        9.91199       -185.008        77.9208        204.200       0.283495E+09    7.96012       0.796012        12.6700       0.283252E+09    243244.        0.00000        0.00000        45.6979        151.089        68.5954               1           1        3719
         102    9.82852        10.2619        10.1985       -33.4307        127.660        286.584       0.342053E+09    8.62675       0.862675        14.4400       0.335130E+09   0.679905E+07    123558.        334253.       -120.851        278.578        232.406               0           1        3700
         103    9.76766        9.58689        10.0917        14.0338        290.443        119.271       0.292384E+09    8.33002       0.833002        12.2600       0.292314E+09    70314.5        0.00000        0.00000       -155.646       -107.341        171.334               1           1        3618
         104    10.0126        10.0908        9.39001       -47.0860        122.020        274.359       0.474284E+09    9.52493       0.952493        14.8800       0.456346E+09   0.179387E+08    0.00000        0.00000       -15.6023        180.762       -229.833               1           1        3534
         105    9.80559        9.53753        10.2507       -3.18748        287.422        118.416       0.303181E+09    8.53127       0.853127        13.5200       0.303039E+09    117974.        24667.9        168726.       -133.961       -135.561        262.267               0           1        3524
         106    10.0261        10.0124        10.3455       -60.2422        290.261        124.148       0.486165E+09    9.94800       0.994800        16.4300       0.485943E+09    221803.        0.00000        0.00000       -7.88407        135.944        316.449               1           1        3512
         107    10.0536        9.80527        9.80499       -181.446        173.568        408.643       0.189849E+10    5.94193       0.594193        12.9400       0.172639E+10   0.154535E+09   0.175606E+08   0.154938E+08    7.85548        17.5119        7.42097               0           0        3455
         108    9.94080        9.97686        9.91128       -36.6208        68.7643        302.984       0.234516E+09    7.30206       0.730206        10.6200       0.234283E+09    232316.        0.00000        0.00000       -56.6578        115.614        68.1895               1           1        3388
         109    10.0486        9.88251        9.81311        37.1707        191.645        194.795       0.191983E+09    5.83730       0.583730        10.5700       0.189389E+09   0.232116E+07    272515.       0.152422E+07    4.98543        61.6718        12.0634               0           0        3342
         110    10.0887        10.0950        9.93619        27.6417        155.739        194.206       0.519809E+09    7.10139       0.710139        10.6900       0.519115E+09    694632.        0.00000        0.00000        27.9230        183.163        82.4311               1           1        3299
         111    10.5180        9.47467        9.87920       -34.1502        175.574        178.891       0.406115E+09    8.76339       0.876339        14.7400       0.405133E+09    727054.        254974.        456288.        273.324       -171.500        49.8486               0           1        3248
         112    10.2551        9.53673        9.94198       -126.917        181.549        168.935       0.259270E+09    8.07332       0.807332        13.8100       0.258310E+09    851813.        107666.        367439.        123.035       -136.019        85.7414               0           1        3138
         113    10.0621        9.91812        9.80981        17.7346        244.987        84.6542       0.195364E+09    6.58283       0.658283        13.6000       0.189139E+09   0.596497E+07    259909.       0.105270E+07    12.6808        82.0309        10.1767               0           0        3134
         114    10.0841        9.87300        9.97042        90.5965        242.812        100.166       0.244057E+09    7.46386       0.746386        11.7100       0.232538E+09   0.115199E+08    0.00000        0.00000        25.2873        56.2347        102.001               1           1        3131
         115    10.4517        9.46475        9.83682       -84.8696        156.227        66.9513       0.505798E+09    7.58678       0.758678        12.9700       0.505646E+09    112521.        38506.7        241998.        235.453       -177.171        25.6189               0           1        3107
         116    10.5874        9.59813        10.1260       -105.577        192.594        133.031       0.256511E+09    8.02815       0.802815        13.6800       0.255567E+09    752346.        191363.        443215.        312.990       -100.915        190.950               0           1        3102
         117    9.76794        9.54110        9.37816        63.3581        186.984        216.471       0.222528E+09    7.62108       0.762108        10.9500       0.222478E+09    39454.2        10868.8        153070.       -155.486       -133.520       -236.608               0           1        3077
         118    10.1539        9.65765        9.67571       -12.1652        227.487        311.914       0.228277E+09    7.59993       0.759993        13.1000       0.227799E+09    311965.        166597.        209077.        65.1479       -66.8860       -66.4915               0           1        3074
         119    10.0150        9.62486        9.81999        69.8064        197.134        170.156       0.242033E+09    7.25976       0.725975        14.4100       0.241267E+09    627866.        137550.        614286.       -14.2588       -85.6328        15.9968               0           0        3053
         120    10.5619        10.1427        9.36635       -115.627        94.3145        201.363       0.357842E+09    8.80227       0.880227        14.9400       0.357827E+09    15125.1        0.00000        0.00000        298.440        210.406       -243.360               1           1        3038
         121    10.1339        9.63351        9.77363       -173.595        226.406        111.672       0.221227E+09    7.42098       0.742098        12.6600       0.220067E+09   0.114718E+07    13185.2        25705.6        53.7192       -80.6874       -10.5083               0           1        3026
         122    10.1514        9.89438        9.76356        48.7728        267.951        76.5498       0.182302E+09    6.13060       0.613060        9.25000       0.182239E+09    63505.6        0.00000        0.00000        63.7300        68.4582       -16.2655               1           1        2999
         123    9.97477        10.3465        10.3341       -192.680        151.042        214.792       0.350233E+09    8.12420       0.812420        12.4800       0.350178E+09    54890.3        0.00000        0.00000       -37.2364        326.957        309.914               1           1        2962
         124    10.2311        9.32991        9.38209       -80.5257        169.474        220.088       0.338558E+09    8.22768       0.822768        13.5500       0.287409E+09   0.511327E+08    16170.1        68314.0        109.302       -254.263       -234.361               0           1        2926
         125    9.94760        9.76160        9.82969       -89.3941        337.422        105.082       0.279109E+09    6.88013       0.688013        11.5500       0.277016E+09   0.209272E+07    0.00000        0.00000       -52.7701       -7.45528        21.5425               1           0        2906
         126    10.1942        9.66475        9.87952        27.4792        263.542        249.674       0.166369E+09    6.73262       0.673263        10.0300       0.165445E+09    924169.        0.00000        0.00000        88.1941       -62.8267        50.0315               1           1        2906
         127    10.6510        9.38227        9.75044       -141.329        191.154        173.501       0.322752E+09    8.18652       0.818652        14.0200       0.320664E+09   0.201334E+07    74573.7        330187.        349.363       -224.327       -23.7666               0           1        2848
         129    10.2065        9.85297        9.84009       -202.052        82.6855        199.684       0.209223E+09    7.22602       0.722602        11.1800       0.209093E+09    130439.        0.00000        0.00000        95.2606        44.7831        27.4885               1           1        2759
         130    10.1304        9.92393        9.93325       -46.9529        118.940        148.755       0.227228E+09    7.36152       0.736152        15.5100       0.226302E+09    223231.        702745.       0.233582E+07    51.7467        85.3526        80.7503               0           1        2731
         131    9.66533        10.1862        9.84922        101.938        133.805        300.298       0.288998E+09    8.38205       0.838205        14.4600       0.286494E+09   0.235635E+07    147166.        372696.       -214.151        235.304        32.7083               0           1        2685
         132    9.89234        9.94769        9.85420       -14.9013        79.0767        318.897       0.168331E+09    6.54567       0.654567        10.2300       0.168022E+09    309023.        0.00000        0.00000       -84.3635        98.9368        35.5555               1           1        2653
         133    9.75816        10.1886        10.3194        52.8070        292.359        168.961       0.221004E+09    7.51817       0.751817        12.7100       0.213416E+09   0.758821E+07    0.00000        0.00000       -161.077        236.654        301.527               1           1        2583
         134    10.0199        9.80265        9.85606        214.343        160.154        222.296       0.587295E+09    6.17805       0.617805        10.2200       0.580639E+09   0.648599E+07    169987.        179187.       -11.4573        16.0140        36.6189               0           0        2570
         135    9.68410        9.78837        10.0774        68.2871        262.229        187.394       0.277769E+09    7.25747       0.725747        14.4500       0.277682E+09    23681.4        64024.8        135059.       -203.419        7.84977        163.147               0           1        2520
         136    9.96323        9.75357        9.68876       -109.461        250.689        323.871       0.147919E+09    6.14318       0.614318        10.0100       0.147737E+09    182844.        0.00000        0.00000       -43.8341       -12.0462       -59.0305               1           0        2477
         137    10.2984        10.1516        9.63601       -139.508        86.6988        224.051       0.189737E+09    7.27005       0.727005        11.0700       0.189721E+09    15124.9        0.00000        0.00000        147.808        215.488       -89.1889               1           1        2476
         139    10.5493        9.60877        9.77676       -132.315        142.495        90.7586       0.173650E+09    6.88013       0.688013        11.8900       0.171847E+09   0.171385E+07    89214.9        375589.        291.225       -94.8318       -8.71879               0           1        2422
         140    9.75757        10.2825        10.2382       -68.9907        205.493        210.455       0.187204E+09    7.11682       0.711682        12.4100       0.182821E+09   0.436578E+07    17321.5        22871.7       -161.415        290.367        255.092               0           1        2413
         141    9.50501        9.65086        10.0094        79.5726        260.459        190.204       0.314329E+09    8.52670       0.852670        13.6900       0.310521E+09   0.380779E+07    0.00000        0.00000       -305.809       -70.7680        124.287               1           1        2399
         142    10.0998        9.74453        10.2413       -52.2243        295.635        105.286       0.211356E+09    7.57592       0.757592        11.2500       0.211337E+09    18323.9        0.00000        0.00000        34.2177       -17.2146        256.841               1           1        2337
         143    10.1389        9.88698        9.80147        105.819        105.629        144.838       0.385667E+09    7.19115       0.719115        12.0400       0.383600E+09   0.206716E+07    0.00000        0.00000        56.5949        64.2274        5.40851               1           0        2319
         144    10.2405        9.35533        9.54487        8.79886        207.840        221.950       0.203041E+09    7.17285       0.717285        11.5000       0.202275E+09    766104.        0.00000        0.00000        114.693       -239.729       -141.296               1           1        2319
         145    10.2085        10.2445        9.68010       -136.554        87.1893        245.299       0.170725E+09    7.01391       0.701391        10.8400       0.170683E+09    41717.4        0.00000        0.00000        96.3869        268.630       -63.9816               1           1        2313
         146    10.1065        9.79239        9.80276       -117.139        57.4842        113.187       0.277921E+09    5.24500       0.524500        11.0300       0.271862E+09   0.582078E+07    238676.        573608.        38.0596        10.1481        6.14603               0           0        2304
         147    10.6036        9.69800        10.0303       -121.639        185.873        120.397       0.194702E+09    7.27691       0.727691        11.5300       0.193878E+09    823827.        0.00000        0.00000        322.263       -43.8169        136.225               1           1        2274
         148    9.89146        9.89961        9.70646       -79.5288        69.1784        147.560       0.138374E+09    6.43476       0.643476        11.1000       0.137344E+09   0.103000E+07    0.00000        0.00000       -84.8667        71.4483       -48.9110               1           1        2255
         149    10.0696        10.0897        9.96613       -183.002        84.9275        206.995       0.127575E+09    6.18606       0.618606        9.93000       0.127368E+09    207511.        0.00000        0.00000        17.0031        180.116        99.5485               1           1        2236
         150    10.4528        9.46310        9.85778       -102.901        202.683        131.514       0.241379E+09    6.92816       0.692815        14.4300       0.239272E+09    893384.       0.121370E+07   0.510165E+07    236.059       -178.115        37.6023               0           1        2230
         151    9.93934        10.3641        10.2256       -26.4640        225.145        194.030       0.201476E+09    7.31750       0.731750        12.1200       0.196788E+09   0.468791E+07    0.00000        0.00000       -57.4925        336.980        247.865               1           1        2206
         152    9.76802        9.89245        10.0533        97.8661        267.891        178.613       0.165646E+09    6.91958       0.691958        13.1600       0.165113E+09    392505.        140462.        651376.       -155.440        67.3548        149.403               0           1        2199
         153    9.93582        9.81754        9.84400        88.1750        152.034        66.7826       0.311771E+09    6.63772       0.663772        11.7500       0.306780E+09   0.480613E+07    185407.        315136.       -59.5050        24.5269        29.7239               0           0        2190
         154    10.1858        10.2858        9.83389       -115.274        75.0660        222.724       0.239875E+09    6.86355       0.686355        11.1400       0.225887E+09   0.139880E+08    0.00000        0.00000        83.4259        292.214        23.9438               1           1        2170
         155    10.1814        9.35075        9.55784        57.8467        201.061        243.214       0.167669E+09    6.72348       0.672348        10.6700       0.166110E+09   0.155858E+07    0.00000        0.00000        80.8817       -242.348       -133.881               1           1        2142
         156    9.97549        10.2225        10.0634       -12.3369        205.248        194.176       0.244768E+09    6.88871       0.688871        13.2800       0.237193E+09   0.741924E+07    155360.        506181.       -36.8247        256.029        155.177               0           1        2113
         157    9.87720        10.3055        10.2611       -183.303        109.155        237.345       0.145017E+09    6.60913       0.660913        10.1100       0.144744E+09    273751.        0.00000        0.00000       -93.0194        303.477        268.184               1           1        2107
         158    10.4535        9.45840        9.84198       -71.1153        98.3882        199.102       0.483832E+09    7.44156       0.744156        12.6400       0.483199E+09    572999.        60020.4        326074.        236.482       -180.802        28.5690               0           1        2075
         159    9.97538        10.0794        9.51327       -61.0791        86.6030        296.900       0.154451E+09    6.55825       0.655825        11.5200       0.149483E+09   0.486853E+07    99844.1        151856.       -36.8876        174.239       -159.362               0           1        2073
         160    10.3417        10.3309        9.61689       -93.2544        74.4622        252.324       0.190112E+09    7.25804       0.725804        11.5800       0.188807E+09   0.130517E+07    0.00000        0.00000        172.558        318.010       -100.120               1           1        2068
         161    10.1273        9.80181        9.76209       -119.768        231.092        371.684       0.277913E+09    6.79666       0.679666        13.1500       0.276019E+09    959204.        935323.       0.262205E+07    49.9801        15.5337       -17.1060               0           0        2061
         162    9.61013        9.78837        9.48872        63.6214        145.637        246.086       0.213406E+09    7.58793       0.758792        13.2100       0.212169E+09   0.119195E+07    45276.3        441383.       -245.710        7.84977       -173.398               0           1        2056
         163    10.3136        10.0312        9.70404       -152.828        85.0447        221.478       0.134315E+09    6.49650       0.649650        9.98000       0.134268E+09    46236.1        0.00000        0.00000        156.481        146.676       -50.2945               1           1        2031
         164    9.86141        10.1684        9.68138       -23.2783        99.6995        324.668       0.169703E+09    6.99505       0.699505        12.5600       0.167357E+09   0.228620E+07    59501.7        407319.       -102.047        225.105       -63.2498               0           1        2019
         165    10.3570        9.70096        9.72797       -111.451        209.453        198.316       0.149274E+09    6.68746       0.668746        10.7300       0.149233E+09    41142.0        0.00000        0.00000        181.288       -42.1246       -36.6132               1           1        2008
         166    9.87968        10.1099        10.0803        77.5021        261.792        211.354       0.182036E+09    6.85440       0.685440        10.4300       0.172512E+09   0.952372E+07    0.00000        0.00000       -91.6016        191.688        164.805               1           1        1995
         167    10.1534        9.91413        9.85938       -16.5457        60.6280        164.118       0.169834E+09    6.11459       0.611459        10.8700       0.168687E+09   0.114701E+07    0.00000        0.00000        64.8849        79.7497        38.5170               1           1        1983
         168    9.93426        10.3079        10.1130       -121.880        70.3732        281.552       0.115228E+09    6.02712       0.602712        9.58000       0.114731E+09    497226.        0.00000        0.00000       -60.3969        304.872        183.529               1           1        1966
         169    9.81872        10.1742        9.88977        34.2872        112.938        312.112       0.498172E+10    7.60565       0.760565        18.3300       0.439848E+10   0.441342E+09   0.141895E+09   0.371006E+08   -126.454        228.461        55.8917               0           1        1951
         170    10.2277        9.56593        9.72369        1.08746        266.123        269.603       0.147875E+09    6.62857       0.662857        11.9900       0.147570E+09    223829.        80424.8        316711.        107.353       -119.324       -39.0602               0           1        1944
         171    10.4091        9.93547        9.73313       -147.132        90.8644        222.872       0.147600E+09    6.70690       0.670690        11.0500       0.147570E+09    7123.07        22667.4        52711.2        211.103        91.9503       -33.6631               0           1        1933
         172    9.77731        10.0844        9.95531       -14.2157        167.553        173.976       0.144303E+09    6.62171       0.662171        12.7000       0.143414E+09    636609.        253155.       0.133520E+07   -150.129        177.120        93.3625               0           1        1931
         173    9.83583        10.4160        10.0366       -21.9859        78.9854        270.012       0.121405E+09    5.48627       0.548627        9.22000       0.120800E+09    604938.        0.00000        0.00000       -116.672        366.692        139.838               1           1        1907
         174    10.2933        9.64361        10.1798       -140.122        162.165        140.090       0.155003E+09    6.82639       0.682639        11.2200       0.154887E+09    54703.5        61734.4        134010.        144.846       -74.9130        221.697               0           1        1903
         175    9.84244        10.3887        9.82702        36.2692        60.9367        343.133       0.123400E+09    6.14032       0.614032        9.80000       0.123377E+09    23022.7        0.00000        0.00000       -112.893        351.067        20.0160               1           1        1895
         176    10.2985        9.53397        9.73235        27.9478        238.721        272.746       0.202726E+09    7.34666       0.734666        12.8600       0.202192E+09    533409.        0.00000        0.00000        147.865       -137.597       -34.1090               1           1        1887
         177    9.78461        9.83943        10.1314        87.9696        269.377        181.122       0.138312E+09    6.50622       0.650622        11.2100       0.138176E+09    136498.        0.00000        0.00000       -145.955        37.0420        194.026               1           1        1885
         178    10.0791        9.87629        9.99241        93.5950        250.740        109.759       0.137744E+09    6.13860       0.613860        9.77000       0.134019E+09   0.372487E+07    0.00000        0.00000        22.4116        58.1157        114.573               1           1        1881
         179    9.99112        10.2543        10.0338       -27.0791        147.767        208.788       0.140564E+09    6.45134       0.645134        11.9200       0.140088E+09    433174.        42772.3        77827.5       -27.8887        274.204        138.243               0           1        1879
         180    9.94215        10.0239        10.1180       -46.5712        113.247        258.982       0.158541E+09    6.66230       0.666230        11.4900       0.151561E+09   0.697996E+07    0.00000        0.00000       -55.8860        142.496        186.382               1           1        1869
         181    10.1219        10.1671        9.57329       -97.7036        77.0086        265.266       0.176395E+09    7.13455       0.713455        11.4100       0.176336E+09    58562.4        0.00000        0.00000        46.8699        224.390       -125.047               1           1        1867
         182    9.67783        9.82954        10.1254        121.448        226.302        209.011       0.399107E+09    6.42218       0.642218        10.6800       0.398897E+09    74930.8        134854.        200745.       -207.004        31.3876        190.630               0           1        1856
         183    10.3769        9.51921        10.0176       -126.180        157.854        117.964       0.146341E+09    6.68231       0.668231        11.5300       0.146323E+09    18005.8        0.00000        0.00000        192.682       -146.035        128.998               1           1        1851
         184    10.6453        9.85427        9.72017       -142.850        93.1376        187.143       0.144797E+09    6.66173       0.666173        12.2300       0.144577E+09    10633.2        209030.        582642.        346.110        45.5264       -41.0726               0           1        1810
         185    10.0202        9.81411        9.81637       -191.016        222.089        236.368       0.655696E+10    6.17691       0.617691        14.5600       0.488222E+10   0.105922E+10   0.615508E+09   0.347516E+09   -11.2515        22.5659        13.9272               0           0        1782
         186    10.4590        9.73515        10.0776       -111.863        183.973        127.043       0.141264E+09    6.64344       0.664344        10.9300       0.140337E+09    926540.        0.00000        0.00000        239.615       -22.5774        163.261               1           1        1780
         187    9.79520        10.3228        10.0046       -2.47833        140.583        318.934       0.242694E+09    7.17743       0.717743        12.6800       0.237775E+09   0.491890E+07    0.00000        0.00000       -139.901        313.402        121.554               1           1        1756
         188    10.0008        9.91764        9.88725        154.353        261.596        134.159       0.188350E+09    6.46506       0.646506        9.97000       0.182488E+09   0.583749E+07    24491.0        138583.       -22.3430        81.7565        54.4510               0           1        1742
         189    9.80872        9.88099        9.73558        99.9642        152.689        278.014       0.138380E+09    6.56397       0.656397        9.90000       0.138259E+09    120637.        0.00000        0.00000       -132.171        60.8028       -32.2624               1           1        1731
         190    10.3762        10.1329        9.55585       -110.121        100.109        234.966       0.109500E+09    5.99567       0.599567        9.34000       0.109493E+09    6966.10        0.00000        0.00000        192.282        204.854       -135.018               1           1        1721
         191    10.4854        9.60112        9.75040       -184.896        184.978        159.448       0.130875E+09    6.29011       0.629011        9.82000       0.130693E+09    181239.        0.00000        0.00000        254.703       -99.2055       -23.7894               1           1        1691
         193    9.81557        9.27517        9.89997        6.43854        278.494        124.094       0.146633E+09    6.66345       0.666345        10.3100       0.146406E+09    226658.        0.00000        0.00000       -128.255       -285.559        61.7233               1           1        1657
         194    10.0399        9.80646        9.82720       -120.707        452.525        202.586       0.136003E+10    5.34619       0.534619        11.0700       0.115946E+10   0.197285E+09   0.328703E+07   0.373175E+07   0.285862E-01    18.1922        20.1190               0           0        1645
         195    9.99084        9.71286        9.54597       -50.0815        268.231        260.793       0.136357E+09    6.50394       0.650394        11.5600       0.135432E+09    903134.        21883.2        53395.9       -28.0488       -35.3211       -140.667               0           1        1634
         196    9.80660        9.38993        9.90831        17.4869        268.946        126.379       0.135810E+09    6.45648       0.645648        9.86000       0.135765E+09    45112.6        0.00000        0.00000       -133.383       -219.948        66.4915               1           1        1625
         197    9.71722        10.4283        10.2258        92.0698        175.907        306.816       0.157076E+09    6.54110       0.654110        11.8100       0.155635E+09   0.137151E+07    70015.0        237829.       -184.484        373.684        248.014               0           1        1617
         198    9.82048        10.0350        10.3474       -39.1679        159.841        235.610       0.139755E+09    6.54853       0.654853        11.2800       0.139589E+09    83470.0        82228.1        160943.       -125.448        148.865        317.512               0           1        1602
         199    10.1228        9.62601        9.70236       -146.320        268.551        214.251       0.126786E+09    6.12259       0.612260        9.86000       0.123710E+09   0.307603E+07    0.00000        0.00000        47.4016       -84.9753       -51.2550               1           1        1598
         200    9.79090        9.39691        9.43933        74.7512        221.885        196.457       0.119254E+09    6.05456       0.605456        10.9500       0.118805E+09    403364.        45533.0        193981.       -142.359       -215.957       -201.636               0           1        1595
         201    9.90168        10.0882        9.46355       -62.7202        81.9399        287.560       0.109388E+09    5.81386       0.581386        8.28000       0.108579E+09    809708.        0.00000        0.00000       -79.0236        179.253       -187.788               1           1        1593
         203    10.6997        9.84989        9.72213       -141.823        93.9129        185.102       0.118852E+09    6.24494       0.624494        9.85000       0.118805E+09    47062.5        0.00000        0.00000        377.206        43.0222       -39.9521               1           1        1580
         204    9.76997        9.30889        9.98744        36.8780        283.516        111.369       0.345150E+09    6.26896       0.626896        9.85000       0.340783E+09   0.436638E+07    0.00000        0.00000       -154.325       -266.280        111.732               1           1        1544
         205    9.79267        9.63538        9.82983        78.1949        291.942        157.764       0.116057E+09    6.20435       0.620435        9.87000       0.115895E+09    161771.        0.00000        0.00000       -141.347       -79.6182        21.6226               1           1        1531
         206    9.70940        9.65910        9.56120        51.5743        166.643        260.966       0.118642E+09    6.24494       0.624494        10.0000       0.117807E+09    834734.        0.00000        0.00000       -188.955       -66.0570       -131.960               1           1        1525
         207    10.5645        9.56379        9.74302       -71.7873        112.053        163.541       0.120929E+09    5.82816       0.582816        10.9700       0.115147E+09   0.554581E+07    236217.        634423.        299.943       -120.548       -28.0087               0           1        1525
         208    9.76366        10.0099        10.2153       -14.8000        186.869        223.322       0.106008E+09    5.92192       0.592192        10.0100       0.105918E+09    89404.7        0.00000        0.00000       -157.933        134.515        241.993               1           1        1515
         209    9.83239        10.4510        9.37849       -6.99602        57.6446        284.419       0.114314E+09    6.13575       0.613575        9.60000       0.113983E+09    331261.        0.00000        0.00000       -118.638        386.697       -236.419               1           1        1482
         210    9.54762        9.93932        9.50944        73.3761        141.324        246.540       0.182839E+09    7.15913       0.715913        10.2000       0.182738E+09    101531.        0.00000        0.00000       -281.448        94.1515       -161.552               1           1        1460
         212    9.61135        10.3449        10.2416       -67.3881        242.904        186.580       0.121646E+09    5.98595       0.598595        10.3600       0.121548E+09    97544.8        0.00000        0.00000       -245.012        326.037        257.047               1           1        1442
         213    9.36529        9.86261        10.2339        89.9075        242.010        210.774       0.132067E+09    6.49536       0.649536        10.5900       0.131940E+09    126285.        0.00000        0.00000       -385.691        50.2945        252.645               1           1        1434
         214    9.90331        10.3284        10.2937       -184.695        109.812        238.587       0.111382E+09    5.87332       0.587332        9.63000       0.111322E+09    59637.2        0.00000        0.00000       -78.0917        316.575        286.811               1           1        1413
         215    9.67717        10.2147        10.1584        49.4211        303.129        148.736       0.147781E+09    6.65830       0.665830        11.4000       0.147570E+09    210366.        0.00000        0.00000       -207.381        251.604        209.468               1           1        1400
         216    10.3739        9.46304        9.59695       -92.3088        207.568        200.284       0.105460E+09    6.02083       0.602083        9.64000       0.105170E+09    290297.        0.00000        0.00000        190.967       -178.149       -111.520               1           1        1335
         217    9.77610        10.2222        9.90958        27.5857        112.257        275.080       0.204697E+09    6.48964       0.648964        10.6700       0.197869E+09   0.682797E+07    0.00000        0.00000       -150.821        255.898        67.2176               1           1        1329
         219    9.72449        9.77682        9.50599        85.2945        170.774        255.913       0.126861E+09    6.10201       0.610201        10.4100       0.125040E+09   0.182067E+07    0.00000        0.00000       -180.327        1.24636       -163.524               1           1        1254
         220    9.60850        9.87901        10.0941        82.4935        285.230        165.378       0.112981E+09    6.04827       0.604827        9.68000       0.111073E+09   0.190846E+07    0.00000        0.00000       -246.642        59.6708        172.718               1           1        1247
         221    9.51159        9.94362        9.50273        84.5558        147.766        231.322       0.119353E+09    6.25695       0.625695        9.67000       0.118638E+09    714447.        0.00000        0.00000       -302.047        96.6099       -165.388               1           1        1242
         223    10.0293        10.1043        9.30891       -64.1626        89.5393        250.171       0.521303E+09    6.52738       0.652738        12.4000       0.514459E+09   0.684368E+07    0.00000        0.00000       -6.07742        188.463       -276.200               1           1        1195
         225    9.83653        10.3515        10.0652       -3.89682        92.9614        318.742       0.533331E+09    6.17405       0.617405        11.8800       0.515207E+09   0.169878E+08   0.113526E+07   0.259367E+07   -116.271        329.827        156.172               0           1        1180
         227    10.4822        9.57304        9.79245       -112.593        132.571        169.962       0.153634E+09    6.32727       0.632727        10.6700       0.149981E+09   0.361105E+07    41394.7        531912.        252.845       -115.259       0.251558               0           1        1122
         228    10.2825        9.40454        9.43935       -100.140        196.898        179.363       0.127966E+09    6.36215       0.636215        10.5500       0.127285E+09    681421.        0.00000        0.00000        138.717       -211.595       -201.624               1           1        1116
         230    9.73227        9.24078        10.0563        24.7914        278.916        123.134       0.112105E+09    6.13860       0.613860        10.3300       0.111156E+09    948897.        0.00000        0.00000       -175.879       -305.220        151.078               1           1        1047
         233    9.69045        9.72871        9.41289        56.1891        165.038        247.510       0.105710E+09    5.93221       0.593221        9.64000       0.105586E+09    123989.        0.00000        0.00000       -199.789       -26.2593       -216.752               1           1         871
         240    10.8480        9.80760        9.78771       -123.519        100.058        170.039       0.561098E+09    7.10939       0.710939        12.1100       0.558356E+09   0.265196E+07    90147.0        289770.        462.021        18.8440       -2.45841               0           1         734
         242    9.59942        10.1992        9.87869        101.932        171.045        266.656       0.112331E+09    6.08429       0.608429        9.20000       0.112237E+09    94725.8        0.00000        0.00000       -251.833        242.731        49.5570               1           1         708
