#          i      x              y              z              v_x            v_y            v_z            Mvir           Rvir     Rs (Rockstar)       v_max           Mdm           Mgas           Mstars    Avg age of stars     xc             yc             zc      flag DM only  flag outside Rvir  Np bound
# (h^-1 comoving Mpc) (h^-1 comoving Mpc) (h^-1 comoving Mpc) (km/s)         (km/s)         (km/s)         (Msun)         (kpc)         (kpc)           (km/s)         (Msun)         (Msun)         (Msun)         (yrs)          (kpc)          (kpc)          (kpc)
           1    10.4943        8.65670        8.95821       -61.7685        102.135        64.4250       0.182943E+11    12.3950        1.23950        73.3100       0.168114E+11   0.125961E+10   0.223329E+09   0.462564E+10    0.00000        0.00000        0.00000               0           0      176235
           2    10.2410        8.60901        8.51299       -30.1459        67.9447        128.750       0.637182E+10    8.89745       0.889745        53.1600       0.608345E+10   0.246930E+09   0.414389E+08   0.143663E+10   -54.2909       -10.2204       -95.4147               0           1       65496
           3    10.2446        8.48658        8.69709       -46.3410        129.531        82.0704       0.150421E+11    11.4505        1.14505        67.7400       0.135088E+11   0.144107E+10   0.922119E+08   0.139268E+10   -53.5044       -36.4583       -55.9604               0           1       54154
           4    9.64594        9.79869        7.83504        17.9874        31.6408        174.271       0.757587E+10    9.34042       0.934042        58.5800       0.705607E+10   0.476269E+09   0.435314E+08   0.689475E+09   -181.809        244.739       -240.706               0           1       41202
           5    10.1654        8.32927        8.42817       -23.1590        110.663        118.165       0.429260E+10    7.69925       0.769925        45.5400       0.400750E+10   0.267283E+09   0.178133E+08   0.639412E+09   -70.4734       -70.1713       -113.592               0           1       39352
           6    9.82559        8.44038        8.28005        62.0046        97.0841        118.688       0.468482E+10    7.96521       0.796521        48.7500       0.434722E+10   0.315782E+09   0.218226E+08   0.575160E+09   -143.309       -46.3594       -145.336               0           1       39021
           7    10.2256        8.46754        8.65574        29.7524        147.997        45.7842       0.632111E+10    7.90199       0.790199        47.4400       0.545304E+10   0.834859E+09   0.332178E+08   0.355330E+09   -57.5892       -40.5387       -64.8221               0           1       38563
           8    10.1708        8.07161        8.18663        20.9945        109.249        122.707       0.428575E+10    7.80062       0.780062        46.4900       0.407277E+10   0.195754E+09   0.172217E+08   0.618270E+09   -69.3204       -125.390       -165.357               0           1       35412
           9    10.2369        8.51948        8.72806        48.6474        75.9228        52.4798       0.565298E+10    7.17912       0.717912        42.4600       0.509590E+10   0.541091E+09   0.159893E+08   0.500255E+09   -55.1525       -29.4075       -49.3233               0           1       31620
          11    10.1639        8.22499        8.43614        11.8881        152.967        97.4164       0.345884E+10    7.10733       0.710733        42.0400       0.315041E+10   0.283926E+09   0.245031E+08   0.279459E+09   -70.7992       -92.5194       -111.884               0           1       30385
          12    10.8994        8.36729        8.96030       -62.3701        128.079        73.8926       0.285501E+10    6.74836       0.674836        41.2100       0.265389E+10   0.186719E+09   0.144026E+08   0.484854E+09    86.8231       -62.0232       0.447906               0           1       28591
          13    10.2027        7.96013        8.29032        16.3574        122.397        86.8550       0.213608E+10    6.14873       0.614873        37.1900       0.203582E+10   0.864119E+08   0.138423E+08   0.590308E+09   -62.4990       -149.281       -143.135               0           1       27772
          14    11.1262        8.25235        8.95050       -46.4350        112.446        59.6715       0.257673E+10    6.48798       0.648798        38.9500       0.240538E+10   0.158673E+09   0.126722E+08   0.302372E+09    135.422       -86.6559       -1.65232               0           1       24773
          15    10.0731        8.37146        8.55913        43.5427        120.154        72.4499       0.315107E+10    6.80751       0.680751        40.9300       0.289134E+10   0.248684E+09   0.110413E+08   0.223060E+09   -90.2585       -61.1296       -85.5265               0           1       22839
          16    10.3628        8.75982        9.03118        7.03805        119.552        15.7626       0.223192E+10    6.22759       0.622759        36.9800       0.212503E+10   0.962305E+08   0.106565E+08   0.224756E+09   -28.1817        22.0996        15.6381               0           1       22636
          17    10.4520        8.55601        8.05118       -1.47615        76.2145        128.642       0.175760E+10    5.69289       0.569289        33.6700       0.163401E+10   0.116863E+09   0.673187E+07   0.281240E+09   -9.05671       -21.5788       -194.385               0           1       20725
          18    10.4639        8.70205        8.99733        3.41973        40.8572        58.6258       0.242171E+10    5.46658       0.546658        32.8400       0.224568E+10   0.169733E+09   0.630065E+07   0.297703E+09   -6.52143        9.71892        8.38378               0           1       18551
          20    10.8545        8.44392        8.96214       -59.6891        112.588        34.5458       0.157203E+10    5.46765       0.546765        33.3600       0.142715E+10   0.139904E+09   0.497351E+07   0.231553E+09    77.1942       -45.6007       0.842235               0           1       17364
          21    9.97195        8.58228        8.40721        32.7614        73.2694        132.466       0.174287E+10    5.71239       0.571239        33.8800       0.163185E+10   0.103166E+09   0.785305E+07   0.156148E+09   -111.942       -15.9489       -118.084               0           1       17048
          22    10.2488        7.76177        8.27784        11.2524        126.738        78.5640       0.250093E+10    6.46697       0.646698        39.9500       0.234818E+10   0.143327E+09   0.942611E+07   0.256847E+09   -52.6065       -191.792       -145.810               0           1       15667
          23    10.2720        7.97556        8.49316       -14.0491        140.893        37.7772       0.111428E+10    4.96167       0.496167        30.6600       0.107090E+10   0.371363E+08   0.623653E+07   0.140126E+09   -47.6452       -145.975       -99.6645               0           1       15301
          24    10.5499        8.47509        8.25195       -68.1873        66.1835        111.297       0.144337E+10    5.26899       0.526899        31.1700       0.130927E+10   0.131134E+09   0.296535E+07   0.149988E+09    11.9263       -38.9207       -151.358               0           1       14924
          25    10.2714        8.56917        8.59333       -56.5744        60.4203        93.7642       0.116284E+10    4.82301       0.482301        28.7100       0.102011E+10   0.138142E+09   0.459676E+07   0.311655E+09   -47.7567       -18.7585       -78.1971               0           1       14814
          26    10.3887        8.70040        8.94623        42.4591        114.213        30.7314       0.198727E+10    5.32257       0.532257        31.4800       0.175382E+10   0.227621E+09   0.582970E+07   0.946636E+08   -22.6332        9.36531       -2.56742               0           1       13668
          27    9.96252        8.59144        8.74282        36.5380        92.4827        78.7754       0.130645E+10    5.23792       0.523792        31.5300       0.123992E+10   0.638724E+08   0.265733E+07   0.145005E+09   -113.963       -13.9858       -46.1601               0           1       13378
          28    10.1761        9.48014        7.85644       -35.1396        57.9953        133.472       0.108029E+10    4.77501       0.477501        28.2400       0.976544E+09   0.100349E+09   0.339730E+07   0.999515E+08   -68.1825        176.471       -236.119               0           1       13026
          29    10.1857        8.31984        8.59028       0.215960        180.737        47.6112       0.170441E+10    5.59002       0.559002        33.0700       0.154347E+10   0.158720E+09   0.221941E+07   0.832246E+08   -66.1358       -72.1922       -78.8508               0           1       12867
          30    10.3004        8.54057        8.72815       -74.5154        94.5623        62.9008       0.133235E+10    4.99103       0.499103        29.5200       0.118747E+10   0.137342E+09   0.753841E+07   0.111886E+09   -41.5503       -24.8877       -49.3040               0           1       12423
          31    10.1510        8.33983        8.52842        13.9986        110.802        77.1987       0.165039E+10    5.23449       0.523449        30.9600       0.141444E+10   0.232813E+09   0.313896E+07   0.867227E+08   -73.5702       -67.9081       -92.1079               0           1       11798
          32    10.2506        8.53413        8.75218       -7.64367        154.777       -26.4618       0.147591E+10    4.03222       0.403222        24.8500       0.124966E+10   0.223802E+09   0.244987E+07   0.618610E+08   -52.2250       -26.2679       -44.1541               0           1        9686
          33    9.31656        8.24184        9.03361        37.3411        149.812        82.7078       0.257073E+10    6.47640       0.647641        38.5700       0.237661E+10   0.184435E+09   0.969283E+07   0.639174E+08   -252.398       -88.9083        16.1589               0           1        9578
          34    10.1246        8.99605        8.57401       -30.2612        53.5937        130.126       0.951220E+09    4.60528       0.460528        27.4500       0.852166E+09   0.977362E+08   0.131772E+07   0.414562E+08   -79.2258        72.7258       -82.3376               0           1        8751
          35    10.1217        8.34225        8.52050        60.5864        142.061        94.4474       0.504731E+09    3.58217       0.358217        22.9200       0.457842E+09   0.452049E+08   0.168440E+07   0.101773E+09   -79.8430       -67.3895       -93.8053               0           1        8318
          36    10.1569        8.36654        8.42256        1.33823        63.5018        150.416       0.774040E+09    3.91306       0.391306        23.2700       0.714324E+09   0.569707E+08   0.274599E+07   0.125969E+09   -72.3036       -62.1840       -114.795               0           1        7945
          37    10.9286        9.56293        8.45839       -66.4991        53.6575        103.229       0.780738E+09    4.39975       0.439975        26.0900       0.742923E+09   0.359744E+08   0.184107E+07   0.522673E+08    93.0680        194.213       -107.116               0           1        7904
          38    10.1476        8.39268        8.39911        28.1360        71.5095        154.705       0.730191E+09    4.23667       0.423667        25.5100       0.690712E+09   0.379838E+08   0.149492E+07   0.749758E+08   -74.2967       -56.5819       -119.820               0           1        7797
          39    9.52012        8.28700        8.99274        21.5675        145.522        70.3635       0.730217E+09    4.36697       0.436697        27.5600       0.725963E+09   0.168740E+07   0.256680E+07   0.156921E+09   -208.774       -79.2301        7.40010               0           1        7700
          40    9.36104        8.53727        9.03444        43.5313        112.591        99.4052       0.704792E+09    4.27331       0.427331        26.3700       0.675331E+09   0.271497E+08   0.231065E+07   0.897329E+08   -242.866       -25.5949        16.3368               0           1        7609
          41    10.1899        8.62311        8.51739        30.2276        61.3001        126.553       0.665616E+09    3.94135       0.394135        23.4800       0.613809E+09   0.503897E+08   0.141764E+07   0.644255E+08   -65.2400       -7.19865       -94.4718               0           1        7145
          42    10.8051        8.43558        8.98583       -42.6659        122.840        71.9380       0.675499E+09    4.06608       0.406608        24.5100       0.605994E+09   0.670340E+08   0.247081E+07   0.352595E+08    66.6094       -47.3880        5.91922               0           1        7110
          43    10.1655        8.94185        8.51400       -29.5852        59.3720        152.313       0.651251E+09    4.05986       0.405986        24.7500       0.589949E+09   0.593723E+08   0.193005E+07   0.496253E+08   -70.4670        61.1103       -95.1983               0           1        7035
          44    9.15638        9.18343        8.05801        60.3257        71.6393        141.122       0.701916E+09    4.24374       0.424374        25.2800       0.660948E+09   0.396446E+08   0.132248E+07   0.658634E+08   -286.726        112.883       -192.921               0           1        6891
          45    10.2735        7.89892        8.47874       -17.2793        138.365        38.8511       0.660297E+09    4.06715       0.406715        24.0600       0.602502E+09   0.564261E+08   0.136895E+07   0.294858E+08   -47.3280       -162.399       -102.755               0           1        6873
          46    10.4987        8.71280        8.98153       -72.2468        117.581        41.7226       0.533262E+09    3.28985       0.328985        19.9400       0.493675E+09   0.356791E+08   0.390850E+07   0.189468E+09   0.942960        12.0227        4.99769               0           1        6840
          47    10.2495        7.88131        8.27760        33.0068        132.987        73.2614       0.461501E+09    3.64946       0.364946        22.1400       0.437224E+09   0.230516E+08   0.122614E+07   0.772046E+08   -52.4500       -166.173       -145.861               0           1        6780
          48    10.6403        8.62166        8.98798       -68.1130        127.149        20.3587       0.602827E+09    3.97285       0.397285        24.8900       0.565755E+09   0.356570E+08   0.141452E+07   0.283174E+08    31.2913       -7.50939        6.37998               0           1        6775
          49    10.4646        8.58336        8.02068       -19.7165        31.7198        149.258       0.988162E+09    4.53027       0.453027        26.8000       0.881765E+09   0.105066E+09   0.133039E+07   0.287921E+08   -6.36498       -15.7174       -200.921               0           1        6398
          50    10.1545        8.57889        8.57056        29.6904        78.4844        104.047       0.770831E+09    4.29817       0.429817        26.4800       0.682149E+09   0.875276E+08   0.115465E+07   0.151970E+08   -72.8180       -16.6754       -83.0770               0           1        6379
          51    9.75709        7.93508        8.89294        15.0884        149.561        36.7855       0.646284E+09    4.10744       0.410744        24.7500       0.594521E+09   0.512440E+08    518714.       0.258920E+08   -157.989       -154.650       -13.9880               0           1        6243
          52    9.72295        8.55604        9.08336        27.6123        130.429        61.5327       0.683939E+09    4.20002       0.420002        25.5800       0.642242E+09   0.405079E+08   0.118891E+07   0.487018E+08   -165.305       -21.5724        26.8208               0           1        6086
          53    10.3823        9.27163        7.77977       -34.4895        68.5253        121.094       0.484041E+09    3.77590       0.377590        22.7100       0.471061E+09   0.117923E+08   0.118807E+07   0.642968E+08   -24.0091        131.785       -252.551               0           1        5988
          54    10.8747        8.73353        8.60751       -67.1980        46.8145        115.124       0.448656E+09    3.62846       0.362846        21.5100       0.413280E+09   0.347972E+08    578590.       0.537188E+08    81.5189        16.4654       -75.1582               0           1        5505
          56    10.2090        8.43223        8.66240        18.7110        168.794        85.8614       0.615381E+09    3.55581       0.355581        21.8400       0.506977E+09   0.107101E+09   0.130324E+07   0.176274E+08   -61.1296       -48.1060       -63.3948               0           1        5392
          57    9.05916        8.06311        8.85939        49.7247        112.928        86.8720       0.633125E+09    4.16916       0.416916        25.3300       0.616553E+09   0.160441E+08    528221.       0.280479E+08   -307.562       -127.212       -21.1780               0           1        5216
          58    9.91002        8.80751        9.08190        11.9160        132.403        71.6257       0.528228E+09    3.87920       0.387920        25.5000       0.497499E+09   0.300774E+08    651461.       0.230430E+08   -125.214        32.3200        26.5079               0           1        5201
          59    9.95484        8.50798        8.58565        53.6890        102.328        101.502       0.440514E+09    3.63124       0.363124        21.5600       0.416273E+09   0.236725E+08    569187.       0.158108E+08   -115.609       -31.8721       -79.8430               0           1        5157
          60    9.94833        8.56328        8.70652        52.0315        108.374        100.907       0.635317E+09    3.98828       0.398828        24.4100       0.563510E+09   0.711396E+08    666601.       0.975074E+07   -117.004       -20.0208       -53.9395               0           1        5146
          61    10.2531        7.92152        7.96394        6.40584        105.852        128.462       0.393456E+09    3.40408       0.340408        20.1400       0.366473E+09   0.260413E+08    941497.       0.193596E+08   -51.6785       -157.556       -213.081               0           1        5086
          62    9.77814        8.31523        7.98966        43.5044        71.2443        135.385       0.634878E+09    4.14044       0.414044        28.3400       0.604997E+09   0.286560E+08   0.122498E+07   0.228668E+08   -153.478       -73.1802       -207.569               0           1        4960
          63    9.32570        8.42392        8.97359        46.3022        103.765        97.8809       0.640018E+09    4.06136       0.406136        24.4500       0.569247E+09   0.701744E+08    596559.       0.104606E+08   -250.440       -49.8869        3.29608               0           1        4946
          64    9.73568        9.03912        8.56694        32.8155        100.673        139.298       0.584311E+09    3.97392       0.397392        25.0700       0.563511E+09   0.189718E+08   0.182771E+07   0.270440E+08   -162.577        81.9561       -83.8528               0           1        4789
          65    10.1362        9.51929        7.84609       -13.0470        25.1860        145.696       0.312043E+09    3.18334       0.318334        19.1700       0.297884E+09   0.135270E+08    631762.       0.181143E+08   -76.7527        184.861       -238.338               0           1        4734
          66    10.2484        8.51914        8.76077       -19.7331        85.4993        26.8782       0.588148E+09    3.08004       0.308004        20.6200       0.516205E+09   0.709805E+08    962050.       0.142828E+08   -52.7029       -29.4804       -42.3132               0           1        4692
          67    10.4751        8.57263        8.00514       -30.2483        66.4626        158.182       0.395266E+09    3.17820       0.317820        19.5200       0.359406E+09   0.352310E+08    628220.       0.166583E+08   -4.11688       -18.0170       -204.252               0           1        4566
          68    9.86229        8.27255        8.00196        45.4164        86.4717        128.309       0.545166E+09    3.87899       0.387899        23.2500       0.500991E+09   0.436476E+08    528219.       0.167857E+08   -135.443       -82.3269       -204.933               0           1        4518
          69    10.2187        8.15402        8.21775       -13.9266        82.0780        132.471       0.521644E+09    3.64560       0.364560        21.5600       0.464244E+09   0.569361E+08    464189.       0.200434E+08   -59.0636       -107.729       -158.687               0           1        4419
          70    10.1046        8.62077        8.77369        26.3209        93.6702        67.6860       0.372175E+09    3.41844       0.341844        20.6000       0.354667E+09   0.167566E+08    751266.       0.166599E+08   -83.5184       -7.70013       -39.5443               0           1        4408
          71    9.29614        8.65425        8.03220        43.2379        89.6813        104.017       0.448681E+09    3.63060       0.363060        21.5400       0.421428E+09   0.266380E+08    614987.       0.304634E+08   -256.775      -0.525057       -198.452               0           1        4340
          72    10.3388        8.59579        8.81241       -10.8990        88.2064        58.5025       0.248051E+09    2.98060       0.298060        18.3300       0.234533E+09   0.131896E+08    328342.       0.181991E+08   -33.3208       -13.0536       -31.2463               0           1        4307
          73    10.2519        7.75832        8.29615       -23.9514        154.288        93.7865       0.756309E+09    3.11176       0.311176        19.3800       0.705262E+09   0.470891E+08   0.395774E+07   0.757978E+08   -51.9400       -192.531       -141.886               0           1        4287
          74    10.2549        7.65663        8.43165       -10.2198        103.593        9.95583       0.414098E+09    3.42101       0.342101        21.0700       0.370796E+09   0.427610E+08    540371.       0.149447E+08   -51.3078       -214.324       -112.847               0           1        4260
          75    9.27085        9.16622        8.16942        53.1288        85.1925        126.239       0.314590E+09    3.27914       0.327914        19.4500       0.306531E+09   0.731658E+07    742503.       0.265646E+08   -262.194        109.195       -169.045               0           1        4234
          76    10.1826        8.60731        8.91013        17.3490        125.900        22.2158       0.332836E+09    3.32671       0.332671        19.6800       0.327315E+09   0.526759E+07    252992.       0.151539E+08   -66.7959       -10.5847       -10.3040               0           1        4172
          77    9.86871        8.60484        8.77568        58.6129        111.599        81.8276       0.325967E+09    3.29692       0.329692        19.5000       0.310022E+09   0.154027E+08    541941.       0.153198E+08   -134.068       -11.1141       -39.1179               0           1        4140
          78    10.2510        7.75613        8.28456       -15.1652        76.4490        64.2637       0.111945E+10    2.93539       0.293538        18.7100       0.105345E+10   0.577312E+08   0.827112E+07   0.220759E+09   -52.1307       -193.000       -144.369               0           1        4131
          79    9.92702        8.55091        8.80933        32.4174        134.352        48.6896       0.390182E+09    3.49795       0.349794        21.3300       0.367554E+09   0.222598E+08    368158.       0.471194E+07   -121.571       -22.6718       -31.9064               0           1        4073
          80    10.6411        8.29638        8.02989       -27.5079        85.2709        103.890       0.301404E+09    3.20520       0.320520        19.5100       0.288739E+09   0.122335E+08    431261.       0.352394E+08    31.4692       -77.2199       -198.947               0           1        3933
          81    10.4834        8.67640        8.97369       -67.9803        202.413        84.2721       0.810703E+09    2.81880       0.281880        19.0300       0.735776E+09   0.720342E+08   0.289283E+07   0.637387E+08   -2.34026        4.22189        3.31751               0           0        3890
          82    10.3730        8.96129        9.16376       -57.5573        80.9013        103.830       0.390841E+09    3.40086       0.340086        20.1500       0.359573E+09   0.309043E+08    364470.       0.305131E+07   -25.9957        65.2764        44.0513               0           1        3821
          83    9.90978        8.25008        7.99945        24.3026        102.257        132.710       0.310619E+09    3.22727       0.322727        20.3400       0.289404E+09   0.208740E+08    340885.       0.446468E+07   -125.266       -87.1424       -205.471               0           1        3818
          84    10.2228        8.65747        8.46393       -24.5537        41.7838        167.355       0.353568E+09    3.28192       0.328192        19.7300       0.332802E+09   0.203850E+08    381347.       0.112731E+08   -58.1871       0.165018       -105.929               0           1        3817
          85    10.3872        8.95136        9.13289       -80.9118        103.741        79.4879       0.165612E+09    2.58735       0.258735        16.9200       0.153639E+09   0.112677E+08    705175.       0.170352E+08   -22.9504        63.1483        37.4355               0           1        3809
          86    11.5196        8.37064        8.66873       -61.9904        80.4127        84.7875       0.393173E+09    3.42101       0.342101        22.5600       0.372376E+09   0.193551E+08   0.144200E+07   0.437309E+08    219.723       -61.3053       -62.0382               0           1        3802
          87    9.77194        8.39707        8.83928        37.3564        138.951        69.1767       0.303383E+09    3.23070       0.323070        19.4500       0.293062E+09   0.992728E+07    393252.       0.147431E+08   -154.806       -55.6411       -25.4878               0           1        3775
          88    10.2839        8.61530        8.34277       -24.8498        67.7941        152.536       0.311368E+09    3.17091       0.317091        18.7600       0.284333E+09   0.267961E+08    239220.       0.544373E+07   -45.0971       -8.87240       -131.894               0           1        3759
          89    10.1744        9.53326        7.78560       -12.1192        41.7978        141.564       0.263857E+09    2.98810       0.298810        18.6000       0.244343E+09   0.191866E+08    327144.       0.110040E+08   -68.5554        187.855       -251.301               0           1        3751
          90    9.88425        8.46917        8.23355        26.2230        55.5513        155.446       0.546360E+09    3.89056       0.389056        23.8000       0.498081E+09   0.477562E+08    523448.       0.112173E+08   -130.737       -40.1894       -155.301               0           1        3732
          91    10.5727        8.45536        8.18956       -61.8704        63.4590        113.648       0.331882E+09    3.05454       0.305454        18.0800       0.290152E+09   0.409622E+08    767052.       0.122842E+08    16.8061       -43.1490       -164.729               0           1        3729
          93    10.6076        8.40745        8.09813       -49.2515        91.4108        119.725       0.276426E+09    2.96860       0.296860        17.5600       0.259724E+09   0.160290E+08    673301.       0.158045E+08    24.2919       -53.4166       -184.323               0           1        3694
          94    9.24300        8.00972        8.26761        50.6454        103.154        82.7711       0.412904E+09    3.54359       0.354359        20.9700       0.390583E+09   0.219610E+08    359785.       0.261149E+08   -268.163       -138.654       -148.002               0           1        3636
          95    10.3930        8.68383        8.95571        1.88604        113.004        68.3705       0.139055E+10    3.95656       0.395656        23.7200       0.117550E+10   0.210465E+09   0.458147E+07   0.436001E+08   -21.7052        5.81421      -0.535773               0           1        3620
          96    10.8400        8.74942        8.61058       -52.6837        45.7628        101.397       0.265980E+09    3.01704       0.301704        19.0900       0.245092E+09   0.203462E+08    542704.       0.242302E+08    74.0845        19.8707       -74.5003               0           1        3541
          97    10.0687        9.60637        7.92705       -29.1681        14.6634        132.472       0.294573E+09    3.16105       0.316105        18.9200       0.284083E+09   0.101594E+08    330604.       0.139532E+08   -91.2100        203.523       -220.987               0           1        3481
          98    9.81374        8.41016        8.23672        60.6755        125.071        145.784       0.381075E+09    3.07104       0.307104        18.1900       0.332885E+09   0.472263E+08    963380.       0.100176E+08   -145.848       -52.8358       -154.622               0           1        3477
          99    10.2276        9.46946        7.40241        23.4039        58.7461        125.204       0.719664E+09    4.25038       0.425038        26.9500       0.688800E+09   0.297679E+08   0.109597E+07   0.945723E+07   -57.1455        174.182       -333.422               0           1        3345
         100    10.4343        8.62560        8.06737       -30.0102        35.9758        129.676       0.265793E+09    3.03847       0.303847        18.5400       0.247502E+09   0.179786E+08    311888.       0.721197E+07   -12.8671       -6.66502       -190.915               0           1        3305
         101    11.3244        8.52686        8.97704       -64.1601        68.0444        46.8636       0.424608E+09    3.54681       0.354681        20.9900       0.407211E+09   0.166828E+08    713784.       0.257187E+08    177.900       -27.8259        4.03544               0           1        3295
         102    10.5232        8.58626        8.94506       -110.617        107.115        110.065       0.157098E+09    2.52434       0.252434        14.9400       0.153972E+09   0.300783E+07    117745.       0.444353E+07    6.18711       -15.0959       -2.81817               0           1        3293
         103    11.3315        8.49759        9.32877       -55.2530        69.7815        65.7784       0.286424E+09    3.17841       0.317841        20.0200       0.284832E+09    535512.       0.105688E+07   0.749953E+08    179.426       -34.0987        79.4144               0           1        3256
         105    9.87239        8.45535        8.29882        14.0846        94.2822        113.594       0.221855E+09    2.84280       0.284280        17.2400       0.210922E+09   0.105938E+08    339308.       0.173005E+08   -133.279       -43.1512       -141.313               0           1        3243
         106    10.9981        8.72778        8.62127       -62.1700        47.5997        99.0265       0.192306E+09    2.74615       0.274615        16.8300       0.186645E+09   0.540860E+07    251616.       0.129026E+08    107.967        15.2331       -72.2093               0           1        3235
         107    10.1565        9.58536        7.73656       -19.8392        12.7690        139.593       0.238260E+09    2.95339       0.295339        18.2400       0.226053E+09   0.119782E+08    229435.       0.951048E+07   -72.3872        199.020       -261.811               0           1        3183
         108    10.0717        8.38179        8.57483        93.1700        99.7457        40.6079       0.377705E+09    2.64028       0.264028        16.5000       0.344940E+09   0.317165E+08   0.104872E+07   0.190701E+08   -90.5628       -58.9157       -82.1619               0           1        3121
         109    9.67311        7.96447        8.90539        32.8420        162.716        55.1108       0.220165E+09    2.89981       0.289981        17.1500       0.217240E+09   0.275509E+07    170235.       0.723514E+07   -175.986       -148.351       -11.3198               0           1        3113
         110    10.4716        8.30388        8.22367       -31.4555        105.803        101.585       0.186813E+09    2.70415       0.270415        16.0700       0.176752E+09   0.979576E+07    264924.       0.773319E+07   -4.86053       -75.6126       -157.419               0           1        3102
         111    9.21586        9.05607        7.98346        33.5899        77.8283        150.235       0.198874E+09    2.82459       0.282459        16.8300       0.195791E+09   0.271055E+07    373451.       0.188485E+08   -273.979        85.5887       -208.898               0           1        3088
         112    9.83679        8.48182        8.36056        71.0688        99.5031        81.0380       0.192839E+09    2.69729       0.269729        16.0800       0.179246E+09   0.132038E+08    389107.       0.606912E+07   -140.908       -37.4784       -128.082               0           1        3081
         113    10.1413        8.10577        8.19436        51.4884        77.1720        132.483       0.249806E+09    2.78473       0.278473        17.0400       0.236362E+09   0.130091E+08    434955.       0.260630E+08   -75.6404       -118.069       -163.700               0           1        3056
         114    10.4814        8.28247        8.17937       -36.9074        107.061        103.538       0.209597E+09    2.83316       0.283316        16.9000       0.198202E+09   0.111143E+08    281609.       0.792748E+07   -2.76030       -80.2009       -166.913               0           1        3034
         115    9.34504        8.28602        8.71206        54.3294        107.377        110.627       0.188367E+09    2.76930       0.276930        17.0500       0.182655E+09   0.535494E+07    357482.       0.198737E+08   -246.295       -79.4401       -52.7522               0           1        3034
         116    10.3926        9.13097        8.32364       -57.8500        36.9997        126.897       0.352465E+09    3.39572       0.339572        20.5700       0.335878E+09   0.164077E+08    179569.       0.844649E+07   -21.7888        101.640       -135.994               0           1        2997
         117    11.0727        8.71110        8.63452       -63.1103        44.5922        93.2297       0.178614E+09    2.71272       0.271272        16.3200       0.174175E+09   0.402921E+07    410061.       0.169289E+08    123.954        11.6584       -69.3697               0           1        2994
         118    9.28479        8.22403        9.06358        80.5026        159.063        76.7693       0.294534E+09    3.01318       0.301318        17.8300       0.271529E+09   0.227309E+08    273416.       0.503801E+07   -259.207       -92.7252        22.5818               0           1        2959
         119    10.4382        8.75029        8.12950       -55.5139        43.1993        125.213       0.315414E+09    3.29649       0.329649        19.8600       0.308609E+09   0.647466E+07    330226.       0.143751E+08   -12.0120        20.0572       -177.600               0           1        2957
         120    9.62995        9.86959        7.92062        36.9315        18.2214        158.121       0.190360E+09    2.66578       0.266578        16.4100       0.181408E+09   0.877974E+07    172815.       0.431660E+07   -185.236        259.933       -222.365               0           1        2942
         121    10.2201        8.47159        8.68159        29.3813        156.671        64.0985       0.117686E+10    3.14991       0.314991        19.9200       0.102360E+10   0.147006E+09   0.624967E+07   0.597379E+08   -58.7657       -39.6708       -59.2822               0           1        2904
         122    10.1738        9.44520        7.94538       -46.9912        69.3085        124.144       0.371598E+09    3.42594       0.342594        20.5200       0.355748E+09   0.151578E+08    691244.       0.203781E+08   -68.6839        168.983       -217.059               0           1        2894
         123    10.0236        9.68037        8.02547       -32.4729        19.5386        131.757       0.648019E+09    4.08322       0.408322        25.2300       0.603999E+09   0.434189E+08    600815.       0.102838E+08   -100.871        219.382       -199.895               0           1        2891
         124    10.1678        8.48508        8.45914       0.298780        70.8339        133.195       0.222658E+09    2.83016       0.283016        17.6200       0.202608E+09   0.197615E+08    288954.       0.873565E+07   -69.9784       -36.7797       -106.955               0           1        2872
         125    10.1724        8.32697        8.53003        7.48699        117.105        76.3365       0.186685E+09    2.46626       0.246626        14.7500       0.179246E+09   0.716696E+07    271653.       0.164710E+08   -68.9754       -70.6642       -91.7629               0           1        2824
         126    10.1171        9.48201        7.96663       -19.1466        49.6623        151.503       0.394727E+09    3.49945       0.349944        20.7000       0.383350E+09   0.905255E+07   0.232429E+07   0.176607E+08   -80.8374        176.872       -212.505               0           1        2818
         127    10.1763        8.29480        8.38347       -12.2097        96.6701        167.044       0.203236E+09    2.58328       0.258328        15.3900       0.176419E+09   0.266193E+08    197385.       0.160438E+08   -68.1546       -77.5585       -123.172               0           1        2817
         128    10.2791        8.43277        8.60057       -64.8479        138.659        123.708       0.157232E+09    2.53827       0.253827        15.7400       0.149815E+09   0.710899E+07    307657.       0.104039E+08   -46.1279       -47.9903       -76.6455               0           1        2816
         129    10.1587        9.19090        8.14766       -24.8421        70.6662        144.033       0.157261E+09    2.59656       0.259656        15.9700       0.154388E+09   0.265324E+07    220538.       0.106877E+08   -71.9157        114.484       -173.708               0           1        2809
         130    10.2710        7.84184        8.45662       -48.3329        134.968        57.0946       0.183355E+09    2.58885       0.258885        15.3200       0.166110E+09   0.167101E+08    534682.       0.148515E+08   -47.8510       -174.632       -107.495               0           1        2808
         131    9.35894        8.33164        8.90255        33.2620        123.082        112.189       0.152660E+09    2.55241       0.255242        15.8600       0.148568E+09   0.395322E+07    138292.       0.555892E+07   -243.316       -69.6633       -11.9284               0           1        2772
         132    10.2402        8.54101        8.73123        11.7489        157.769       -8.36044       0.264135E+09    2.38311       0.238311        15.4800       0.241350E+09   0.226133E+08    171414.       0.609294E+07   -54.4624       -24.7934       -48.6439               0           1        2770
         133    10.2610        8.53417        8.73816       -21.7407        58.7190        43.4249       0.239060E+09    2.23245       0.223245        13.3900       0.201111E+09   0.377219E+08    227006.       0.824115E+07   -49.9855       -26.2593       -47.1587               0           1        2766
         134    9.85258        8.52924        8.31063        41.8609        52.7660        132.890       0.252233E+09    2.87709       0.287709        17.0400       0.233618E+09   0.184090E+08    205351.       0.367957E+07   -137.524       -27.3158       -138.782               0           1        2764
         135    10.6844        8.36632        8.56199       -61.4967        101.549        89.0605       0.208012E+09    2.88181       0.288181        17.5900       0.204104E+09   0.330441E+07    603769.       0.120578E+08    40.7509       -62.2311       -84.9136               0           1        2747
         136    10.6878        8.58818        8.99936       -55.7644        138.922        15.9219       0.155703E+09    2.57813       0.257813        15.3100       0.154221E+09   0.112579E+07    356103.       0.396028E+07    41.4667       -14.6845        8.81882               0           1        2736
         137    10.2682        9.47821        7.57735       -25.1805        53.7460        115.632       0.154948E+09    2.49005       0.249005        14.9900       0.144245E+09   0.101718E+08    531456.       0.872227E+07   -48.4510        176.057       -295.931               0           1        2729
         138    10.2603        8.01488        8.49523       -18.3994        132.103        28.2935       0.107168E+09    2.16173       0.216173        12.7900       0.995996E+08   0.734097E+07    227611.       0.313598E+07   -50.1419       -137.548       -99.2209               0           1        2727
         139    9.81799        8.75092        9.21544        14.6115        142.947        61.6635       0.248878E+09    3.02839       0.302839        17.9200       0.242182E+09   0.644706E+07    249123.       0.950281E+07   -144.937        20.1922        55.1268               0           1        2725
         140    9.23759        8.05370        8.23563        48.1435        90.5901        99.2027       0.263615E+09    3.06568       0.306568        18.4100       0.260389E+09   0.267208E+07    553823.       0.168488E+08   -269.322       -129.228       -154.856               0           1        2688
         141    10.2001        8.94491        8.35214       -19.7223        47.8842        144.563       0.198999E+09    2.77144       0.277144        16.4600       0.185398E+09   0.134255E+08    175363.       0.119035E+08   -63.0390        61.7660       -129.886               0           1        2677
         142    9.79685        7.94722        8.85558        4.32454        147.083        47.6275       0.191032E+09    2.77465       0.277465        16.8300       0.187892E+09   0.291574E+07    224130.       0.690397E+07   -149.468       -152.048       -21.9946               0           1        2631
         143    10.3831        8.97145        9.14598       -77.8262        84.8013        72.6995       0.256853E+09    2.68186       0.268186        15.9400       0.220898E+09   0.351472E+08    807868.       0.122253E+08   -23.8205        67.4538        40.2408               0           1        2620
         144    9.36706        8.28010        8.85298        42.8105        129.468        97.1384       0.200849E+09    2.79716       0.279716        16.5600       0.193463E+09   0.697676E+07    409646.       0.867875E+07   -241.576       -80.7088       -22.5518               0           1        2608
         145    9.97704        8.38561        8.63061        65.6333        142.883        75.2603       0.227514E+09    2.85159       0.285159        16.8800       0.213416E+09   0.139111E+08    187080.       0.536373E+07   -110.851       -58.0971       -70.2077               0           1        2608
         146    10.6013        8.41718        8.13273       -64.4813        52.6511        124.902       0.124015E+09    2.20266       0.220266        13.2400       0.113317E+09   0.105036E+08    193690.       0.750325E+07    22.9354       -51.3313       -176.908               0           1        2597
         148    10.3084        8.55802        8.45231       -51.6718        81.8481        138.135       0.188018E+09    2.66536       0.266536        16.2900       0.169851E+09   0.179791E+08    187187.       0.165674E+08   -39.8401       -21.1480       -108.419               0           1        2581
         149    10.0294        8.42805        8.33893        19.8965        75.5965        149.959       0.211028E+09    2.82459       0.282459        16.7100       0.200197E+09   0.107242E+08    107147.       0.204503E+07   -99.6259       -49.0018       -132.717               0           1        2544
         150    10.3802        8.58723        8.81450       -34.5592        102.721        74.9604       0.221245E+09    2.71057       0.271057        16.2500       0.189805E+09   0.313364E+08    104250.       0.112682E+07   -24.4505       -14.8881       -30.7984               0           1        2501
         151    10.5830        8.44408        8.15381       -52.3024        72.9623        120.091       0.130133E+09    2.33875       0.233875        13.8500       0.120301E+09   0.956821E+07    263821.       0.569896E+07    19.0049       -45.5664       -172.390               0           1        2491
         152    10.5426        8.49174        8.32095       -59.2690        76.3477        82.0031       0.157942E+09    2.39726       0.239726        14.1900       0.123128E+09   0.346770E+08    137590.       0.273903E+07    10.3490       -35.3524       -136.571               0           1        2483
         153    10.8704        8.28291        8.89546       -14.0980        152.653        52.2797       0.200804E+09    2.80937       0.280937        17.2000       0.192049E+09   0.859270E+07    162088.       0.952332E+07    80.5974       -80.1066       -13.4479               0           1        2453
         154    9.65302        9.81224        7.82621        13.9675        29.8711        159.177       0.183704E+10    2.85266       0.285266        20.5500       0.168871E+10   0.126682E+09   0.216474E+08   0.205913E+09   -180.292        247.643       -242.598               0           1        2404
         155    11.0110        8.15441        8.81906       -33.6322        129.898        54.7169       0.358055E+09    3.40558       0.340558        20.8300       0.336627E+09   0.212985E+08    130241.       0.103770E+08    110.738       -107.645       -29.8211               0           1        2390
         156    10.5576        8.46860        8.22754       -26.9008        77.5084        122.198       0.329378E+09    2.84837       0.284838        17.3000       0.305200E+09   0.241137E+08    64122.3       0.231248E+07    13.5765       -40.3116       -156.589               0           1        2372
         157    9.34117        8.35770        8.93583        56.0950        120.704        97.5160       0.323667E+09    3.22170       0.322170        19.1700       0.292064E+09   0.313728E+08    229976.       0.121733E+07   -247.124       -64.0784       -4.79624               0           1        2371
         158    10.6154        8.44140        9.10109       -25.8277        161.054        20.7233       0.180586E+09    2.73479       0.273479        16.2000       0.175921E+09   0.452061E+07    145362.       0.630783E+07    25.9507       -46.1408        30.6205               0           1        2364
         159    10.0709        8.36250        8.55828        105.012        117.457        134.041       0.489262E+09    2.21445       0.221445        14.9600       0.423756E+09   0.614001E+08   0.410648E+07   0.712584E+08   -90.7449       -63.0498       -85.7087               0           1        2363
         160    10.3192        8.54169        8.71242       -72.2690        116.178        54.1979       0.151921E+09    2.19173       0.219173        13.2100       0.144411E+09   0.726233E+07    247546.       0.792265E+07   -37.5341       -24.6477       -52.6751               0           1        2322
         161    10.8410        9.49563        8.15724       -51.6278        57.0970        116.963       0.175489E+09    2.70264       0.270265        16.8600       0.170517E+09   0.486905E+07    103384.       0.525322E+07    74.3053        179.790       -171.655               0           1        2290
         162    10.2181        8.41685        8.63435        33.7349        175.233        70.1870       0.220018E+09    2.56956       0.256956        15.2400       0.200446E+09   0.191528E+08    418570.       0.200110E+07   -59.1836       -51.4021       -69.4062               0           1        2289
         163    10.4086        9.16307        8.80873       -83.8659        64.5209        138.606       0.360163E+09    3.40772       0.340772        20.3900       0.341116E+09   0.187399E+08    307330.       0.783253E+07   -18.3577        108.520       -32.0349               0           1        2279
         164    9.64852        9.49737        7.92992        39.3678        83.5624        163.877       0.252017E+09    2.99475       0.299475        17.8600       0.240852E+09   0.107915E+08    374209.       0.147997E+08   -181.256        180.163       -220.372               0           1        2275
         165    10.1749        8.05453        8.19659        24.3689        129.173        61.2319       0.346936E+09    2.49991       0.249991        15.0500       0.332636E+09   0.139862E+08    313993.       0.138254E+08   -68.4418       -129.051       -163.222               0           1        2253
         167    9.84378        8.65515        8.62917        51.8771        95.6237        105.795       0.166519E+09    2.63021       0.263021        15.5600       0.158212E+09   0.821685E+07    89804.7       0.362084E+07   -139.410      -0.332179       -70.5163               0           1        2236
         168    9.35608        8.26242        8.98947        15.9072        128.797        99.0476       0.246805E+09    2.79930       0.279930        16.5600       0.231041E+09   0.156945E+08    69705.0       0.215813E+07   -243.929       -84.4978        6.69930               0           1        2224
         169    10.4358        9.08163        8.33344       -66.2319        57.9713        131.740       0.332086E+09    3.32028       0.332028        21.1300       0.308858E+09   0.228516E+08    376146.       0.345717E+07   -12.5457        91.0664       -133.894               0           1        2216
         170    10.2199        7.97513        8.07798        15.9988        104.348        126.911       0.165197E+09    2.61606       0.261606        18.3300       0.156632E+09   0.811322E+07    451477.       0.218907E+08   -58.7979       -146.067       -188.641               0           1        2182
         171    10.4558        8.33477        8.26066       -44.6003        102.610        91.9886       0.147750E+09    2.53356       0.253356        15.0300       0.141584E+09   0.600090E+07    165157.       0.235810E+07   -8.23804       -68.9926       -149.491               0           1        2163
         172    11.0197        9.71039        8.24855       -66.6517        44.1315        101.725       0.138041E+09    2.51105       0.251105        14.8700       0.136513E+09   0.137289E+07    155573.       0.393177E+07    112.592        225.815       -152.087               0           1        2147
         173    10.4834        8.53483        8.17680       -48.0822        44.1074        117.761       0.111160E+09    2.28839       0.228839        13.8900       0.109161E+09   0.182621E+07    173747.       0.788330E+07   -2.34240       -26.1179       -167.463               0           1        2142
         174    10.1715        8.44277        8.44826       -4.31306        69.5852        134.505       0.125817E+09    2.29289       0.229289        13.7200       0.116892E+09   0.882046E+07    104378.       0.620219E+07   -69.1726       -45.8472       -109.287               0           1        2111
         176    10.1773        8.39437        8.61629        20.5288        171.668        46.6853       0.167865E+09    2.29246       0.229246        13.5900       0.130693E+09   0.370375E+08    134118.        559893.       -67.9403       -56.2197       -73.2766               0           1        2097
         177    10.6477        8.37028        8.53684       -50.2733        102.463        107.189       0.153012E+09    2.59056       0.259056        15.6400       0.149898E+09   0.290394E+07    210292.       0.363856E+07    32.8750       -61.3824       -90.3035               0           1        2083
         178    10.6144        8.60922        8.91902       -125.358        61.0490        91.9050       0.283031E+09    3.03482       0.303482        18.1200       0.264213E+09   0.185708E+08    246718.       0.307214E+07    25.7514       -10.1754       -8.39878               0           1        2081
         179    10.6021        8.18895        8.20077       -44.0926        113.127        84.8587       0.176216E+09    2.71979       0.271979        17.5000       0.169436E+09   0.678063E+07    0.00000        0.00000        23.0982       -100.243       -162.326               1           1        2074
         180    10.7691        8.51438        9.30968       -41.3845        148.373        26.4456       0.143944E+09    2.53377       0.253377        15.7800       0.140753E+09   0.307753E+07    112985.       0.427146E+07    58.8964       -30.5005        75.3232               0           1        2072
         181    11.1744        8.20238        8.99056       -29.7019        151.865        24.7532       0.189749E+09    2.75622       0.275622        16.3500       0.181241E+09   0.833933E+07    168501.       0.259770E+07    145.752       -97.3649        6.93290               0           1        2064
         182    10.1465        8.66125        8.54262        27.6028        55.7835        93.8845       0.173067E+09    2.64307       0.264307        15.6400       0.164447E+09   0.851143E+07    108294.       0.153842E+07   -74.5303       0.975107       -89.0648               0           1        2055
         183    9.82533        8.45579        8.26411        51.3773        105.762        71.3552       0.302413E+09    2.48362       0.248362        17.2300       0.301459E+09    573721.        380024.       0.115036E+08   -143.364       -43.0569       -148.752               0           1        2027
         184    9.35611        8.26951        8.83215        46.3961        137.922        105.597       0.114321E+09    2.24338       0.224338        13.6000       0.106417E+09   0.771299E+07    190948.       0.366082E+07   -243.922       -82.9784       -27.0158               0           1        1992
         185    10.8100        8.49451        8.74942       -72.7488        81.7629        98.2674       0.113991E+09    2.37840       0.237840        14.9000       0.113484E+09    3939.88        503060.       0.208949E+08    67.6510       -34.7588       -44.7456               0           1        1989
         186    10.3364        8.63077        8.87109        21.0851        146.453        23.7975       0.181467E+09    2.56485       0.256484        15.3000       0.170932E+09   0.104841E+08    50832.5       0.226489E+07   -33.8416       -5.55704       -18.6706               0           1        1988
         187    10.2726        8.49601        8.71079       -103.020        97.7876        123.968       0.183974E+09    2.15359       0.215359        13.9700       0.183403E+09    83184.8        487952.       0.962815E+07   -47.5038       -34.4373       -53.0244               0           1        1983
         189    9.34925        8.25160        8.78343        59.0435        115.026        107.606       0.177693E+09    2.66193       0.266193        15.7500       0.169186E+09   0.840215E+07    104362.       0.782020E+07   -245.393       -86.8166       -37.4570               0           1        1953
         190    9.72783        8.54979        9.08374       -7.81745        138.866        70.4097       0.343270E+09    2.39083       0.239083        15.1000       0.331971E+09   0.101402E+08   0.115954E+07   0.481386E+08   -164.259       -22.9118        26.9022               0           1        1936
         191    10.1156        9.01221        8.61625       -2.80117        94.3417        104.470       0.109515E+09    2.19559       0.219559        13.7900       0.105004E+09   0.431982E+07    191288.       0.669094E+07   -81.1525        76.1891       -73.2852               0           1        1925
         192    9.43644        8.26758        8.54844        43.0261        115.272        100.889       0.143342E+09    2.53677       0.253677        15.4800       0.140919E+09   0.227506E+07    147714.       0.317499E+07   -226.707       -83.3920       -87.8175               0           1        1925
         193    9.68217        9.55023        7.91543        9.70411        84.4161        147.102       0.192528E+09    2.74679       0.274679        17.1100       0.180743E+09   0.117859E+08    0.00000        0.00000       -174.045        191.492       -223.477               1           1        1920
         194    10.4841        8.62083        8.95154       -51.6243        152.609        160.526       0.240839E+09    2.25817       0.225817        13.5800       0.196123E+09   0.443633E+08    352545.       0.340773E+07   -2.19024       -7.68727       -1.42944               0           0        1919
         195    9.71241        7.97854        8.85719        30.3840        144.248        67.4338       0.151757E+09    2.56356       0.256356        15.3400       0.145658E+09   0.603145E+07    67564.1       0.100011E+07   -167.564       -145.336       -21.6495               0           1        1910
         196    9.57184        8.33105        8.28344        58.7370        106.691        100.036       0.137575E+09    2.46090       0.246091        14.7200       0.131358E+09   0.614464E+07    72163.1       0.113534E+07   -197.690       -69.7898       -144.609               0           1        1909
         197    10.9105        9.70979        8.21777       -47.3984        47.3617        123.745       0.260280E+09    3.11005       0.311005        18.7000       0.255567E+09   0.448757E+07    225557.       0.632682E+07    89.2041        225.687       -158.683               0           1        1855
         198    10.0514        8.24336        7.80720        13.5914        82.4347        127.413       0.156545E+09    2.62378       0.262378        15.7500       0.153224E+09   0.326097E+07    59997.5       0.501928E+07   -94.9197       -88.5826       -246.672               0           1        1842
         199    9.58666        8.05289        8.95640        28.8412        156.034        47.7600       0.219118E+09    2.88545       0.288545        18.1000       0.206266E+09   0.128360E+08    15740.2        98306.8       -194.513       -129.402      -0.387900               0           1        1842
         200    9.55740        7.98407        9.27827       -3.19138        164.440        51.1854       0.162862E+09    2.42705       0.242704        14.3600       0.161538E+09   0.127415E+07    49919.3       0.206803E+07   -200.784       -144.151        68.5918               0           1        1841
         202    11.0988        8.66926        8.49934       -60.4161        65.3356        112.047       0.111293E+09    2.30596       0.230596        14.8100       0.106999E+09   0.417882E+07    115383.       0.213984E+07    129.554        2.69172       -98.3401               0           1        1831
         203    10.5570        8.44935        8.19308       -69.4908        72.3797        110.554       0.181888E+09    2.41483       0.241483        14.4000       0.168438E+09   0.130867E+08    363384.       0.706284E+07    13.4458       -44.4370       -163.974               0           1        1826
         204    10.2152        8.89119        8.34298       -31.7157        66.8651        137.665       0.138731E+09    2.38568       0.238568        14.1100       0.129529E+09   0.902454E+07    177187.       0.288796E+07   -59.8094        50.2534       -131.849               0           1        1825
         205    10.5632        8.63185        8.93489       -98.6018        137.864        117.207       0.381324E+09    3.24227       0.324227        19.7100       0.355333E+09   0.219402E+08   0.405140E+07   0.162279E+08    14.7638       -5.32558       -4.99769               0           1        1820
         206    10.2498        7.92427        7.98679        23.1597        94.0249        100.970       0.324995E+09    2.99946       0.299946        18.0700       0.288739E+09   0.357667E+08    489340.       0.192516E+08   -52.4007       -156.966       -208.184               0           1        1813
         207    10.2539        9.27441        9.20357       -43.5675        143.349        123.768       0.165992E+09    2.56527       0.256527        15.3100       0.154138E+09   0.113205E+08    533557.       0.196965E+08   -51.5114        132.381        52.5829               0           1        1786
         208    9.90083        8.69238        9.04144        22.4868        132.148        59.1328       0.159640E+09    2.56742       0.256742        15.1900       0.152143E+09   0.744677E+07    49948.4       0.192822E+07   -127.184        7.64655        17.8370               0           1        1781
         209    11.5576        8.31532        8.60471       -61.8256        66.1216        86.5458       0.126312E+09    2.35268       0.235268        14.2000       0.119553E+09   0.668625E+07    72852.8       0.292788E+07    227.866       -73.1609       -75.7583               0           1        1744
         211    9.32245        8.24840        9.00863      -0.861934        133.859        96.2129       0.142660E+09    2.04815       0.204815        12.6200       0.142166E+09    303525.        190314.       0.256074E+07   -251.136       -87.5024        10.8055               0           1        1709
         212    10.2300        8.47412        8.65785        35.8738        179.350        81.6211       0.105884E+10    2.15895       0.215894        16.2500       0.102942E+10   0.106417E+08   0.187779E+08   0.208408E+09   -56.6505       -39.1286       -64.3699               0           1        1708
         213    10.2731        9.47092        7.68206       -43.9391        75.7657        125.282       0.234475E+09    2.84473       0.284473        16.8400       0.226635E+09   0.692460E+07    915710.       0.785799E+07   -47.4116        174.495       -273.491               0           1        1700
         214    11.3614        9.12695        8.37320       -70.0503        41.1277        90.3648       0.135206E+09    2.47055       0.247055        14.6100       0.131525E+09   0.358488E+07    96262.8       0.190063E+07    185.840        100.779       -125.373               0           1        1700
         215    9.65643        8.51826        9.16524        18.0197        143.791        70.7599       0.215224E+09    2.81880       0.281880        16.8600       0.198867E+09   0.162737E+08    83529.2       0.394782E+07   -179.561       -29.6690        44.3684               0           1        1697
         216    9.79119        8.60858        8.45208        63.4387        89.7213        107.531       0.121018E+09    2.37968       0.237968        14.1700       0.118389E+09   0.243963E+07    189154.       0.316068E+07   -150.681       -10.3126       -108.468               0           1        1677
         217    10.8910        9.79750        8.24255       -47.2996        34.3508        122.348       0.149594E+09    2.57020       0.257020        15.2600       0.145824E+09   0.370683E+07    62371.0       0.342002E+07    85.0186        244.484       -153.373               0           1        1640
         218    9.45072        8.13012        8.73398        36.9692        142.925        83.7222       0.132218E+09    2.41976       0.241976        14.3300       0.124042E+09   0.817556E+07    0.00000        0.00000       -223.647       -112.851       -48.0545               1           1        1628
         219    10.1765        8.22008        8.45604        58.3662        113.617        84.2936       0.165109E+09    2.12401       0.212401        13.5600       0.157879E+09   0.717960E+07    49457.9        395516.       -68.1160       -93.5717       -107.620               0           1        1606
         220    9.91121        8.62636        9.05812        9.45815        150.034        48.0831       0.124574E+09    2.41890       0.241890        14.4700       0.122546E+09   0.197705E+07    50826.1       0.173259E+07   -124.959       -6.50214        21.4116               0           1        1590
         221    10.3914        8.19201        8.66759       -34.2069        154.401        28.5125       0.111363E+09    2.31925       0.231925        13.8800       0.108495E+09   0.283740E+07    30188.6       0.111800E+07   -22.0481       -99.5873       -62.2825               0           1        1580
         222    10.3980        9.19277        8.82094       -72.7877        62.5910        126.170       0.123951E+09    2.30575       0.230575        13.6600       0.113317E+09   0.102918E+08    341903.       0.406498E+07   -20.6294        114.885       -29.4182               0           1        1573
         223    9.65136        9.04131        8.66034        59.5826        121.971        124.412       0.153883E+09    2.58563       0.258563        16.2100       0.147986E+09   0.589654E+07    0.00000        0.00000       -180.648        82.4255       -63.8363               1           1        1573
         225    10.0316        9.53473        7.98629        9.91405        36.2058        152.310       0.185882E+09    2.66343       0.266343        15.7600       0.175172E+09   0.105349E+08    174374.       0.190953E+07   -99.1651        188.170       -208.291               0           1        1538
         226    10.3427        8.87805        8.12973       -22.6064        51.2986        143.145       0.127343E+09    2.43197       0.243197        14.4400       0.123876E+09   0.336769E+07    98960.5       0.285747E+07   -32.4871        47.4373       -177.551               0           1        1535
         227    9.88108        8.39835        8.72030        60.3359        141.414        65.2292       0.106259E+09    2.24381       0.224381        13.3100       0.105336E+09    658469.        264833.       0.748406E+07   -131.417       -55.3668       -50.9863               0           1        1534
         228    9.35665        8.35013        8.92362        29.0541        105.279        109.068       0.132649E+09    2.30789       0.230789        14.0400       0.128947E+09   0.357425E+07    127518.       0.214025E+07   -243.807       -65.7008       -7.41295               0           1        1529
         229    11.8086        9.25422        8.70935       -74.6022        31.6549        74.4624       0.126085E+09    2.42576       0.242576        14.3500       0.124209E+09   0.177768E+07    98857.3       0.181727E+07    281.671        128.054       -53.3330               0           1        1528
         230    9.77435        8.62894        8.42963        67.1673        88.0486        119.453       0.116551E+09    2.36511       0.236511        14.0000       0.114232E+09   0.222821E+07    90773.7       0.269103E+07   -154.290       -5.94922       -113.280               0           1        1525
         231    8.90681        8.42972        8.72514        59.6866        95.9937        100.271       0.129575E+09    2.46755       0.246755        14.6000       0.129114E+09    316461.        145283.       0.269262E+07   -340.212       -48.6439       -49.9490               0           1        1415
         232    10.9307        9.77326        8.25590       -60.2651        35.5173        107.391       0.149322E+09    2.55156       0.255156        15.4500       0.142998E+09   0.623267E+07    91228.4       0.201967E+07    93.5310        239.289       -150.511               0           1        1410
         233    10.1494        8.32314        8.50099        4.10281        142.910        104.443       0.146586E+09    2.06315       0.206315        12.2300       0.120717E+09   0.257768E+08    92818.8       0.101281E+07   -73.9195       -71.4850       -97.9864               0           1        1407
         234    10.7027        8.61031        8.40683       -69.3165        45.5583        103.730       0.117163E+09    2.34839       0.234839        13.8900       0.114814E+09   0.227080E+07    78361.3       0.471515E+07    44.6599       -9.94180       -118.166               0           1        1385
         235    10.3334        8.04237        8.56369       -46.3521        146.420        17.4185       0.115243E+09    2.35525       0.235525        13.9500       0.114980E+09    90401.0        172632.        694296.       -34.4802       -131.657       -84.5493               0           1        1385
         236    10.9769        9.66403        8.19543       -60.7523        56.6299        116.926       0.128469E+09    2.44869       0.244869        14.5000       0.126536E+09   0.175050E+07    181980.       0.556149E+07    103.421        215.880       -163.471               0           1        1367
         237    9.77024        8.03338        8.77394        31.1444        142.306        81.0257       0.138639E+09    2.51491       0.251491        14.9600       0.135349E+09   0.322859E+07    61756.8        847757.       -155.171       -133.583       -39.4908               0           1        1323
         238    10.8354        8.37064        8.76377       -51.8791        113.016        91.1126       0.116012E+09    2.28774       0.228774        13.6000       0.107747E+09   0.825336E+07    11045.2        172187.        73.1051       -61.3053       -41.6703               0           1        1303
         239    9.05398        7.95555        8.92771        38.7454        148.568        72.1898       0.155992E+09    2.59871       0.259871        15.7200       0.151561E+09   0.436154E+07    69567.9        905645.       -308.672       -150.263       -6.53643               0           1        1263
         240    10.0351        8.23772        8.10456        4.16429        78.7175        144.266       0.135927E+09    2.45598       0.245598        14.5500       0.129529E+09   0.639734E+07    0.00000        0.00000       -98.4022       -89.7913       -182.945               1           1        1261
         241    9.97399        8.14898        8.14703        54.8523        125.363        111.833       0.129959E+09    2.45983       0.245983        16.4000       0.126536E+09   0.342228E+07    0.00000        0.00000       -111.505       -108.809       -173.843               1           1        1243
         242    9.72581        7.45861        9.35168        1.63161        141.045        29.3992       0.103748E+09    2.31496       0.231496        15.0000       0.102925E+09    782370.        40457.2        595439.       -164.692       -256.762        84.3242               0           1        1239
         243    10.5571        8.34660        9.23365       -22.6839        163.561        25.8171       0.113083E+09    2.31346       0.231346        13.7300       0.106168E+09   0.689923E+07    16458.8        103154.        13.4586       -66.4573        59.0293               0           1        1237
         244    10.8993        8.68641        8.59731       -63.1273        82.2086        99.1291       0.117046E+09    2.34839       0.234839        13.9000       0.114398E+09   0.264770E+07    0.00000        0.00000        86.7974        6.36713       -77.3442               1           1        1199
         245    10.4665        8.58367        8.03292       -27.5963        10.8518        127.092       0.258281E+09    2.30210       0.230210        14.4500       0.231789E+09   0.261893E+08    302597.       0.463116E+07   -5.95780       -15.6510       -198.298               0           1        1166
         247    10.6737        9.39532        7.80336       -54.9767        47.0813        102.869       0.113387E+09    2.37111       0.237111        14.7500       0.110823E+09   0.256341E+07    0.00000        0.00000        38.4578        158.293       -247.495               1           1        1082
         249    9.66027        9.81896        7.83295        27.9445        65.8673        138.008       0.101378E+10    2.08136       0.208136        14.8300       0.870374E+09   0.127830E+09   0.155806E+08   0.857741E+08   -178.738        249.083       -241.154               0           1        1009
         250    10.2707        8.50668        8.70502       -63.9101        122.318        104.077       0.460901E+09    2.25067       0.225067        13.3600       0.415192E+09   0.436565E+08   0.205262E+07   0.421103E+08   -47.9131       -32.1507       -54.2609               0           1         956
         252    10.4390        9.24145        7.68732       -38.9103        58.3517        119.360       0.137191E+09    2.45148       0.245148        15.1000       0.128947E+09   0.824315E+07    0.00000        0.00000       -11.8534        125.317       -272.363               1           1         796
         259    9.91611        8.26991        8.11115        40.1029        113.702        112.883       0.137655E+09    2.48169       0.248169        15.3100       0.131608E+09   0.604731E+07    0.00000        0.00000       -123.909       -82.8926       -181.533               1           1         492
         261    9.97368        8.27339        8.43167        72.6264        145.653        95.7592       0.108192E+09    2.32975       0.232975        14.7800       0.105752E+09   0.244033E+07    0.00000        0.00000       -111.572       -82.1469       -112.842               1           1         442
         266    9.55725        7.98539        9.28078        10.4944        154.908        39.3345       0.194905E+09    2.82887       0.282887        16.9400       0.193047E+09   0.180802E+07    49919.3       0.206803E+07   -200.816       -143.868        69.1297               0           1         243
