#          i      x              y              z              v_x            v_y            v_z            Mvir           Rvir     Rs (Rockstar)       v_max           Mdm           Mgas           Mstars    Avg age of stars     xc             yc             zc      flag DM only  flag outside Rvir  Np bound
# (h^-1 comoving Mpc) (h^-1 comoving Mpc) (h^-1 comoving Mpc) (km/s)         (km/s)         (km/s)         (Msun)         (kpc)         (kpc)           (km/s)         (Msun)         (Msun)         (Msun)         (yrs)          (kpc)          (kpc)          (kpc)
           1    10.1671        9.24441        9.25917       -24.2744        150.066        177.519       0.217718E+12    54.2393        5.42393        127.500       0.197932E+12   0.111764E+11   0.860961E+10   0.956435E+10    0.00000        0.00000        0.00000               0           0     2088003
           2    10.0917        9.31996        9.29928       -51.5254        82.2706        42.4330       0.772991E+11    32.0583        3.20583        83.1700       0.702368E+11   0.586952E+10   0.119273E+10   0.302712E+10   -31.2529        31.3026        16.6187               0           0      550752
           3    10.2176        8.95309        9.00988        3.76740        211.247        159.911       0.192165E+11    22.5134        2.25134        56.2300       0.160289E+11   0.297261E+10   0.215078E+09   0.508660E+09    20.9278       -120.702       -103.288               0           1      216664
           5    9.76836        10.0907        9.06165        31.4473        62.7853        262.663       0.232323E+11    25.7907        2.57907        60.7600       0.217193E+11   0.137248E+10   0.140584E+09   0.333241E+09   -165.205        350.622       -81.8383               0           1      144628
           6    10.1708        9.03161        9.08254       -31.1706        133.996        197.803       0.145419E+11    20.4347        2.04347        47.7500       0.123013E+11   0.214476E+10   0.958917E+08   0.126345E+09    1.52059       -88.1693       -73.1830               0           1      119432
           7    9.65788        9.27604        9.63944        61.9297        219.357        133.802       0.165206E+11    23.0271        2.30271        52.5500       0.153334E+11   0.105518E+10   0.132033E+09   0.147988E+09   -210.981        13.1052        157.557               0           1      115370
           8    10.3917        9.24070        9.34628       -135.862        162.020        82.5561       0.995444E+10    18.9199        1.89199        49.9300       0.836973E+10   0.150621E+10   0.785006E+08   0.289268E+09    93.0542       -1.53716        36.0922               0           1      111254
           9    10.1823        9.32419        9.32377       -100.599        255.088        173.669       0.106924E+11    15.7437        1.57437        41.4100       0.101634E+11   0.360440E+09   0.168628E+09   0.370658E+09    6.32266        33.0552        26.7657               0           0       74430
          10    10.1881        8.97492        9.10455       -101.605        127.899        209.022       0.108613E+11    17.7668        1.77668        40.4900       0.100278E+11   0.770898E+09   0.625572E+08   0.151499E+09    8.71749       -111.658       -64.0636               0           1       73118
          11    9.91721        9.87587        8.99204       -30.5184        74.9698        233.453       0.118546E+11    20.5068        2.05068        49.1300       0.108900E+11   0.925702E+09   0.388742E+08   0.536584E+08   -103.533        261.632       -110.680               0           1       59278
          12    10.8558        9.04879        9.33922       -44.9141        134.173        60.8238       0.971053E+10    17.0107        1.70107        41.1600       0.865277E+10   0.101543E+10   0.423301E+08   0.157241E+09    285.340       -81.0511        33.1671               0           1       53580
          13    10.2547        8.68248        8.84288        2.05978        194.333        117.452       0.502733E+10    14.4675        1.44675        37.0800       0.420045E+10   0.791260E+09   0.356160E+08   0.913755E+08    36.3077       -232.824       -172.481               0           1       45462
          14    9.96849        9.84678        8.88246       -41.9049        86.6846        238.662       0.428625E+10    14.6581        1.46581        34.0300       0.387971E+10   0.389306E+09   0.172314E+08   0.575693E+08   -82.2858        249.579       -156.082               0           1       40391
          15    10.1438        8.94302        8.98983        90.9538        159.908        229.162       0.384942E+10    13.4379        1.34379        31.0700       0.340839E+10   0.431603E+09   0.942435E+07   0.245786E+08   -9.67044       -124.875       -111.595               0           1       36055
          16    9.54733        9.71400        9.08036        68.5431        121.464        216.925       0.284635E+10    12.8313        1.28313        29.3300       0.265563E+10   0.185859E+09   0.485876E+07   0.258183E+08   -256.785        194.565       -74.0862               0           1       30643
          17    9.90960        9.07011        9.27486        48.7311        247.236        98.3952       0.341982E+10    13.8179        1.38179        31.2500       0.326423E+10   0.152776E+09   0.282100E+07   0.169624E+08   -106.686       -72.2176        6.50083               0           1       29365
          18    10.5319        10.0391        9.07305       -90.4947        58.0254        183.294       0.307449E+10    13.2316        1.32316        32.1400       0.290314E+10   0.169052E+09   0.229902E+07   0.911502E+07    151.143        329.280       -77.1150               0           1       28210
          19    10.3719        9.16465        9.40219       -122.844        140.922        158.230       0.221034E+10    11.5987        1.15987        27.4300       0.213601E+10   0.710103E+08   0.332022E+07   0.276056E+08    84.8422       -33.0469        59.2574               0           1       24970
          20    10.0629        9.36497        9.46523        42.8191        61.4263        132.896       0.243000E+10    11.4185        1.14185        26.6900       0.215787E+10   0.262294E+09   0.983341E+07   0.196535E+08   -43.1565        49.9515        85.3767               0           1       24768
          21    10.4173        9.90010        9.30744       -109.982        67.9033        191.790       0.205945E+10    11.7458        1.17458        30.6900       0.203249E+10   0.246345E+08   0.232590E+07   0.159703E+08    103.657        271.672        19.9997               0           1       23512
          22    10.0075        9.40420        9.33235       -33.7067        25.3103        241.754       0.208359E+10    10.9789        1.09789        26.5300       0.192749E+10   0.154666E+09   0.143249E+07   0.712260E+07   -66.1311        66.2057        30.3206               0           1       22014
          23    9.57895        8.78403        8.90598        63.5746        168.278        139.897       0.213175E+10    11.8573        1.18573        28.9800       0.210049E+10   0.277802E+08   0.347513E+07   0.147044E+08   -243.684       -190.749       -146.337               0           1       20968
          24    9.96519        9.71352        9.61618       -1.96476        186.587        131.349       0.132156E+10    9.60538       0.960538        23.9600       0.127252E+10   0.481176E+08    931118.       0.803019E+07   -83.6531        194.366        147.920               0           1       19088
          26    9.40255        8.97524        9.51407        69.4804        204.580        137.156       0.170771E+10    10.9847        1.09847        27.2500       0.167058E+10   0.348195E+08   0.230949E+07   0.112845E+08   -316.771       -111.525        105.613               0           1       18600
          27    9.95437        9.68738        9.71859       -90.2901        169.600        112.380       0.140222E+10    10.1084        1.01084        23.3600       0.131300E+10   0.844770E+08   0.473745E+07   0.160087E+08   -88.1361        183.535        190.351               0           1       18597
          28    9.73191        9.14266        9.41257        71.6621        215.993        154.936       0.127471E+10    9.59875       0.959875        23.0100       0.113816E+10   0.136348E+09    201059.        424446.       -180.308       -42.1580        63.5581               0           1       17584
          29    9.87450        9.53605        9.57512        38.3548        202.781        113.710       0.174879E+10    10.8388        1.08388        25.8600       0.160033E+10   0.145845E+09   0.260644E+07   0.148656E+08   -121.229        120.835        130.907               0           1       17411
          30    10.2222        8.94718        8.94689        6.77622        193.174        201.609       0.177534E+10    9.60787       0.960787        25.4500       0.160000E+10   0.165768E+09   0.956512E+07   0.454319E+08    22.8254       -123.151       -129.387               0           1       17313
          31    9.66530        9.34629        9.74291        54.7675        179.309        134.453       0.218848E+10    11.5357        1.15357        28.0400       0.200513E+10   0.179857E+09   0.348864E+07   0.265797E+08   -207.906        42.2119        200.428               0           1       17114
          32    9.55723        9.27328        8.80388        53.8205        125.820        171.136       0.169951E+10    10.8691        1.08691        26.3900       0.162960E+10   0.683140E+08   0.160274E+07   0.110483E+08   -252.683        11.9617       -188.640               0           1       16799
          33    9.86917        9.68183        9.71872       -90.3340        129.152        185.515       0.136799E+10    9.82456       0.982456        22.5600       0.136297E+10   0.390060E+07   0.112028E+07   0.626720E+07   -123.437        181.236        190.405               0           1       15571
          34    10.0903        9.34645        9.44899        41.5271        100.099        113.975       0.192632E+10    9.75785       0.975785        24.3400       0.160657E+10   0.313294E+09   0.645707E+07   0.266372E+08   -31.8039        42.2782        78.6480               0           1       15297
          35    10.1614        9.19949        9.37622        36.1584        107.056        106.699       0.207260E+10    9.79556       0.979556        23.7600       0.190971E+10   0.158063E+09   0.482972E+07   0.853249E+07   -2.36582       -18.6117        48.4972               0           0       15180
          36    10.2820        8.64920        8.83238       -20.1762        164.259        191.674       0.130091E+10    9.46119       0.946119        23.8300       0.124192E+10   0.571035E+08   0.188660E+07   0.117284E+08    47.5981       -246.613       -176.832               0           1       14641
          37    10.1178        9.20642        9.24934        38.2641        240.316        215.240       0.269745E+10    9.09244       0.909244        25.7600       0.257916E+10   0.102727E+09   0.155692E+08   0.750704E+08   -20.4223       -15.7404       -4.07286               0           0       13980
          38    9.95853        9.76404        9.63326        32.8663        136.510        236.893       0.148597E+10    9.87138       0.987138        25.2000       0.143547E+10   0.484071E+08   0.209286E+07   0.835234E+07   -86.4125        215.298        154.996               0           1       13560
          39    9.62841        9.29866        9.61516        32.3424        179.783        188.773       0.173243E+10    9.58176       0.958176        26.7500       0.163093E+10   0.990084E+08   0.249323E+07   0.320974E+08   -223.191        22.4774        147.497               0           1       13228
          40    10.1878        9.03039        8.96066       -9.58583        209.215        198.485       0.772673E+09    7.83495       0.783495        19.7300       0.715321E+09   0.503940E+08   0.695811E+07   0.138487E+08    8.57661       -88.6747       -123.681               0           1       11871
          41    10.0082        9.60573        9.47179        31.2998        152.729        105.330       0.823098E+09    8.42289       0.842289        19.9300       0.817747E+09   0.524486E+07    106457.        975875.       -65.8493        149.705        88.0947               0           1       10940
          42    9.56555        9.77109        9.07491        51.5071        111.813        203.546       0.849718E+09    8.65657       0.865657        21.1000       0.822569E+09   0.263142E+08    834714.       0.731327E+07   -249.236        218.219       -76.3443               0           1       10203
          43    10.1303        9.75606        8.67375       -52.6210        102.997        199.799       0.973462E+09    9.20307       0.920307        23.7700       0.963904E+09   0.839604E+07   0.116269E+07   0.149549E+08   -15.2556        211.992       -242.557               0           1        9900
          44    9.88535        9.84188        9.03463        3.36249        68.7702        219.182       0.135217E+10    9.44876       0.944876        24.4500       0.120251E+10   0.147966E+09   0.169412E+07   0.412469E+07   -116.733        247.549       -93.0335               0           1        9568
          45    9.97799        9.49651        9.53479       -3.93090        99.2301        166.453       0.132622E+10    9.58218       0.958218        21.7200       0.120609E+10   0.118356E+09   0.177867E+07   0.383490E+07   -78.3497        104.452        114.197               0           1        9498
          46    10.1150        8.80088        8.78523        20.4638        128.307        216.241       0.673105E+09    8.02886       0.802886        18.5600       0.653050E+09   0.199973E+08    57537.8        955873.       -21.5658       -183.767       -196.367               0           1        9244
          47    10.3025        8.93518        8.88159       -90.7604        135.852        205.951       0.744071E+09    8.03383       0.803383        20.0700       0.692541E+09   0.510715E+08    458399.       0.672864E+07    56.0877       -128.123       -156.442               0           1        9075
          48    9.79658        10.0968        9.07506       -36.3924        128.985        227.413       0.338724E+10    9.48025       0.948025        24.5400       0.319279E+10   0.189836E+09   0.461574E+07   0.149930E+08   -153.513        353.153       -76.2821               0           1        8766
          49    10.0743        9.31577        9.29670       -23.0403        293.923        245.504       0.887925E+10    7.17286       0.717286        17.4600       0.797291E+10   0.315491E+09   0.590848E+09   0.716351E+09   -38.4497        29.5665        15.5498               0           0        8631
          50    10.0272        9.44580        9.37129        4.88686        29.1015        220.665       0.789577E+09    7.95428       0.795428        19.3300       0.726295E+09   0.630397E+08    242630.       0.171651E+07   -57.9729        83.4418        46.4546               0           1        8334
          51    10.7847        9.09795        9.32847       -28.9101        163.520        134.074       0.940771E+09    8.48586       0.848586        19.6100       0.881930E+09   0.584871E+08    354339.       0.377315E+07    255.894       -60.6827        28.7130               0           1        8180
          52    10.0980        9.13752        9.20555       -69.3886        148.674        185.802       0.110751E+10    7.62820       0.762820        17.4000       0.110566E+10    730244.       0.111359E+07   0.918376E+07   -28.6467       -44.2876       -22.2163               0           1        8122
          53    10.1639        8.95478        9.01249        81.7291        170.142        224.868       0.115319E+10    7.82087       0.782087        21.2300       0.106766E+10   0.839433E+08   0.157938E+07   0.115351E+08   -1.30514       -120.002       -102.207               0           1        8018
          54    10.0391        9.87318        8.65297       -30.6829        77.8131        218.459       0.829295E+09    8.62549       0.862549        19.3300       0.809599E+09   0.188062E+08    888980.       0.237862E+07   -53.0341        260.518       -251.166               0           1        7372
          55    10.9437        9.07067        9.83844       -77.7721        138.666        108.810       0.106580E+10    9.32819       0.932819        22.5000       0.104455E+10   0.202219E+08   0.102861E+07   0.144159E+08    321.789       -71.9856        240.008               0           1        7260
          56    9.71377        9.19123        9.55228        62.5290        213.232        160.787       0.556343E+09    7.52338       0.752338        18.5200       0.540980E+09   0.151269E+08    236299.       0.196482E+07   -187.824       -22.0340        121.444               0           1        7112
          57    10.4322        9.11885        9.36103       -147.004        118.834        159.458       0.484232E+09    7.13930       0.713930        16.3300       0.483698E+09    275776.        258718.       0.271024E+07    109.843       -52.0232        42.2036               0           1        6982
          58    10.0833        9.87444        8.86647       -85.3255        52.9931        199.433       0.642600E+09    7.98328       0.798328        18.1800       0.634760E+09   0.778860E+07    51503.0        282315.       -34.7042        261.040       -162.707               0           1        6918
          59    9.98871        9.72561        9.20590       -30.8117        106.999        231.418       0.690490E+09    8.03922       0.803922        18.1900       0.648893E+09   0.413908E+08    205804.       0.304136E+07   -73.9080        199.375       -22.0713               0           1        6655
          60    10.1524        9.01499        9.18033       -34.4256        92.7541        233.330       0.536944E+09    7.35516       0.735516        19.1800       0.534745E+09   0.187223E+07    326835.       0.288200E+07   -6.09064       -95.0554       -32.6657               0           1        6591
          61    9.87124        9.81739        9.71661        3.24405        240.660        116.882       0.150960E+10    9.95010       0.995010        23.7300       0.129621E+10   0.213105E+09    286832.       0.296961E+07   -122.579        237.402        189.531               0           1        6357
          62    10.2688        9.80646        9.47592       -121.590        94.3661        187.050       0.585884E+09    7.62489       0.762489        17.7600       0.570245E+09   0.156394E+08    0.00000        0.00000        42.1497        232.874        89.8059               1           1        6350
          63    10.9719        8.97019        9.28006       -147.895        126.535        150.317       0.101606E+10    8.77341       0.877341        22.4700       0.100323E+10   0.112794E+08   0.154931E+07   0.126851E+08    333.456       -113.617        8.65534               0           1        6213
          64    9.79987        9.54635        9.64399        33.0417        215.104        107.922       0.837580E+09    8.56666       0.856666        22.0000       0.794552E+09   0.423931E+08    635128.       0.222283E+07   -152.150        125.103        159.442               0           1        6138
          65    10.1998        8.91627        8.95956       -23.0899        267.491        181.588       0.582387E+09    7.12065       0.712065        20.5100       0.571242E+09   0.989197E+07   0.125227E+07   0.193833E+08    13.5527       -135.958       -124.137               0           1        6128
          66    10.2301        9.45001        9.38040       -126.373        179.621        18.5163       0.665017E+09    7.98411       0.798411        20.1600       0.663526E+09   0.147630E+07    14989.9        44789.5        26.1069        85.1861        50.2291               0           1        6068
          67    10.2284        9.02838        9.09247        65.5541        181.041        226.085       0.484018E+09    6.18261       0.618261        15.2600       0.465740E+09   0.182545E+08    23506.3        146074.        25.4191       -89.5075       -69.0687               0           1        5899
          68    10.6061        9.08217        9.32763       -100.886        99.1406        156.379       0.361126E+09    6.51076       0.651076        16.5600       0.352257E+09   0.847412E+07    395158.       0.371458E+07    181.915       -67.2208        28.3650               0           1        5882
          69    10.0693        9.14332        9.23466       -121.655        240.734        182.816       0.433572E+09    6.57871       0.657871        15.7100       0.432817E+09    681606.        73474.1       0.130241E+07   -40.5338       -41.8845       -10.1552               0           1        5844
          70    10.2166        9.00943        8.93934       -107.592        160.314        208.000       0.430016E+09    6.56918       0.656918        15.0300       0.418933E+09   0.110831E+08    0.00000        0.00000        20.5010       -97.3591       -132.515               1           1        5795
          71    10.2745        8.94677        9.05826        42.4486        204.591        139.938       0.456957E+09    6.58948       0.658948        17.4800       0.446701E+09   0.102554E+08    0.00000        0.00000        44.4990       -123.321       -83.2429               1           1        5658
          72    9.89857        8.55371        9.86636       -15.7463        214.344        78.8505       0.429641E+09    7.05767       0.705767        17.6300       0.429076E+09    463644.        101602.        415614.       -111.256       -286.177        251.577               0           1        5593
          73    10.1367        9.40267        9.27688       -181.607        82.0445        94.1231       0.341665E+09    5.97669       0.597669        15.5800       0.341116E+09    409494.        139044.       0.125831E+07   -12.5707        65.5717        7.33777               0           1        5592
          74    9.74699        8.47282        9.64813        5.86648        218.985        75.2963       0.509410E+09    7.39784       0.739784        16.6200       0.506727E+09   0.264442E+07    37887.0        163416.       -174.060       -319.692        161.157               0           1        5592
          75    10.8790        9.44495        9.07081       -102.997        69.7538        154.763       0.474151E+09    7.25945       0.725945        17.7500       0.472890E+09   0.105353E+07    207358.       0.314435E+07    294.986        83.0896       -78.0430               0           1        5445
          76    10.0436        9.77695        8.81130       -29.0651        72.4264        239.662       0.454996E+09    7.11775       0.711775        17.8700       0.442960E+09   0.118104E+08    225327.       0.204906E+07   -51.1655        220.647       -185.566               0           1        5373
          77    10.1886        9.34336        9.32180        119.576        66.7928        83.5112       0.130784E+10    6.56214       0.656214        17.7400       0.129223E+10   0.474391E+07   0.108603E+08   0.196201E+08    8.89565        40.9979        25.9494               0           0        5320
          78    9.60293        9.16453        9.65014        19.5261        262.709        85.8657       0.412467E+09    6.83891       0.683891        16.2300       0.411783E+09    636271.        47635.5        415925.       -233.748       -33.0966        161.990               0           1        5259
          79    9.64148        9.30840        9.66098        56.5946        237.727        128.093       0.593611E+09    6.22529       0.622529        14.4500       0.563594E+09   0.291585E+08    859380.       0.636764E+07   -217.776        26.5129        166.482               0           1        5203
          80    9.78576        9.09030        9.30895        83.9006        181.852        171.693       0.425624E+09    6.88697       0.688697        16.5300       0.411118E+09   0.143652E+08    140067.        734233.       -157.996       -63.8523        20.6253               0           1        5033
          81    9.94656        9.88546        9.01264       -67.6807        96.6919        215.164       0.497071E+09    6.36823       0.636823        17.4700       0.453519E+09   0.431904E+08    361488.       0.356747E+07   -91.3720        265.606       -102.145               0           1        5011
          82    10.1726        9.01751        9.10384       -118.099        107.882        222.635       0.117966E+10    6.48880       0.648880        16.6700       0.110093E+10   0.749103E+08   0.382160E+07   0.111217E+08    2.28295       -94.0113       -64.3578               0           1        4986
          83    10.4701        9.89634        9.02438       -81.7718        83.5743        192.243       0.387536E+09    6.83311       0.683311        17.8900       0.387175E+09    262223.        98961.0       0.104826E+07    125.525        270.114       -97.2804               0           1        4932
          84    9.94929        9.07780        9.30079        30.2275        235.085        99.8222       0.422622E+09    6.79416       0.679416        15.7800       0.422425E+09    139166.        57553.5        257668.       -90.2409       -69.0314        17.2444               0           1        4888
          85    11.2864        9.53607        9.28065       -110.272        65.1843        125.474       0.420190E+09    6.97439       0.697439        16.4400       0.419349E+09    749313.        91537.0        562015.        463.771        120.843        8.89979               0           1        4869
          86    9.81514        8.53400        9.57204        9.87775        213.680        76.0602       0.481491E+09    7.25779       0.725779        16.4500       0.478959E+09   0.251068E+07    21306.1        113373.       -145.823       -294.344        129.631               0           1        4867
          87    9.77144        9.16480        9.37415        47.0116        228.695        105.786       0.360790E+09    6.46725       0.646725        16.3100       0.331223E+09   0.295527E+08    14323.1        44297.2       -163.929       -32.9847        47.6396               0           1        4790
          88    9.85992        9.82156        9.71925      -0.105492        207.238        119.335       0.782796E+09    6.45565       0.645565        14.8800       0.747246E+09   0.352723E+08    278187.       0.291240E+07   -127.270        239.130        190.625               0           1        4769
          89    10.3854        9.88054        9.36819       -138.813        83.6524        158.425       0.390757E+09    6.64873       0.664873        16.0800       0.384098E+09   0.665844E+07    0.00000        0.00000        90.4646        263.567        45.1702               1           1        4758
          90    9.73119        9.15464        9.54805        71.0499        221.429        165.432       0.349809E+09    6.56048       0.656048        17.8800       0.349264E+09    201099.        344332.       0.460841E+07   -180.606       -37.1943        119.691               0           1        4737
          91    9.87316        9.40060        9.47942        57.4947        215.302        119.758       0.366542E+09    6.57622       0.657622        14.9600       0.351924E+09   0.146184E+08    0.00000        0.00000       -121.784        64.7141        91.2560               1           1        4712
          92    10.2554        9.17925        9.26641        33.8936        175.477        210.347       0.277070E+09    4.87292       0.487292        13.4400       0.270365E+09   0.629955E+07    404933.       0.427399E+07    36.5977       -26.9977        2.99974               0           0        4667
          93    9.48062        9.65757        9.03332        66.3527        136.006        222.846       0.379703E+09    6.72662       0.672662        16.8200       0.375452E+09   0.390036E+07    350392.       0.452219E+07   -284.425        171.184       -93.5762               0           1        4597
          94    10.8291        9.65233        9.17949       -121.464        70.9171        144.398       0.459611E+09    7.19813       0.719813        17.0600       0.457509E+09   0.210127E+07    0.00000        0.00000        274.278        169.013       -33.0138               1           1        4568
          95    10.5530        9.28086        9.39457       -113.269        171.288        111.763       0.393469E+09    6.83269       0.683269        17.5000       0.386842E+09   0.646553E+07    161379.       0.212863E+07    159.906        15.1023        56.1002               0           1        4503
          96    10.2144        8.95798        9.00324       -22.2041        256.824        159.819       0.426677E+10    5.07884       0.507884        19.9800       0.358433E+10   0.480752E+09   0.201687E+09   0.458407E+09    19.5936       -118.676       -106.039               0           1        4453
          97    10.0432        9.71843        9.68313       -121.772        170.064        96.9647       0.334521E+09    6.39972       0.639972        14.9000       0.329061E+09   0.545990E+07    0.00000        0.00000       -51.3147        196.400        175.659               1           1        4434
          98    10.9240        8.95153        9.31804       -103.569        89.6457        154.873       0.615919E+09    6.03179       0.603180        15.0800       0.606161E+09   0.866731E+07   0.109072E+07   0.764117E+07    313.631       -121.349        24.3916               0           1        4389
          99    10.1328        9.86565        8.47991       -19.1432        77.4230        197.944       0.351259E+09    6.50703       0.650703        15.5800       0.344940E+09   0.582085E+07    497687.       0.229273E+07   -14.2239        257.398       -322.870               0           1        4381
         100    9.92338        9.86172        9.31741       -16.9248        114.297        226.815       0.412252E+09    6.79333       0.679333        16.2200       0.412033E+09    93635.6        125334.        656952.       -100.976        255.770        24.1305               0           1        4319
         101    10.1122        9.13192        9.20484       -86.8213        156.137        136.320       0.643047E+09    5.92283       0.592283        15.9100       0.641579E+09    877133.        590675.       0.308032E+07   -22.7550       -46.6079       -22.5105               0           1        4305
         102    10.5384        9.90375        9.56099       -143.832        94.7658        163.264       0.378991E+09    6.70384       0.670384        15.2400       0.377863E+09   0.107546E+07    52424.8        531087.        153.836        273.184        125.053               0           1        4264
         103    10.2173        9.18957        9.20366       -113.213        116.148        101.467       0.336086E+09    5.34567       0.534567        14.2900       0.332719E+09   0.323297E+07    134247.        882455.        20.7869       -22.7218       -22.9994               0           0        4209
         105    10.2735        9.03397        9.08834       -9.30060        184.003        186.690       0.283510E+09    5.64564       0.564564        13.9200       0.282836E+09    673460.        0.00000        0.00000        44.0888       -87.1914       -70.7799               1           1        4115
         106    10.0197        9.10777        9.06955        109.804        169.008        192.977       0.312085E+09    6.32100       0.632100        15.4200       0.310854E+09   0.116384E+07    67556.5        321191.       -61.0556       -56.6139       -78.5651               0           1        4010
         107    9.90486        9.97150        9.80511       -51.6085        191.755        184.809       0.307432E+09    5.71773       0.571773        13.0700       0.304702E+09   0.273073E+07    0.00000        0.00000       -108.650        301.255        226.199               1           1        3980
         108    10.1522        9.08471        9.14124       -83.9656        134.412        238.170       0.233038E+09    5.39580       0.539580        15.1300       0.227882E+09   0.488708E+07    269164.       0.217595E+07   -6.16522       -66.1684       -48.8618               0           1        3951
         109    9.98282        8.67259        9.16403        29.8225        215.685        86.7088       0.285356E+09    6.00321       0.600321        13.4000       0.283335E+09   0.202057E+07    0.00000        0.00000       -76.3484       -236.922       -39.4193               1           1        3946
         110    10.0316        9.72842        9.24213       -10.4655        99.6779        225.274       0.264953E+09    5.93940       0.593940        13.5000       0.264795E+09    147296.        10993.4        55724.3       -56.1250        200.539       -7.06017               0           1        3885
         111    10.0982        9.16427        9.28660        15.1000        190.914        154.106       0.154585E+09    4.51742       0.451742        12.1600       0.154138E+09    205395.        241709.       0.369550E+07   -28.5556       -33.2043        11.3650               0           0        3871
         112    10.4283        9.29638        9.38901       -105.059        198.616        72.8392       0.202142E+09    5.14430       0.514430        12.1300       0.199698E+09   0.243399E+07    10301.3        51801.4        108.227        21.5327        53.7965               0           1        3861
         113    10.3022        9.74920        8.60129       -75.8204        78.1657        179.191       0.331371E+09    6.44612       0.644612        16.1600       0.330641E+09    730049.        0.00000        0.00000        55.9842        209.149       -272.579               1           1        3805
         114    9.59728        9.95753        8.69575        42.4776        102.932        232.609       0.529641E+09    7.50680       0.750681        17.4800       0.524935E+09   0.470636E+07    0.00000        0.00000       -236.089        295.466       -233.441               1           1        3798
         115    10.3804        9.89732        9.32241       -99.2547        81.9532        172.526       0.330900E+09    6.03221       0.603221        14.7500       0.323574E+09   0.732593E+07    0.00000        0.00000        88.3930        270.520        26.2022               1           1        3736
         116    10.0031        9.72903        9.18740       -49.1353        88.6118        237.604       0.326518E+09    5.90087       0.590087        13.2600       0.310937E+09   0.155544E+08    26500.2        474850.       -67.9624        200.792       -29.7364               0           1        3730
         117    10.1229        9.29956        9.32258        26.1372        275.792        149.211       0.334554E+09    4.57792       0.457792        13.7700       0.332885E+09    596162.       0.107284E+07   0.692552E+07   -18.3216        22.8503        26.2726               0           0        3634
         118    10.1488        9.20995        9.38394       -2.88224        171.649        302.740       0.379933E+09    5.14845       0.514845        12.1900       0.361651E+09   0.181881E+08    94083.9        633358.       -7.57394       -14.2778        51.6959               0           0        3620
         119    9.93994        9.94339        8.91584       -7.15847        62.8631        259.516       0.336736E+09    6.30608       0.630608        14.3100       0.314429E+09   0.223076E+08    0.00000        0.00000       -94.1149        289.608       -142.252               1           1        3610
         120    9.33430        9.15909        9.47733        92.1464        164.027        163.310       0.288424E+09    6.15485       0.615485        14.4200       0.287575E+09    712399.        136776.        685238.       -345.049       -35.3506        90.3901               0           1        3465
         121    9.86178        9.73611        9.24375       -52.2229        89.1768        208.127       0.228914E+09    5.71318       0.571318        13.3700       0.228796E+09    117873.        0.00000        0.00000       -126.499        203.726       -6.38896               1           1        3458
         122    10.2163        9.32560        9.32392       -193.323        128.642        14.1757       0.548461E+09    5.85488       0.585488        13.4300       0.531752E+09   0.166774E+08    31966.7        153665.        20.3684        33.6394        26.8278               0           0        3443
         123    9.75121        9.10189        9.38923        86.4965        206.892        174.760       0.236288E+09    5.46375       0.546375        12.2200       0.220566E+09   0.157220E+08    0.00000        0.00000       -172.311       -59.0502        53.8877               1           1        3424
         124    10.7198        9.00991        9.33364       -40.0374        179.922        136.154       0.225982E+09    5.53087       0.553087        14.2000       0.219734E+09   0.624773E+07    0.00000        0.00000        228.996       -97.1602        30.8551               1           1        3378
         125    9.73640        10.1092        9.04093        12.0668        46.7737        238.818       0.612753E+09    5.81137       0.581137        14.4000       0.594937E+09   0.160646E+08   0.175212E+07   0.169405E+07   -178.447        358.328       -90.4232               0           1        3293
         126    10.3050        9.21676        9.43142       -109.879        190.177        96.7229       0.241215E+09    5.80101       0.580101        15.1800       0.240519E+09    216245.        479499.       0.502384E+07    57.1567       -11.4562        71.3682               0           1        3168
         127    9.74197        9.14365        9.46021        93.2484        165.711        172.539       0.221489E+09    5.53004       0.553004        13.4100       0.221397E+09    92266.0        0.00000        0.00000       -176.140       -41.7478        83.2967               1           1        3155
         128    9.40172        9.00199        9.48197        90.5816        210.816        143.900       0.260621E+09    5.30506       0.530506        14.2700       0.256731E+09   0.382493E+07    65008.2        263548.       -317.115       -100.442        92.3125               0           1        3148
         129    10.3668        9.46500        9.53104       -112.137        170.005        56.7850       0.245785E+09    5.84825       0.584825        15.5200       0.245507E+09    160886.        116761.       0.131535E+07    82.7581        91.3969        112.644               0           1        3130
         130    9.81275        9.12587        9.37711        39.6333        239.685        104.304       0.373829E+09    6.54018       0.654018        15.0300       0.373124E+09    704419.        0.00000        0.00000       -146.813       -49.1146        48.8660               1           1        3103
         131    10.0937        9.31180        9.28829       -34.3285       -59.9321        8.54959       0.224583E+10    4.35956       0.435957        16.2200       0.204300E+10   0.139284E+09   0.635488E+08   0.770922E+08   -30.4035        27.9216        12.0653               0           0        3094
         132    10.0055        8.84077        8.75640        68.7821        158.828        169.527       0.253263E+09    5.70282       0.570282        13.9000       0.247669E+09   0.559396E+07    0.00000        0.00000       -66.9390       -167.240       -208.312               1           1        3082
         133    10.6447        9.09348        9.34083       -100.384        90.1511        179.410       0.247853E+09    5.75917       0.575917        14.0400       0.241101E+09   0.664252E+07    109237.        712007.        197.892       -62.5347        33.8341               0           1        3078
         134    10.2102        9.36456        9.35121        36.2470        65.4189        27.8421       0.247002E+09    4.94957       0.494957        12.1600       0.239771E+09   0.706288E+07    168981.        689255.        17.8617        49.7817        38.1349               0           1        3063
         135    9.90733        9.75161        9.67502       -24.1238        131.565        205.386       0.335291E+09    5.80143       0.580143        12.9700       0.270033E+09   0.650464E+08    211492.       0.173402E+07   -107.626        210.148        172.299               0           1        3042
         136    9.97775        9.85068        8.87472       -32.4882        48.2160        240.002       0.122663E+10    5.44966       0.544966        17.3400       0.112695E+10   0.867162E+08   0.129664E+08   0.354738E+08   -78.4491        251.195       -159.289               0           1        3019
         137    10.0373        9.26476        9.42868        22.6413        82.7488        138.373       0.149409E+09    4.52820       0.452820        11.1100       0.149316E+09    92529.3        0.00000        0.00000       -53.7841        8.43160        70.2329               1           1        2974
         138    9.89577        9.91499        9.77936       -17.6399        212.339        150.877       0.180394E+09    5.02373       0.502373        12.0600       0.177500E+09   0.289384E+07    0.00000        0.00000       -112.416        277.841        215.530               1           1        2970
         139    10.0342        9.44030        9.23696       -68.7062        37.7730        259.092       0.221868E+09    5.60545       0.560545        14.1600       0.220483E+09   0.132148E+07    63731.1       0.132182E+07   -55.0685        81.1629       -9.20225               0           1        2949
         140    10.1197        9.01501        8.88030        2.47577        172.226        153.625       0.199435E+09    5.37467       0.537467        13.1300       0.199033E+09    232273.        169739.        392139.       -19.6143       -95.0471       -156.977               0           1        2897
         141    10.2259        9.45209        9.38111       -90.3106        173.201      -0.203107       0.504237E+09    5.24664       0.524664        13.8100       0.503651E+09    570528.        14989.9        44789.5        24.3708        86.0479        50.5233               0           1        2890
         142    9.97501        9.86048        9.63218        25.0488        148.345        228.373       0.242986E+09    5.82339       0.582339        14.9200       0.242930E+09    56564.9        0.00000        0.00000       -79.5844        255.256        154.549               1           1        2882
         143    9.87686        9.61118        9.68135        45.2685        195.966        130.151       0.199891E+09    5.24498       0.524499        11.9700       0.199532E+09    359107.        0.00000        0.00000       -120.251        151.964        174.922               1           1        2850
         144    10.0902        9.33726        9.30761       -238.424        29.7419        87.0552       0.199862E+10    4.96697       0.496697        13.6200       0.188910E+10   0.928213E+08   0.166945E+08   0.273066E+08   -31.8661        38.4705        20.0701               0           0        2844
         145    10.9586        9.13396        9.59624       -71.4070        150.190        74.2742       0.348033E+09    6.43535       0.643535        14.3800       0.347351E+09    681778.        0.00000        0.00000        327.937       -45.7627        139.658               1           1        2813
         146    10.2305        8.88459        9.03344       -24.4002        257.545        182.004       0.207763E+09    5.28145       0.528145        15.2300       0.207264E+09    66159.9        433003.       0.421357E+07    26.2850       -149.084       -93.5265               0           1        2788
         148    10.2280        8.97469        8.88399        10.9074        255.852        164.853       0.185345E+09    5.03119       0.503119        13.6500       0.184567E+09    278486.        500081.       0.425346E+07    25.2326       -111.753       -155.448               0           1        2783
         149    10.0812        9.52426        9.82319       -38.1176        238.237        75.1787       0.256358E+09    5.90004       0.590004        14.6200       0.255484E+09    823292.        51241.4        509845.       -35.5992        115.950        233.690               0           1        2782
         150    10.3407        9.89706        9.45943       -137.107        74.5515        162.288       0.253114E+09    5.72354       0.572353        14.8400       0.249248E+09   0.386595E+07    0.00000        0.00000        71.9400        270.412        82.9736               1           1        2769
         151    10.7368        9.02483        9.17245       -83.2980        97.1969        184.835       0.324629E+09    6.41712       0.641712        15.0300       0.324239E+09    131091.        258794.        889020.        236.043       -90.9784       -35.9306               0           1        2760
         153    10.2004        8.96837        9.07468       -92.5891        125.990        283.118       0.415043E+09    5.37218       0.537218        13.2300       0.386343E+09   0.286869E+08    13318.3        189388.        13.7972       -114.371       -76.4396               0           1        2672
         154    10.8063        9.07734        9.54749       -105.556        79.5210        92.8500       0.193206E+09    5.33614       0.533614        13.3300       0.191467E+09   0.169936E+07    38922.1        496859.        264.852       -69.2220        119.459               0           1        2667
         155    9.97593        9.38452        9.53378       -62.9004        93.0747        104.494       0.160295E+09    4.94253       0.494253        12.1100       0.160207E+09    31810.8        55633.4        205113.       -79.2032        58.0517        113.779               0           1        2651
         156    10.2460        9.42625        9.66874       -67.5230        224.532        46.4119       0.280393E+09    6.04340       0.604340        13.9100       0.278846E+09   0.154700E+07    0.00000        0.00000        32.6989        75.3416        169.697               1           1        2650
         157    9.92603        9.53990        9.54870        31.7019        198.393        112.211       0.177615E+09    5.07801       0.507801        13.6400       0.173925E+09   0.353231E+07    157238.       0.102218E+07   -99.8782        122.430        119.961               0           1        2633
         158    9.82144        8.67298        9.91542       -5.29895        220.248        80.1983       0.210114E+09    5.55615       0.555615        13.2900       0.209924E+09    165431.        25012.3        332342.       -143.213       -236.760        271.904               0           1        2594
         159    9.73005        8.49233        9.68449        15.3093        204.310        72.4718       0.226896E+09    5.68376       0.568376        12.7400       0.225388E+09   0.150800E+07    0.00000        0.00000       -181.078       -311.609        176.222               1           1        2587
         160    10.1620        9.18638        9.27733       -198.487        245.600        107.462       0.297656E+09    4.44740       0.444740        12.1200       0.294725E+09   0.219720E+07    734055.       0.251500E+07   -2.11722       -24.0435        7.52422               0           0        2568
         161    10.0814        9.31788        9.30914       -69.9650        197.830        62.5428       0.202868E+10    3.97300       0.397300        13.8500       0.185634E+10   0.768542E+08   0.954864E+08   0.109847E+09   -35.5163        30.4408        20.7040               0           0        2556
         162    10.6511        9.75504        9.31505       -133.879        78.8648        144.394       0.200347E+09    5.41652       0.541652        12.5800       0.199947E+09    399291.        0.00000        0.00000        200.535        211.569        23.1527               1           1        2538
         163    10.9014        9.02778        9.73487       -80.2592        136.423        98.5641       0.193179E+09    5.41030       0.541030        13.2600       0.192631E+09    352914.        194386.        870000.        304.234       -89.7561        197.096               0           1        2536
         164    9.84736        9.74223        9.20600       -51.1870        88.3108        220.506       0.182876E+09    5.29056       0.529056        12.8200       0.182821E+09    54778.0        0.00000        0.00000       -132.473        206.261       -22.0299               1           1        2524
         165    10.0033        9.66494        9.65151       -58.2898        153.493        141.941       0.168440E+09    4.94584       0.494584        12.6000       0.161288E+09   0.713459E+07    17623.5        42703.1       -67.8754        174.238        162.558               0           1        2504
         166    10.9269        9.85016        8.77730       -95.7071        77.0769        144.040       0.270460E+09    6.01895       0.601895        14.5000       0.269867E+09    592912.        0.00000        0.00000        314.820        250.980       -199.653               1           1        2472
         167    9.91074        9.04922        9.29482        43.9509        219.472        74.7914       0.226125E+09    5.09873       0.509873        12.9100       0.224723E+09   0.137569E+07    27217.6        99997.7       -106.213       -80.8729        14.7708               0           1        2464
         168    10.4250        9.85180        9.32568       -129.178        104.613        175.767       0.195419E+09    5.17082       0.517082        12.4200       0.191800E+09   0.361916E+07    0.00000        0.00000        106.872        251.659        27.5570               1           1        2457
         169    9.49264        9.05143        9.55283        83.0456        190.474        155.902       0.170916E+09    5.06972       0.506972        12.3200       0.170184E+09    732365.        0.00000        0.00000       -279.444       -79.9572        121.672               1           1        2451
         170    10.1818        9.10803        9.99665       -31.9778        237.200        81.8556       0.295731E+09    6.16479       0.616479        15.4600       0.295224E+09    506621.        0.00000        0.00000        6.09893       -56.5062        305.559               1           1        2429
         171    10.5867        9.12309        9.45766       -109.945        104.776        83.7751       0.196823E+09    5.38834       0.538834        13.0000       0.195292E+09   0.151807E+07    13420.2        49552.4        173.861       -50.2664        82.2402               0           1        2391
         172    10.1782        9.70243        8.58825       -48.7822        99.6771        199.418       0.292037E+09    6.14739       0.614739        14.6100       0.289321E+09   0.271562E+07    0.00000        0.00000        4.61977        189.771       -277.982               1           1        2377
         173    9.54623        9.67030        8.95895        38.0707        114.311        246.542       0.157261E+09    5.03409       0.503409        12.8100       0.157048E+09    134986.        77431.6       0.104476E+07   -257.240        176.459       -124.390               0           1        2377
         174    10.1280        9.16060        9.32113        23.1209        147.595        312.982       0.127958E+09    4.08238       0.408238        10.1400       0.127867E+09    67182.1        24596.3        99739.4       -16.2168       -34.7249        25.6718               0           0        2365
         175    9.93055        9.52320        9.60231       -64.0478        107.323        154.144       0.110596E+09    4.30777       0.430777        11.1100       0.110241E+09    355032.        0.00000        0.00000       -98.0054        115.511        142.173               1           1        2350
         176    9.92386        9.86031        8.98807       -48.9770        109.688        210.940       0.107824E+10    5.53543       0.553543        17.6600       0.100373E+10   0.717520E+08   0.276100E+07   0.864047E+07   -100.777        255.185       -112.325               0           1        2347
         177    9.93832        8.76491        8.70722        61.4282        158.574        162.671       0.195784E+09    5.32785       0.532785        12.0500       0.195125E+09    658114.        0.00000        0.00000       -94.7861       -198.671       -228.689               1           1        2335
         178    10.1304        9.41491        9.32889       -39.6868        95.0065        11.7321       0.185767E+09    4.73868       0.473868        11.5400       0.185149E+09    618009.        0.00000        0.00000       -15.2017        70.6431        28.8870               1           1        2310
         179    10.9562        9.14535        9.58960       -69.6400        135.035        89.3386       0.239086E+09    5.13229       0.513229        12.6500       0.239022E+09    63605.7        0.00000        0.00000        326.943       -41.0435        136.907               1           1        2268
         180    9.37233        9.77400        8.97539        74.6969        105.080        216.568       0.249234E+09    5.89838       0.589838        14.3000       0.249082E+09    2441.44        149260.        737289.       -329.292        219.425       -117.578               0           1        2267
         181    10.1295        8.77556        8.80492        38.7804        127.744        202.992       0.177751E+09    5.10287       0.510287        11.9700       0.174424E+09   0.332725E+07    0.00000        0.00000       -15.5829       -194.258       -188.209               1           1        2265
         182    10.0796        9.64050        9.91438       -135.979        166.637        131.466       0.173645E+09    5.23960       0.523960        12.4400       0.173343E+09    78225.5        223515.       0.100727E+07   -36.2579        164.112        271.473               0           1        2251
         183    9.47863        9.07738        9.52263        75.8381        207.788        126.315       0.171927E+09    5.11903       0.511903        13.3800       0.170517E+09   0.126806E+07    142046.       0.133538E+07   -285.249       -69.2054        109.159               0           1        2249
         184    9.77174        9.03457        9.34515        63.8219        242.704        127.361       0.166086E+09    5.07635       0.507635        12.0700       0.162036E+09   0.403962E+07    9503.83        61427.0       -163.805       -86.9428        35.6240               0           1        2247
         185    10.1343        9.18166        9.20469       -58.1407        265.724        254.901       0.277289E+09    4.91311       0.491311        13.6700       0.233286E+09   0.437351E+08    267783.       0.132377E+07   -13.5734       -25.9992       -22.5727               0           0        2221
         186    10.5585        9.95672        9.65955       -149.146        93.7777        157.834       0.218333E+09    5.58432       0.558432        13.0500       0.217490E+09    843086.        0.00000        0.00000        162.152        295.131        165.889               1           1        2215
         187    9.87061        9.90136        9.12961        19.3550        130.700        231.317       0.174711E+09    5.11944       0.511944        11.6600       0.172346E+09   0.236493E+07    0.00000        0.00000       -122.840        272.194       -53.6805               1           1        2192
         188    9.60546        8.83663        8.92735        55.8376        157.296        124.234       0.202024E+09    5.36804       0.536804        12.3700       0.200114E+09   0.190993E+07    0.00000        0.00000       -232.700       -168.955       -137.483               1           1        2166
         189    9.58992        9.31051        9.82970        44.1314        217.191        125.144       0.198833E+09    5.41652       0.541652        13.3200       0.197453E+09   0.138007E+07    0.00000        0.00000       -239.138        27.3872        236.387               1           1        2162
         190    9.90548        9.86981        9.10020        20.7601        142.833        234.728       0.146357E+09    4.85510       0.485510        11.7700       0.145076E+09   0.128073E+07    0.00000        0.00000       -108.393        259.121       -65.8659               1           1        2148
         191    10.2798        9.57308        10.0710       -141.494        145.736        139.492       0.181173E+09    5.27192       0.527192        12.2400       0.181158E+09    14664.0        0.00000        0.00000        46.7198        136.178        336.386               1           1        2141
         192    9.90513        9.08350        9.27785        65.4100        245.407        126.785       0.452197E+09    4.44450       0.444450        12.3900       0.433483E+09   0.185374E+08    177240.        907848.       -108.538       -66.6697        7.73967               0           1        2133
         193    10.8504        9.02712        9.35033        12.4411        131.897        59.5812       0.389248E+09    5.04155       0.504155        14.5600       0.354751E+09   0.343391E+08    158478.        675597.        283.099       -90.0296        37.7702               0           1        2090
         195    9.75006        8.71997        9.76842       -2.40010        218.693        74.8245       0.152474E+09    5.00675       0.500675        12.1300       0.152143E+09    331023.        0.00000        0.00000       -172.788       -217.291        210.997               1           1        2052
         196    10.8140        9.09678        9.33982       -35.4883        144.845        142.934       0.144222E+09    4.39354       0.439354        12.2300       0.143912E+09    309671.        0.00000        0.00000        268.042       -61.1674        33.4156               1           1        2050
         197    10.8856        9.02017        9.32149       -138.976        198.995        57.0717       0.547589E+09    5.64978       0.564978        15.1600       0.533082E+09   0.144647E+08    41917.0       0.107180E+07    297.696       -92.9092        25.8210               0           1        2032
         198    10.2323        8.85841        8.92091       -93.3885        224.460        111.792       0.162010E+09    4.83894       0.483894        12.3600       0.157298E+09   0.469003E+07    22205.0        103902.        27.0184       -159.931       -140.151               0           1        2025
         199    9.86922        9.92533        9.14455        31.3993        131.648        229.490       0.115962E+09    4.41467       0.441467        10.9000       0.114897E+09   0.106468E+07    0.00000        0.00000       -123.416        282.125       -47.4904               1           1        2012
         200    10.2079        9.06435        9.07187       -25.8149        187.813        220.446       0.145268E+09    4.21828       0.421828        9.51000       0.140753E+09   0.392091E+07    593913.       0.133958E+07    16.8881       -74.6041       -77.6039               0           1        1997
         201    10.9580        9.11855        9.68139       -89.9228        157.419        86.3893       0.166840E+09    5.04238       0.504238        11.6900       0.163949E+09   0.289140E+07    0.00000        0.00000        327.714       -52.1475        174.938               1           1        1986
         203    9.91979        9.06152        9.00931        68.6401        123.915        220.566       0.182567E+09    5.29056       0.529056        12.3900       0.181408E+09   0.115922E+07    0.00000        0.00000       -102.464       -75.7767       -103.524               1           1        1969
         204    10.2885        9.41808        9.49581       -92.5980        210.663        27.5490       0.139520E+09    4.78840       0.478840        11.8400       0.138675E+09    844970.        0.00000        0.00000        50.3120        71.9566        98.0469               1           1        1965
         205    10.9002        9.07235        9.53324       -77.1323        160.362        64.1816       0.150932E+09    4.89239       0.489239        11.9000       0.147072E+09   0.376961E+07    90443.9        756857.        303.728       -71.2895        113.555               0           1        1958
         206    9.35961        9.16681        9.47995        76.6550        173.582        159.985       0.189424E+09    5.28890       0.528890        13.0000       0.188724E+09    700085.        0.00000        0.00000       -334.563       -32.1519        91.4756               1           1        1932
         207    9.71577        9.31593        9.00311        44.9970        119.144        212.891       0.133741E+09    4.70553       0.470553        10.7700       0.132689E+09   0.105209E+07    0.00000        0.00000       -186.995        29.6328       -106.093               1           1        1913
         208    9.87463        9.77028        9.72221        24.4727        238.705        115.524       0.144760E+09    4.68026       0.468026        12.3600       0.141418E+09   0.325985E+07    82327.9        631338.       -121.175        217.883        191.851               0           1        1893
         209    10.2569        9.33263        9.33291        1.27995        262.064        171.397       0.152431E+09    3.96844       0.396844        9.61000       0.145159E+09   0.727213E+07    0.00000        0.00000        37.2275        36.5521        30.5526               1           1        1881
         210    9.88721        9.47014        9.43234        54.7434        207.894        110.495       0.148035E+09    4.85303       0.485303        10.8700       0.143580E+09   0.445481E+07    0.00000        0.00000       -115.962        93.5265        71.7494               1           1        1881
         211    9.96447        9.83153        8.74096       -38.6687        90.2853        227.448       0.149493E+09    4.95827       0.495827        12.3600       0.148069E+09   0.136343E+07    60342.9        808395.       -83.9514        243.261       -214.710               0           1        1878
         212    10.4772        10.0181        9.12691       -67.4550        74.6080        188.060       0.138926E+09    4.78094       0.478094        11.7400       0.137511E+09   0.141525E+07    0.00000        0.00000        128.471        320.562       -54.7992               1           1        1875
         213    9.97404        9.48743        9.38521        70.6727        185.035        106.546       0.129873E+09    4.63841       0.463841        11.9300       0.126620E+09   0.325358E+07    0.00000        0.00000       -79.9863        100.690        52.2221               1           1        1874
         214    10.4494        9.06958        9.25794       -122.274        115.396        181.315       0.141012E+09    4.84682       0.484682        11.6600       0.140587E+09    425509.        0.00000        0.00000        116.965       -72.4372      -0.509625               1           1        1868
         215    9.27550        8.84752        9.44552        57.6687        212.878        140.200       0.274771E+09    5.83292       0.583292        13.8300       0.272943E+09   0.182843E+07    0.00000        0.00000       -369.412       -164.443        77.2102               1           1        1867
         216    10.1280        8.85490        8.88080        34.4030        149.875        221.393       0.141484E+09    4.77762       0.477762        12.3200       0.136846E+09   0.455740E+07    81255.2        639705.       -16.1837       -161.385       -156.770               0           1        1851
         217    9.32362        9.13017        9.45073        84.1276        173.160        168.458       0.128327E+09    4.69020       0.469020        10.8200       0.128033E+09    294473.        0.00000        0.00000       -349.474       -47.3330        79.3689               1           1        1840
         218    10.1560        9.65313        10.0422       -144.752        157.068        143.968       0.149238E+09    4.95164       0.495164        11.8400       0.149233E+09    4530.01        0.00000        0.00000       -4.59077        169.345        324.449               1           1        1836
         219    10.2217        8.85444        8.94962       -53.8220        180.908        219.370       0.146400E+09    4.57460       0.457460        11.1900       0.144827E+09   0.155867E+07    14922.6        44789.5        22.6182       -161.576       -128.256               0           1        1834
         220    10.1313        9.36444        9.29723       -86.7763       -6.60138        74.0794       0.234454E+09    4.43373       0.443373        13.5200       0.233036E+09   0.104798E+07    369585.       0.150431E+07   -14.8496        49.7319        15.7694               0           1        1834
         221    10.0780        8.89789        8.87578        74.6871        134.474        221.854       0.189117E+09    5.29843       0.529843        12.7600       0.187227E+09   0.188989E+07    0.00000        0.00000       -36.9292       -143.573       -158.850               1           1        1833
         222    9.55430        8.77009        8.88731        61.8970        141.263        126.972       0.166652E+09    4.62474       0.462474        11.9500       0.165778E+09    828680.        46128.3        393381.       -253.897       -196.525       -154.072               0           1        1826
         223    10.6315        9.96075        8.99001       -111.206        72.9881        165.481       0.132160E+09    4.72583       0.472583        10.8600       0.131275E+09    885122.        0.00000        0.00000        192.431        296.801       -111.521               1           1        1824
         225    10.2340        9.23693        9.25761       -101.023        90.3742        70.3406       0.203883E+09    4.41509       0.441509        11.0800       0.199615E+09   0.424034E+07    28131.0        696573.        27.7062       -3.09918      -0.646354               0           0        1788
         226    9.63240        9.27890        9.67205        63.8148        237.638        178.995       0.206207E+09    4.32932       0.432932        10.8500       0.204936E+09   0.126784E+07    3583.57        7074.68       -221.538        14.2902        171.068               0           1        1781
         227    10.4503        8.79263        8.69868       -40.3720        141.329        171.575       0.128239E+09    4.51411       0.451411        11.2500       0.125456E+09   0.278298E+07    0.00000        0.00000        117.338       -187.186       -232.227               1           1        1769
         228    10.1415        9.83181        8.63929       -31.2015        62.6816        219.179       0.126921E+09    4.59863       0.459863        11.3800       0.124624E+09   0.219540E+07    101522.        291568.       -10.6234        243.377       -256.834               0           1        1763
         229    9.96539        9.67904        9.48769        30.6197        183.781        112.554       0.128605E+09    4.67777       0.467777        11.9300       0.128366E+09    196010.        43418.7        150375.       -83.5702        180.080        94.6825               0           1        1752
         230    10.0110        9.41793        9.25194       -70.1272        33.9616        248.974       0.106235E+09    4.36744       0.436744        10.7400       0.106001E+09    234085.        0.00000        0.00000       -64.6519        71.8944       -2.99560               1           1        1749
         231    9.56734        8.97139        8.75399        56.5647        147.283        154.039       0.135351E+09    4.78011       0.478011        11.1200       0.135266E+09    73662.4        11036.5        294502.       -248.494       -113.120       -209.311               0           1        1741
         232    10.4345        8.80737        8.72216       -40.6309        142.593        165.795       0.137388E+09    4.65747       0.465747        11.9600       0.133520E+09   0.385169E+07    16356.5        139958.        110.783       -181.078       -222.499               0           1        1734
         233    10.7854        9.12136        9.63421       -115.249        81.6609        105.672       0.121641E+09    4.59822       0.459822        11.5200       0.119885E+09   0.175612E+07    0.00000        0.00000        256.188       -50.9832        155.390               1           1        1718
         234    9.94413        9.57521        9.51548       -81.6876        140.559        81.6760       0.135510E+09    4.77804       0.477804        12.8400       0.134019E+09   0.123516E+07    256061.       0.272403E+07   -92.3788        137.060        106.197               0           1        1706
         235    10.7727        9.17242        9.70941       -74.3639        146.931        90.1318       0.124589E+09    4.58123       0.458123        10.6800       0.120800E+09   0.378956E+07    0.00000        0.00000        250.905       -29.8276        186.548               1           1        1679
         236    9.90845        9.84102        9.31163       -18.5409        90.8674        221.720       0.166625E+09    4.80787       0.480787        10.8100       0.165528E+09   0.109715E+07    0.00000        0.00000       -107.162        247.193        21.7357               1           1        1675
         237    10.0469        9.68668        9.26207       -18.5661        104.897        227.128       0.121386E+09    4.59698       0.459698        11.5000       0.121299E+09    86970.4        0.00000        0.00000       -49.8024        183.245        1.20155               1           1        1661
         238    10.6065        9.07427        9.35824       -97.5381        89.7208        155.657       0.128370E+09    4.40721       0.440721        10.5700       0.125456E+09   0.291430E+07    0.00000        0.00000        182.052       -70.4940        41.0476               1           1        1653
         239    10.3067        9.90679        8.55854       -74.3740        62.6477        181.915       0.275312E+09    6.02434       0.602434        15.0900       0.274273E+09   0.103910E+07    0.00000        0.00000        57.8321        274.443       -290.291               1           1        1648
         240    10.8414        9.00125        9.27299       -85.1468        66.6835        212.785       0.139453E+09    4.55596       0.455596        10.4300       0.138841E+09    611940.        0.00000        0.00000        279.378       -100.748        5.72603               1           1        1646
         241    10.6136        10.0985        8.86907       -68.6484        60.1557        191.359       0.147118E+09    4.94294       0.494294        11.5300       0.146905E+09    212269.        0.00000        0.00000        184.990        353.887       -161.630               1           1        1644
         242    11.0755        9.57772        9.17583       -109.050        68.1995        133.905       0.120097E+09    4.63136       0.463136        12.2100       0.119885E+09    5.90402        211716.       0.115668E+07    376.360        138.100       -34.5302               0           1        1640
         243    10.1031        9.65481        8.99239       -44.6114        103.348        227.129       0.116007E+09    4.54684       0.454684        10.3600       0.115479E+09    528330.        0.00000        0.00000       -26.4964        170.041       -110.535               1           1        1630
         244    10.9787        8.88940        9.32900       -77.4241        200.102        104.777       0.162789E+09    4.67073       0.467073        10.8700       0.159542E+09   0.324635E+07    0.00000        0.00000        336.253       -147.091        28.9326               1           1        1628
         245    9.81194        10.0455        9.93957       -126.133        224.244        177.113       0.122665E+09    4.08279       0.408279        10.7800       0.118472E+09   0.416253E+07    29996.2        173218.       -147.149        331.923        281.910               0           1        1626
         246    9.81265        8.53403        9.55870        2.20523        213.191        102.448       0.169292E+09    4.44865       0.444865        10.4800       0.168604E+09    687399.        0.00000        0.00000       -146.855       -294.331        124.104               1           1        1621
         247    9.90413        9.05646        9.26844        29.9621        248.783        115.040       0.412441E+09    4.64048       0.464048        13.5100       0.393909E+09   0.183034E+08    229380.       0.216822E+07   -108.952       -77.8732        3.84083               0           1        1620
         248    10.7679        9.76220        9.07920       -119.098        68.4003        150.375       0.116341E+09    4.47516       0.447516        10.5300       0.115978E+09    363340.        0.00000        0.00000        248.929        214.536       -74.5668               1           1        1609
         249    10.7108        9.57024        9.24828       -119.980        73.5596        145.646       0.128420E+09    4.69144       0.469144        11.2300       0.128365E+09    55019.4        0.00000        0.00000        225.283        135.001       -4.51204               1           1        1607
         250    9.87488        9.82635        9.70604        17.4768        221.330        148.092       0.332182E+09    4.85013       0.485013        12.9400       0.305782E+09   0.263740E+08    25441.0        133769.       -121.071        241.115        185.151               0           1        1597
         251    10.6300        9.01416        9.18679       -57.9811        190.019        123.242       0.127861E+09    4.67611       0.467611        10.5900       0.127451E+09    410293.        0.00000        0.00000        191.793       -95.3993       -29.9891               1           1        1581
         252    9.50810        9.71923        9.07553        92.3277        142.946        232.766       0.212584E+09    5.02001       0.502000        12.8600       0.204686E+09   0.789728E+07    0.00000        0.00000       -273.039        196.732       -76.0874               1           1        1564
         253    10.4174        9.91090        8.81146       -76.5411        68.7234        186.725       0.116921E+09    4.55389       0.455389        11.0200       0.116892E+09    28973.1        0.00000        0.00000        103.715        276.146       -185.499               1           1        1562
         254    10.7488        9.23092        9.74516       -126.000        88.1509        113.562       0.130096E+09    4.72044       0.472045        11.7500       0.129945E+09    88285.3        62685.0        261012.        241.040       -5.58930        201.360               0           1        1551
         255    10.5757        9.92115        9.71457       -155.737        103.139        148.811       0.145946E+09    4.94294       0.494294        11.2000       0.145492E+09    454193.        0.00000        0.00000        169.291        280.393        188.686               1           1        1527
         256    9.55882        9.26453        8.82894        33.0741        128.628        178.275       0.166784E+09    4.39354       0.439354        10.4900       0.163865E+09   0.291857E+07    0.00000        0.00000       -252.024        8.33630       -178.257               1           1        1521
         257    9.85985        9.94521        9.15415       -16.4312        80.6813        213.188       0.228127E+09    5.37053       0.537053        12.5100       0.225970E+09   0.215738E+07    0.00000        0.00000       -127.299        290.362       -43.5129               1           1        1502
         258    9.42611        9.34649        8.76956        47.2799        114.398        179.667       0.151426E+09    4.96573       0.496573        13.5800       0.150148E+09   0.123260E+07    45840.3        903301.       -307.010        42.2947       -202.860               0           1        1491
         259    10.2655        9.85922        8.58311       -62.9991        56.0164        177.004       0.201865E+09    5.48737       0.548737        12.9000       0.200945E+09    919789.        0.00000        0.00000        40.7824        254.734       -280.111               1           1        1447
         260    9.93888        9.65199        9.52338       -34.8802        80.6780        235.046       0.134645E+09    4.69559       0.469559        11.4300       0.128947E+09   0.561397E+07    83489.9        313531.       -94.5541        168.872        109.470               0           1        1439
         261    9.51269        9.72349        9.05704        82.1141        114.194        201.368       0.157185E+09    4.51535       0.451535        10.1600       0.151228E+09   0.595609E+07    0.00000        0.00000       -271.137        198.497       -83.7484               1           1        1433
         262    10.3035        9.89892        8.62250       -73.1478        49.8748        174.184       0.132406E+09    4.76934       0.476934        11.0900       0.131940E+09    465671.        0.00000        0.00000        56.5104        271.183       -263.791               1           1        1386
         263    9.41241        9.86391        9.34257        82.3981        146.895        215.637       0.121205E+09    4.65622       0.465622        11.7100       0.121132E+09    1458.51        71022.5        474206.       -312.686        256.677        34.5551               0           1        1373
         264    10.8166        9.22399        9.20076       -106.927        58.8092        154.179       0.174998E+09    5.16916       0.516916        12.8100       0.173177E+09   0.182050E+07    0.00000        0.00000        269.115       -8.46060       -24.2010               1           1        1360
         266    9.95247        9.88230        9.06830       -24.0247        63.0123        188.952       0.108026E+09    3.70203       0.370203        9.30000       0.107248E+09    778075.        0.00000        0.00000       -88.9233        264.296       -79.0830               1           1        1317
         267    9.80798        8.43646        9.55807        1.89412        213.450        79.7893       0.115618E+09    4.50831       0.450831        10.2500       0.115146E+09    471204.        0.00000        0.00000       -148.790       -334.757        123.843               1           1        1261
         268    9.72557        8.44594        9.69878        3.40138        218.901        65.9174       0.105843E+09    4.37987       0.437987        10.1400       0.105419E+09    423984.        0.00000        0.00000       -182.935       -330.829        182.143               1           1        1238
         269    10.3986        8.99983        9.04178       -91.7645        204.560        99.3943       0.123863E+09    4.56632       0.456632        10.5800       0.121382E+09   0.248164E+07    0.00000        0.00000        95.9421       -101.337       -90.0710               1           1        1227
         270    10.7323        9.87406        9.00175       -113.188        68.0910        154.850       0.121204E+09    4.61728       0.461728        10.5000       0.120883E+09    321050.        0.00000        0.00000        234.191        260.882       -106.657               1           1        1209
         272    9.80270        10.0588        9.09077        7.59998        147.654        239.313       0.319451E+09    5.27109       0.527109        12.8400       0.270033E+09   0.494162E+08    1588.79        52791.9       -150.977        337.442       -69.7730               0           1        1175
         274    10.0117        9.60731        9.46570        25.5543        174.377        122.940       0.469099E+09    4.44699       0.444699        11.5900       0.468816E+09    176367.        106457.        975875.       -64.3785        150.360        85.5714               0           1        1134
         276    9.77276        10.0983        9.08944        24.5465        55.5496        165.009       0.120017E+10    6.13123       0.613123        16.1100       0.113800E+10   0.616010E+08    573429.       0.116603E+07   -163.382        353.792       -70.3241               0           1        1115
         280    9.60357        9.24428        9.79426       -1.95697        258.064        77.4853       0.115408E+09    4.53648       0.453648        11.6500       0.114315E+09   0.109256E+07    0.00000        0.00000       -233.483      -0.538628E-01    221.703               1           1        1031
         285    10.2850        8.26034        8.69689       -40.5928        153.107        51.0646       0.108743E+09    4.34713       0.434714        10.0100       0.106999E+09   0.174367E+07    0.00000        0.00000        48.8411       -407.729       -232.969               1           1         886
