#          i      x              y              z              v_x            v_y            v_z            Mvir           Rvir     Rs (Rockstar)       v_max           Mdm           Mgas           Mstars    Avg age of stars     xc             yc             zc      flag DM only  flag outside Rvir  Np bound
# (h^-1 comoving Mpc) (h^-1 comoving Mpc) (h^-1 comoving Mpc) (km/s)         (km/s)         (km/s)         (Msun)         (kpc)         (kpc)           (km/s)         (Msun)         (Msun)         (Msun)         (yrs)          (kpc)          (kpc)          (kpc)
           1    10.4348        8.76777        9.02966       -72.2617        119.688        71.4980       0.286489E+11    16.3835        1.63835        84.5900       0.261386E+11   0.217630E+10   0.334045E+09   0.512024E+10    0.00000        0.00000        0.00000               0           0      246214
           2    10.2352        8.62715        8.76956        28.1483        155.180        67.6902       0.326357E+11    16.6857        1.66857        89.2700       0.279841E+11   0.433871E+10   0.312897E+09   0.192146E+10   -48.4957       -34.1674       -63.1982               0           1      143755
           3    10.2090        8.67236        8.64693       -26.6476        56.4511        148.767       0.111075E+11    11.9746        1.19746        62.1400       0.104514E+11   0.605063E+09   0.510239E+08   0.140708E+10   -54.8520       -23.1824       -92.9945               0           1       83180
           4    9.66483        9.84707        7.99877        11.6846        37.5621        181.809       0.817548E+10    10.7930        1.07930        55.9400       0.763398E+10   0.478972E+09   0.625342E+08   0.662893E+09   -187.075        262.245       -250.482               0           1       62542
           5    10.1510        8.44772        8.56470        4.51283        127.911        160.270       0.119318E+11    12.0036        1.20036        59.8100       0.106554E+11   0.122025E+10   0.560638E+08   0.913887E+09   -68.9495       -77.7647       -112.974               0           1       61856
           6    9.89521        8.53867        8.39990        72.6360        113.130        127.208       0.813495E+10    10.6856        1.06856        56.2500       0.741877E+10   0.685118E+09   0.310563E+08   0.598234E+09   -131.098       -55.6660       -153.017               0           1       57039
           7    10.1891        8.18643        8.31499        18.6952        130.619        140.489       0.589972E+10    9.73293       0.973294        48.2100       0.553123E+10   0.341608E+09   0.268888E+08   0.616077E+09   -59.6969       -141.252       -173.648               0           1       49755
           9    10.1369        8.49147        8.63726        83.6539        132.015        78.7183       0.526715E+10    8.69882       0.869882        42.9000       0.490367E+10   0.342345E+09   0.211370E+08   0.262844E+09   -72.3730       -67.1345       -95.3441               0           1       39703
          10    10.4466        8.62776        8.16769       -25.7368        63.1123        125.396       0.452660E+10    8.78654       0.878654        46.1000       0.401989E+10   0.483592E+09   0.231230E+08   0.311102E+09    2.88656       -34.0192       -209.439               0           1       38404
          11    10.1769        8.38008        8.53342        12.3642        178.945        106.409       0.313920E+10    7.58429       0.758429        37.7700       0.288311E+10   0.230057E+09   0.260301E+08   0.310266E+09   -62.6540       -94.1996       -120.575               0           1       36591
          12    10.8362        8.49604        9.02369       -64.5268        137.785        71.1340       0.311200E+10    7.72789       0.772789        38.9300       0.277594E+10   0.318532E+09   0.175325E+08   0.436956E+09    97.5503       -66.0241       -1.45057               0           1       33420
          13    11.0871        8.36708        9.01790       -41.5890        119.833        72.0141       0.419845E+10    8.62399       0.862399        42.3400       0.392235E+10   0.260065E+09   0.160308E+08   0.317333E+09    158.496       -97.3583       -2.85741               0           1       30904
          14    10.2348        8.61910        8.75216       -72.0835        181.662        25.2229       0.142158E+11    6.51738       0.651738        35.4500       0.123687E+11   0.155931E+10   0.287790E+09   0.156279E+10   -48.5832       -36.1233       -67.4260               0           1       30821
          15    10.2169        8.08562        8.37816        12.9145        139.857        93.1782       0.219862E+10    7.08376       0.708376        36.2600       0.210541E+10   0.787508E+08   0.144635E+08   0.508617E+09   -52.9470       -165.747       -158.299               0           1       30414
          17    10.3720        8.86805        9.04680        20.2447        100.489        19.2376       0.207804E+10    6.82984       0.682984        35.1400       0.199600E+10   0.712937E+08   0.107456E+08   0.224630E+09   -15.2541        24.3657        4.16462               0           1       25997
          18    10.2525        7.88152        8.36224      -0.948753        131.415        90.2924       0.268473E+10    7.32916       0.732916        36.1800       0.248835E+10   0.186880E+09   0.949487E+07   0.235249E+09   -44.2825       -215.338       -162.167               0           1       25458
          19    10.0010        8.68404        8.81896        41.1714        98.7202        71.6036       0.274136E+10    7.40497       0.740497        37.6200       0.256942E+10   0.166126E+09   0.581145E+07   0.150591E+09   -105.389       -20.3444       -51.1952               0           1       23009
          20    10.2186        8.62848        8.70106       -50.8737        52.6134        128.796       0.187627E+10    5.88515       0.588515        30.0900       0.170609E+10   0.163332E+09   0.684725E+07   0.276555E+09   -52.5218       -33.8442       -79.8421               0           1       22684
          21    10.7928        8.55216        9.00103       -71.4677        113.483        49.5432       0.210110E+10    6.70495       0.670495        33.8500       0.185907E+10   0.236056E+09   0.598002E+07   0.220275E+09    86.9905       -52.3882       -6.95642               0           1       22193
          22    10.4855        8.54241        8.35645       -66.5600        76.7169        111.866       0.216246E+10    6.93505       0.693505        34.0100       0.204223E+10   0.114710E+09   0.552344E+07   0.147468E+09    12.3311       -54.7572       -163.574               0           1       22146
          23    10.1574        8.46445        8.59743        12.3144        150.606        81.7044       0.392982E+10    6.56306       0.656306        33.9400       0.324179E+10   0.675022E+09   0.130111E+08   0.116046E+09   -67.3847       -73.6997       -105.022               0           1       21580
          24    10.1787        8.49772        8.62878       -27.4955        190.182        36.4686       0.303810E+10    6.47413       0.647413        31.7700       0.245237E+10   0.578440E+09   0.729433E+07   0.837017E+08   -62.2190       -65.6159       -97.4045               0           1       21479
          25    10.0061        8.64866        8.54045        37.8497        65.9108        145.517       0.171310E+10    6.48628       0.648627        33.4500       0.164224E+10   0.611190E+08   0.974711E+07   0.164642E+09   -104.152       -28.9410       -118.867               0           1       19036
          26    10.2586        8.12072        8.53425       -15.3089        155.492        43.1195       0.145244E+10    6.09775       0.609775        31.8300       0.137860E+10   0.672165E+08   0.662131E+07   0.128162E+09   -42.8052       -157.218       -120.373               0           1       18645
          27    10.2104        8.60815        8.75662       -39.6434        89.5350       -17.5944       0.379580E+10    5.01724       0.501724        29.4600       0.355299E+10   0.194476E+09   0.483377E+08   0.210431E+09   -54.5094       -38.7839       -66.3424               0           1       16345
          28    10.1334        9.53757        7.98710       -41.6630        66.1737        143.059       0.209914E+10    6.75282       0.675282        37.0100       0.187702E+10   0.214756E+09   0.736343E+07   0.116894E+09   -73.2259        187.043       -253.318               0           1       15588
          29    10.4311        8.79368        9.00584        40.5317        70.8113        116.080       0.163674E+10    4.82212       0.482212        24.8300       0.153533E+10   0.944123E+08   0.699784E+07   0.675437E+08  -0.891724        6.29553       -5.78770               0           0       14923
          30    10.0968        9.05577        8.71409       -28.4248        68.8158        150.082       0.115878E+10    5.59941       0.559941        28.1700       0.106425E+10   0.911084E+08   0.341616E+07   0.405081E+08   -82.1140        69.9773       -76.6762               0           1       12377
          31    10.4400        8.74553        9.00150       -89.9184        86.5297        14.2977       0.267166E+10    4.92612       0.492612        28.8000       0.249693E+10   0.164366E+09   0.103696E+08   0.274829E+09    1.28292       -5.40380       -6.84222               0           0       11786
          32    10.1673        8.44984        8.56948       -10.6732        40.0150        200.887       0.341792E+10    4.91348       0.491348        26.4200       0.298290E+10   0.397403E+09   0.376172E+08   0.648947E+09   -64.9963       -77.2496       -111.813               0           1       11263
          33    10.2438        8.62993        8.72965       -18.1142        38.4623        27.0653       0.289618E+10    4.75069       0.475069        24.0500       0.247424E+10   0.412123E+09   0.982037E+07   0.867130E+08   -46.3988       -33.4919       -72.8954               0           1       10766
          34    10.8589        9.60820        8.56855       -79.6912        52.3318        135.099       0.106061E+10    5.55154       0.555154        28.9400       0.101320E+10   0.454175E+08   0.199153E+07   0.488334E+08    103.063        204.205       -112.039               0           1       10660
          35    10.1940        8.65522        8.67038        62.4555        83.0260        105.814       0.151766E+10    4.95212       0.495212        25.2500       0.144521E+10   0.704220E+08   0.203638E+07   0.225695E+08   -58.5039       -27.3470       -87.2967               0           1        9799
          36    10.1371        9.00024        8.66006       -32.7311        54.4459        160.349       0.935858E+09    5.08235       0.508235        25.0000       0.830800E+09   0.102796E+09   0.226186E+07   0.526591E+08   -72.3293        56.4848       -89.8042               0           1        9756
          37    10.2636        8.03692        8.52302       -12.4398        144.735        42.6178       0.853343E+09    4.95236       0.495236        24.2900       0.761879E+09   0.897820E+08   0.168233E+07   0.273463E+08   -41.5806       -177.580       -123.102               0           1        9605
          38    9.74455        8.69073        9.14809        19.3031        151.730        70.9737       0.823517E+09    5.04275       0.504275        24.8700       0.773517E+09   0.486661E+08   0.133396E+07   0.440547E+08   -167.705       -18.7189        28.7757               0           1        9410
          39    9.21656        9.25266        8.19897        64.3770        76.5857        151.361       0.106492E+10    5.54377       0.554377        28.7900       0.993085E+09   0.702063E+08   0.162634E+07   0.611024E+08   -295.994        117.817       -201.838               0           1        9264
          40    9.76988        8.08666        8.93168        13.7673        165.029        44.5600       0.801327E+09    5.01286       0.501286        24.8800       0.765037E+09   0.352472E+08   0.104256E+07   0.269344E+08   -161.550       -165.494       -23.8069               0           1        9124
          41    10.2652        8.02431        8.09482        16.6552        110.934        130.077       0.839522E+09    5.00436       0.500436        25.9800       0.782995E+09   0.546914E+08   0.183530E+07   0.348973E+08   -41.2040       -180.643       -227.144               0           1        9062
          42    9.54053        8.43215        9.06288        21.1134        159.321        76.2409       0.786236E+09    5.09304       0.509304        26.6200       0.783079E+09    639931.       0.251734E+07   0.130863E+09   -217.277       -81.5478        8.07169               0           1        8305
          43    10.7670        8.55313        9.04111       -37.6969        126.322        50.0363       0.698399E+09    4.60879       0.460879        23.0700       0.641162E+09   0.543384E+08   0.289884E+07   0.375390E+08    80.7266       -52.1525        2.78208               0           1        8266
          44    9.40014        8.65018        9.13065        40.4938        120.636        107.960       0.860359E+09    5.12463       0.512463        26.3800       0.827474E+09   0.304342E+08   0.244998E+07   0.823504E+08   -251.389       -28.5716        24.5382               0           1        8202
          45    9.38108        8.52817        9.07340        65.5517        106.793        111.857       0.996463E+09    5.30443       0.530443        26.0400       0.897144E+09   0.976900E+08   0.162809E+07   0.164791E+08   -256.020       -58.2172        10.6278               0           1        8109
          46    10.5632        8.74674        9.01171       -96.0180        131.208        34.0786       0.591615E+09    4.44867       0.444867        23.8000       0.547714E+09   0.419604E+08   0.194005E+07   0.274629E+08    31.2031       -5.10980       -4.36143               0           1        8025
          47    10.2480        8.62902        8.75426       -44.1758        162.813        164.794       0.555667E+10    4.35585       0.435585        23.9200       0.475316E+10   0.706816E+09   0.966865E+08   0.602008E+09   -45.3808       -33.7130       -66.9158               0           1        7798
          48    10.1961        8.23578        8.34608       -30.2073        87.7763        137.984       0.717200E+09    4.59834       0.459834        22.6600       0.633513E+09   0.828981E+08    788994.       0.195035E+08   -57.9961       -129.261       -166.094               0           1        7667
          49    9.90311        8.36048        8.12814        45.2805        92.7954        138.814       0.916759E+09    5.24588       0.524588        26.3900       0.850171E+09   0.654294E+08   0.115859E+07   0.197017E+08   -129.179       -98.9620       -219.048               0           1        7481
          50    9.10676        8.17762        8.94824        51.0505        127.830        99.3598       0.114715E+10    5.70899       0.570899        29.5400       0.108038E+10   0.662533E+08    519933.       0.249712E+08   -322.673       -143.393       -19.7832               0           1        7422
          51    9.82561        8.39580        8.12124        53.2523        81.9376        143.021       0.703819E+09    4.85201       0.485201        23.8200       0.685807E+09   0.163393E+08   0.167318E+07   0.279083E+08   -148.009       -90.3800       -220.725               0           1        7297
          52    9.92177        8.93668        9.15165        11.8429        142.016        74.9644       0.678431E+09    4.78106       0.478106        24.0500       0.653300E+09   0.242907E+08    840952.       0.224483E+08   -124.645        41.0412        29.6407               0           1        7225
          53    10.8063        8.77999        8.71682       -73.4906        53.5536        114.672       0.758893E+09    4.82261       0.482261        23.6900       0.696864E+09   0.608353E+08   0.119377E+07   0.610738E+08    90.2707        2.96918       -76.0128               0           1        7084
          54    9.89440        8.52784        8.39659       -6.15253        86.6882        193.200       0.318103E+10    4.05845       0.405845        21.7600       0.295446E+10   0.198242E+09   0.283253E+08   0.514524E+09   -131.295       -58.2974       -153.821               0           1        6887
          55    10.3473        9.34043        7.89844       -38.5452        74.2613        130.252       0.579058E+09    4.57113       0.457113        24.3100       0.566088E+09   0.117827E+08   0.118731E+07   0.543883E+08   -21.2507        139.143       -274.860               0           1        6868
          56    10.2649        7.74674        8.46273       -12.2766        150.098        16.3815       0.211086E+10    6.57034       0.657034        32.5900       0.191010E+10   0.196330E+09   0.442464E+07   0.491692E+08   -41.2647       -248.086       -137.751               0           1        6817
          57    10.3237        8.68296        8.87281       -25.6778        95.7002        67.7708       0.408096E+09    3.82033       0.382033        19.5000       0.366556E+09   0.412134E+08    326730.       0.155569E+08   -26.9947       -20.6069       -38.1109               0           1        6604
          58    10.5519        8.49506        8.22382       -63.8326        90.0641        143.730       0.397979E+09    3.71220       0.371220        18.2100       0.346187E+09   0.510960E+08    695939.       0.144126E+08    28.4744       -66.2622       -195.800               0           1        6478
          59    10.0120        8.60896        8.69034        67.9275        108.028        114.921       0.432075E+09    4.07691       0.407691        21.4200       0.406047E+09   0.253407E+08    687110.       0.182240E+08   -102.726       -38.5871       -82.4468               0           1        6103
          60    10.1345        9.54098        7.99095        3.56096        16.5637        142.689       0.133432E+10    3.89347       0.389347        21.7800       0.122537E+10   0.101654E+09   0.728805E+07   0.115763E+09   -72.9562        187.872       -252.382               0           1        6013
          62    10.2744        8.01342        8.35443        17.0303        144.181        87.0776       0.401272E+09    3.95227       0.395227        20.6200       0.380690E+09   0.193409E+08   0.124109E+07   0.679737E+08   -38.9662       -183.289       -164.065               0           1        5835
          63    10.1330        8.71121        8.83668        36.3570        94.2120        64.6612       0.411951E+09    4.02686       0.402686        20.0000       0.396486E+09   0.147536E+08    711857.       0.168064E+08   -73.3182       -13.7428       -46.8896               0           1        5824
          64    9.33881        8.74499        8.13987        45.8546        100.198        116.097       0.709228E+09    4.80925       0.480925        23.6100       0.674334E+09   0.338506E+08   0.104378E+07   0.340188E+08   -266.290       -5.53501       -216.198               0           1        5781
          65    9.39247        8.47827        9.03734        51.9672        124.335        116.974       0.753676E+09    4.71108       0.471108        23.1100       0.648645E+09   0.104105E+09    926131.       0.864521E+07   -253.252       -70.3418        1.86606               0           1        5569
          66    9.76752        9.14509        8.70796        35.6139        114.458        153.257       0.636970E+09    4.64961       0.464961        23.7700       0.621874E+09   0.133124E+08   0.178332E+07   0.260567E+08   -162.124        91.6800       -78.1656               0           1        5533
          67    9.96702        8.68409        8.85907        46.2267        147.127        49.9792       0.458415E+09    4.18941       0.418941        20.6100       0.441048E+09   0.169487E+08    418032.       0.589595E+07   -113.650       -20.3323       -41.4494               0           1        5450
          68    10.1840        8.46952        8.61669        39.2408        135.359        98.7872       0.906996E+09    4.07303       0.407303        22.6400       0.791476E+09   0.112967E+09   0.255226E+07   0.912915E+08   -60.9191       -72.4678       -100.342               0           1        5425
          69    10.5086        8.52543        8.30641       -71.7547        78.9669        127.764       0.405311E+09    3.63372       0.363372        17.8200       0.337874E+09   0.662135E+08   0.122354E+07   0.167119E+08    17.9463       -58.8830       -175.733               0           1        5353
          70    10.4223        8.78349        9.02443        62.7424        71.5870        84.8256       0.361743E+10    4.02200       0.402200        21.8500       0.326530E+10   0.312832E+09   0.392916E+08   0.418489E+09   -3.03721        3.81959       -1.27077               0           0        5320
          71    10.2537        7.75558        8.44933        6.45258        98.5154        28.5923       0.773713E+09    4.12016       0.412016        21.2400       0.687719E+09   0.851114E+08    882762.       0.154033E+08   -43.9909       -245.939       -141.007               0           1        5215
          72    9.32163        9.25378        8.29376        51.2111        92.1224        130.674       0.331275E+09    3.75254       0.375254        18.4300       0.321911E+09   0.863592E+07    727829.       0.234724E+08   -270.465        118.089       -178.807               0           1        5209
          73    9.93209        8.35230        8.13295        21.0659        108.157        143.296       0.388714E+09    3.84196       0.384195        19.3100       0.351841E+09   0.364948E+08    377896.       0.533820E+07   -122.137       -100.950       -217.880               0           1        5159
          74    9.28873        8.11296        8.34923        52.7894        118.147        89.8907       0.556162E+09    4.47661       0.447661        22.0800       0.542726E+09   0.128236E+08    612145.       0.231021E+08   -278.459       -159.104       -165.329               0           1        5108
          75    10.2017        8.67684        8.64445       -11.2937       0.128938        199.360       0.256948E+10    3.26051       0.326051        18.3500       0.242942E+10   0.104181E+09   0.358819E+08   0.109559E+10   -56.6184       -22.0939       -93.5970               0           1        5052
          76    11.2626        8.59156        9.02632       -68.8303        71.3378        56.2927       0.685959E+09    4.73417       0.473417        24.6600       0.650390E+09   0.342527E+08   0.131625E+07   0.249046E+08    201.146       -42.8149      -0.811542               0           1        5005
          77    10.3864        8.78754        8.25413       -50.1191        36.6559        134.531       0.482660E+09    4.20326       0.420326        20.6300       0.466156E+09   0.161790E+08    325495.       0.119781E+08   -11.7576        4.80365       -188.436               0           1        5001
          78    10.2569        9.52808        7.51682        31.2735        66.2935        130.859       0.103257E+10    5.30978       0.530978        26.2100       0.947775E+09   0.837289E+08   0.107036E+07   0.935688E+07   -43.2256        184.738       -367.585               0           1        4973
          79    9.93272        8.71279        8.85708        71.8010        117.341        85.5240       0.393628E+09    3.87986       0.387986        19.0600       0.372043E+09   0.210275E+08    556655.       0.170670E+08   -121.984       -13.3589       -41.9329               0           1        4871
          80    10.1768        8.98816        8.50051       -29.2947        47.4296        161.729       0.457789E+09    4.19233       0.419233        23.8500       0.436143E+09   0.212052E+08    440592.       0.151727E+08   -62.6783        53.5496       -128.571               0           1        4851
          81    10.3189        9.04744        9.25828       -57.9028        99.0111        92.1758       0.287660E+09    3.45635       0.345635        16.9700       0.251826E+09   0.354450E+08    389784.       0.373856E+07   -28.1513        67.9533        55.5493               0           1        4823
          82    10.3124        9.05443        9.22044       -76.2183        100.224        84.5332       0.565531E+09    4.37650       0.437650        22.1500       0.519780E+09   0.442735E+08   0.147726E+07   0.308406E+08   -29.7403        69.6517        46.3551               0           1        4800
          83    9.99409        9.70030        8.15854       -30.9968        22.4419        151.215       0.703447E+09    4.74316       0.474316        23.4900       0.654131E+09   0.486244E+08    691378.       0.104613E+08   -107.073        226.583       -211.662               0           1        4790
          84    10.2564        8.67989        8.50006       -34.9550        61.7077        176.003       0.490889E+09    4.15175       0.415175        20.4800       0.451690E+09   0.388414E+08    357617.       0.601202E+07   -43.3276       -21.3528       -128.680               0           1        4775
          85    10.3416        9.17136        8.45470       -57.1222        48.3768        140.755       0.398085E+09    4.00864       0.400864        20.0300       0.385844E+09   0.116355E+08    605293.       0.884184E+07   -22.6308        98.0630       -139.702               0           1        4685
          86    10.2038        8.73141        8.92604        25.2820        132.790        15.8875       0.376136E+09    3.80332       0.380332        18.6600       0.354751E+09   0.211389E+08    246030.       0.140667E+08   -56.1276       -8.83463       -25.1772               0           1        4684
          87    10.0419        9.62170        8.06231       -29.6545        16.4582        154.859       0.383758E+09    3.92845       0.392845        19.3600       0.365891E+09   0.175146E+08    351786.       0.120100E+08   -95.4510        207.485       -235.043               0           1        4651
          88    10.4842        8.67301        9.01823       -133.482        97.0438        110.846       0.315056E+09    3.51564       0.351564        18.6000       0.309607E+09   0.521063E+07    238928.       0.361977E+07    12.0176       -23.0245       -2.77722               0           1        4635
          89    10.1628        9.57035        7.93506       -14.5626        38.9574        161.946       0.313372E+09    3.56739       0.356739        19.3700       0.289072E+09   0.239518E+08    348167.       0.979884E+07   -66.0872        195.008       -265.962               0           1        4523
          90    10.6076        8.38184        8.13731       -41.4372        91.6047        119.299       0.332223E+09    3.77684       0.377684        19.0100       0.322909E+09   0.883982E+07    474603.       0.289136E+08    41.9864       -93.7720       -216.820               0           1        4516
          91    10.1274        9.51714        8.07259       -52.8495        80.0388        140.916       0.574632E+09    4.35828       0.435828        21.8600       0.521360E+09   0.525840E+08    688486.       0.188402E+08   -74.6740        182.079       -232.546               0           1        4477
          92    10.9299        8.77630        8.71695       -76.2924        53.5165        102.044       0.264791E+09    3.44785       0.344785        17.4000       0.252740E+09   0.117941E+08    256545.       0.108798E+08    120.303        2.07259       -75.9812               0           1        4408
          93    10.3639        9.13752        8.46247       -77.9805        55.6344        137.873       0.473211E+09    4.29268       0.429268        21.0900       0.465158E+09   0.771068E+07    341883.       0.578327E+07   -17.2173        89.8406       -137.814               0           1        4367
          94    10.4098        8.76992        9.02285       -57.7262        17.2833        56.6883       0.105153E+10    3.05228       0.305228        19.6500       0.953187E+09   0.936522E+08   0.469422E+07   0.185660E+09   -6.06956       0.522400       -1.65467               0           0        4290
          95    11.4571        8.45034        8.75259       -68.3103        89.4865        89.3777       0.501502E+09    4.25186       0.425186        21.6800       0.496668E+09   0.323959E+07   0.159439E+07   0.420406E+08    248.412       -77.1281       -67.3215               0           1        4275
          96    11.2786        8.56707        9.40151       -56.0836        75.8897        80.1909       0.337860E+09    3.76736       0.376736        19.6700       0.335130E+09   0.167493E+07   0.105453E+07   0.614559E+08    205.043       -48.7654        90.3509               0           1        4213
          97    9.80985        8.53577        8.90967        42.2726        150.550        76.4301       0.330415E+09    3.75934       0.375934        18.4400       0.321911E+09   0.811619E+07    387884.       0.133933E+08   -151.839       -56.3706       -29.1548               0           1        4206
          98    10.0941        9.53657        8.11401       -26.1862        62.4974        169.007       0.537700E+09    3.93890       0.393890        19.6400       0.512880E+09   0.225065E+08   0.231431E+07   0.200981E+08   -82.7797        186.800       -222.482               0           1        4064
          99    10.4118        8.65564        8.19430       -20.4474        23.3386        136.460       0.431858E+09    3.85216       0.385216        19.0100       0.382436E+09   0.490444E+08    377492.       0.694926E+07   -5.57874       -27.2450       -202.973               0           1        4025
         100    10.0553        8.53332        8.69985        95.4429        160.138        67.5729       0.271065E+09    3.31858       0.331858        16.3500       0.238440E+09   0.324404E+08    184052.       0.463342E+07   -92.2072       -56.9659       -80.1361               0           1        4013
         101    9.24767        9.13551        8.13335        33.3975        87.2544        161.757       0.274310E+09    3.53094       0.353094        17.4600       0.269368E+09   0.457725E+07    365449.       0.167486E+08   -288.435        89.3522       -217.782               0           1        4004
         102    10.1374        9.59837        7.87647       -18.0607        12.0848        151.985       0.285161E+09    3.55476       0.355476        18.0500       0.273525E+09   0.114105E+08    225509.       0.807969E+07   -72.2588        201.816       -280.198               0           1        3914
         103    10.1682        8.55497        8.59974        10.4443        70.9189        163.782       0.304571E+09    3.41116       0.341116        17.5700       0.266791E+09   0.374525E+08    327838.       0.775060E+07   -64.7581       -51.7054       -104.461               0           1        3839
         105    10.0061        8.67664        8.81017        58.2831        127.641        121.686       0.106087E+10    3.46898       0.346898        20.0000       0.990267E+09   0.650726E+08   0.553063E+07   0.133112E+09   -104.147       -22.1425       -53.3310               0           1        3767
         106    10.2071        8.58836        8.73355       -67.2365        203.307        153.634       0.221677E+09    2.89289       0.289289        15.3500       0.219651E+09   0.169787E+07    328288.       0.106940E+08   -55.3088       -43.5924       -71.9478               0           1        3659
         107    9.83125        8.89197        9.28013        14.2183        152.952        71.3935       0.265295E+09    3.50470       0.350470        17.4900       0.258975E+09   0.607575E+07    244136.       0.883232E+07   -146.639        30.1777        60.8584               0           1        3655
         108    10.7898        8.79019        8.71485       -48.0830        40.2823        113.759       0.384326E+09    3.44736       0.344736        17.3900       0.367138E+09   0.165535E+08    634742.       0.224890E+08    86.2592        5.44754       -76.4915               0           1        3645
         109    9.40415        8.40829        8.94829        38.0225        140.070        101.172       0.487890E+09    4.18431       0.418431        20.7700       0.461001E+09   0.263086E+08    579857.       0.142614E+08   -250.414       -87.3453       -19.7710               0           1        3642
         110    10.1479        8.42607        8.55804       -6.79007        119.288        139.256       0.926580E+09    3.23500       0.323500        18.0000       0.914607E+09   0.706507E+07   0.490806E+07   0.120030E+09   -69.6979       -83.0251       -114.593               0           1        3598
         111    10.3260        9.23347        8.93804       -85.8448        81.8877        131.234       0.551003E+09    4.36873       0.436873        21.4400       0.511799E+09   0.387698E+08    434257.       0.103413E+08   -26.4237        113.154       -22.2615               0           1        3591
         112    9.70576        8.12424        8.95995        37.3232        169.443        56.5305       0.246898E+09    3.36839       0.336839        16.6400       0.241101E+09   0.563211E+07    165010.       0.687507E+07   -177.130       -156.363       -16.9379               0           1        3553
         113    10.5250        8.51130        8.27413       -65.8741        72.6560        127.980       0.290209E+09    3.20390       0.320390        15.9100       0.243179E+09   0.467704E+08    259487.       0.506511E+07    21.9141       -62.3162       -183.576               0           1        3549
         114    10.9749        8.29175        8.88036       -41.9438        149.442        66.1188       0.531611E+09    4.37942       0.437942        22.1300       0.504316E+09   0.270619E+08    232565.       0.131994E+08    131.239       -115.662       -36.2764               0           1        3508
         115    10.2293        8.65716        8.64287        2.89563        24.3640        153.854       0.859739E+09    3.43181       0.343181        18.9300       0.834377E+09   0.221344E+08   0.322756E+07   0.678328E+08   -49.9317       -26.8757       -93.9810               0           1        3481
         116    9.39999        8.39171        8.82387        59.4051        115.364        122.145       0.210721E+09    3.26950       0.326950        16.6800       0.209841E+09    531394.        348975.       0.172486E+08   -251.425       -91.3738       -50.0022               0           1        3469
         117    10.8643        9.75838        8.33896       -51.1764        53.7474        130.693       0.325375E+09    3.77538       0.377538        18.7100       0.318170E+09   0.698439E+07    220389.       0.630352E+07    104.380        240.695       -167.824               0           1        3412
         118    10.4501        8.39030        8.29089       -38.3332        119.552        123.324       0.213797E+09    3.23208       0.323208        16.4400       0.206183E+09   0.733182E+07    282595.       0.717382E+07    3.71754       -91.7164       -179.504               0           1        3340
         120    10.2491        8.64135        8.59933       -73.4319        90.0983        174.221       0.234418E+09    3.23961       0.323961        16.7600       0.210007E+09   0.241460E+08    265293.       0.138201E+08   -45.1086       -30.7171       -104.560               0           1        3328
         121    11.2936        9.16352        8.46416       -69.9728        41.6309        103.080       0.354139E+09    3.89711       0.389711        19.4500       0.348432E+09   0.548976E+07    216564.       0.108941E+08    208.676        96.1580       -137.403               0           1        3326
         122    10.2289        9.53786        7.81096       -49.5263        66.7462        143.633       0.348866E+09    3.74574       0.374574        18.3800       0.327648E+09   0.202860E+08    931998.       0.790093E+07   -50.0240        187.114       -296.116               0           1        3286
         123    11.0120        8.75494        8.72813       -66.2406        47.5362        101.366       0.197367E+09    3.17936       0.317936        16.6700       0.196206E+09    754843.        405900.       0.145941E+08    140.261       -3.11739       -73.2648               0           1        3245
         124    10.2005        8.17069        8.30486        41.4975        89.6411        108.268       0.447671E+09    2.83117       0.283117        16.1000       0.438304E+09   0.878097E+07    585885.       0.264884E+08   -56.9076       -145.077       -176.110               0           1        3232
         125    10.2308        7.97812        8.51115       -36.3769        152.082        53.8663       0.165738E+09    2.99129       0.299129        15.2100       0.163283E+09   0.192960E+07    524887.       0.143940E+08   -49.5551       -191.867       -125.986               0           1        3212
         126    9.87917        8.53490        8.39915        47.3695        64.9677        77.6049       0.886524E+09    2.99882       0.299882        17.7000       0.840367E+09   0.435318E+08   0.262511E+07   0.280905E+08   -134.995       -56.5820       -153.199               0           1        3206
         127    10.8527        8.43813        8.95092       -22.0865        168.774        63.6181       0.285998E+09    3.60529       0.360529        18.0600       0.278679E+09   0.715025E+07    168158.       0.820447E+07    101.538       -80.0948       -19.1320               0           1        3175
         128    10.2337        8.61320        8.73250       -20.8857        122.910        18.3144       0.104075E+10    2.90771       0.290771        17.0400       0.972142E+09   0.615131E+08   0.709657E+07   0.308070E+08   -48.8480       -37.5569       -72.2030               0           1        3140
         129    10.4392        8.41312        8.32995       -38.2780        119.112        114.913       0.186778E+09    3.09431       0.309431        15.6800       0.176503E+09   0.100178E+08    258091.       0.647226E+07    1.07639       -86.1717       -170.013               0           1        3114
         130    9.88987        8.54068        8.39717        122.991        134.514        197.097       0.192597E+10    2.82631       0.282631        16.4100       0.172639E+10   0.175285E+09   0.242975E+08   0.460295E+09   -132.396       -55.1776       -153.680               0           1        3106
         131    9.92290        8.81967        9.09920        19.0981        136.115        63.5531       0.245120E+09    3.36402       0.336402        16.5000       0.236279E+09   0.877825E+07    62624.0       0.220129E+07   -124.370        12.6105        16.8966               0           1        3059
         132    9.28757        8.13999        8.33278        49.8377        93.5932        105.413       0.326456E+09    3.71050       0.371050        19.0200       0.318669E+09   0.723791E+07    549088.       0.156746E+08   -278.740       -152.536       -169.326               0           1        3045
         133    10.2187        8.60222        8.76059       -44.4890        53.7565        167.348       0.482077E+09    2.32821       0.232821        12.7600       0.464078E+09   0.155533E+08   0.244569E+07   0.190347E+08   -52.5000       -40.2248       -65.3777               0           1        3041
         135    9.90464        8.57776        8.43940        67.3002        97.4352        83.8343       0.406667E+09    3.02045       0.302045        14.8200       0.347601E+09   0.582661E+08    800309.       0.125700E+08   -128.807       -46.1680       -143.419               0           1        3019
         136    10.1340        9.26293        8.29287       -28.3201        80.1918        156.399       0.170651E+09    3.03406       0.303406        15.4700       0.169020E+09   0.141508E+07    215735.       0.101996E+08   -73.0825        120.312       -179.023               0           1        2987
         137    10.6191        8.47330        8.64738       -75.2561        118.296        92.7341       0.187730E+09    3.14485       0.314485        16.1200       0.186063E+09   0.107656E+07    590100.       0.122292E+08    44.8000       -71.5493       -92.8851               0           1        2970
         138    10.2429        9.53315        7.69610       -27.1347        58.0049        129.004       0.164398E+09    2.94440       0.294440        14.7600       0.155219E+09   0.865853E+07    520025.       0.804513E+07   -46.6078        185.969       -324.024               0           1        2969
         140    10.1877        8.95375        8.48664       -27.8615        61.7894        161.950       0.220134E+09    3.21677       0.321677        15.8000       0.202940E+09   0.170216E+08    172470.       0.293785E+07   -60.0201        45.1888       -131.941               0           1        2903
         141    9.61085        8.20468        9.01091        27.7357        160.677        54.7983       0.270474E+09    3.49766       0.349766        17.3100       0.257313E+09   0.131461E+08    15207.4        117852.       -200.191       -136.818       -4.55581               0           1        2886
         142    10.0667        8.32597        7.93675        14.6390        88.2946        142.718       0.334476E+09    3.77708       0.377708        18.7800       0.321412E+09   0.130044E+08    59317.9       0.409436E+07   -89.4251       -107.347       -265.552               0           1        2816
         143    9.90022        8.74679        8.73575        61.6669        97.4148        118.094       0.212482E+09    3.24472       0.324472        16.3100       0.204853E+09   0.754106E+07    88258.8       0.323767E+07   -129.881       -5.09765       -71.4133               0           1        2813
         144    9.80330        8.09482        8.90318        4.89295        156.846        56.1261       0.205302E+09    3.22455       0.322455        16.7900       0.203689E+09   0.140290E+07    210382.       0.649230E+07   -153.430       -163.511       -30.7317               0           1        2803
         145    10.9517        9.75639        8.35003       -77.2831        49.7601        111.024       0.212128E+09    3.26756       0.326756        16.0300       0.209675E+09   0.230134E+07    151913.       0.390535E+07    125.607        240.212       -165.134               0           1        2801
         146    10.7898        9.55316        8.27440       -55.2044        60.3700        128.048       0.217058E+09    3.31397       0.331397        17.5900       0.213748E+09   0.320706E+07    102130.       0.435564E+07    86.2713        190.831       -183.511               0           1        2779
         147    10.4830        8.56588        8.39720       -66.2112        67.4631        76.6767       0.453533E+09    3.77805       0.377805        18.9400       0.424503E+09   0.281223E+08    907082.       0.112948E+08    11.7309       -49.0546       -153.673               0           1        2771
         148    10.0907        9.13662        8.76420       -14.6721        85.4050        133.944       0.449105E+09    4.05189       0.405189        20.2800       0.408375E+09   0.398264E+08    903706.       0.963372E+07   -83.5961        89.6220       -64.5006               0           1        2762
         149    9.55912        8.14638        9.32913        7.40769        173.350        48.2554       0.241889E+09    3.44274       0.344274        17.0900       0.240768E+09   0.107168E+07    49260.0       0.171947E+07   -212.760       -150.983        72.7642               0           1        2748
         150    10.0514        8.50657        8.48912        30.7320        86.7634        167.180       0.197445E+09    3.12833       0.312833        15.8600       0.185066E+09   0.122745E+08    105265.       0.185530E+07   -93.1427       -63.4655       -131.339               0           1        2723
         151    9.34866        8.38870        9.12017        43.5736        153.166        101.043       0.412046E+10    8.62739       0.862739        43.1300       0.388484E+10   0.219941E+09   0.156769E+08   0.896332E+08   -263.897       -92.1052        21.9918               0           1        2718
         152    10.4190        8.77027        9.03615       -171.784        167.409        17.2378       0.113198E+10    2.51020       0.251020        14.3000       0.107540E+10   0.444877E+08   0.120877E+08   0.105775E+09   -3.82445       0.607442        1.57692               0           0        2710
         153    9.68976        9.57887        8.09214        45.1705        88.4470        173.600       0.282212E+09    3.47943       0.347943        19.0800       0.270615E+09   0.111397E+08    456930.       0.152916E+08   -181.018        197.078       -227.796               0           1        2677
         154    10.1121        9.10142        8.72129       -10.5190        82.4992        121.681       0.232488E+09    3.29841       0.329841        16.3800       0.230625E+09   0.155778E+07    304351.       0.769931E+07   -78.3916        81.0692       -74.9267               0           1        2672
         155    10.5871        8.60209        9.12208       -33.7270        175.534        19.8188       0.187344E+09    3.14048       0.314048        15.6100       0.184816E+09   0.238439E+07    143535.       0.522947E+07    37.0126       -40.2564        22.4559               0           1        2660
         156    9.69198        9.63463        8.06276        14.7922        89.6669        159.588       0.368791E+09    3.79870       0.379870        18.6300       0.338788E+09   0.299802E+08    22185.9        4126.67       -180.478        210.627       -234.934               0           1        2642
         157    10.1781        8.70984        8.64137        45.2966        30.6515        112.083       0.194766E+09    2.75731       0.275730        14.0200       0.175172E+09   0.194845E+08    109184.       0.214728E+07   -62.3600       -14.0756       -94.3454               0           1        2616
         158    10.6208        8.72127        9.01861       -82.6465        134.227        26.7185       0.120931E+09    2.67761       0.267761        13.8300       0.119054E+09   0.152943E+07    347955.       0.382300E+07    45.2131       -11.2984       -2.68489               0           1        2608
         159    9.66381        9.88611        8.07410        31.2301        17.2204        164.092       0.157341E+09    2.94658       0.294658        15.1200       0.154305E+09   0.286683E+07    169775.       0.372104E+07   -187.323        271.731       -232.179               0           1        2589
         160    10.4446        8.61733        8.17685       -13.8249        84.7250        177.732       0.168579E+10    3.29283       0.329283        20.2000       0.154065E+10   0.127263E+09   0.178750E+08   0.111432E+09    2.40061       -36.5534       -207.213               0           1        2588
         161    9.39295        8.45668        9.01976        37.7080        135.662        133.884       0.171016E+09    2.87806       0.287806        15.1400       0.163117E+09   0.776329E+07    134992.       0.547445E+07   -253.136       -75.5876       -2.40547               0           1        2573
         162    10.5347        8.51004        9.25826       -27.3820        175.756        22.4939       0.246790E+09    3.43205       0.343205        17.8700       0.239105E+09   0.766838E+07    15921.3        121172.        24.2734       -62.6224        55.5445               0           1        2562
         163    10.7265        8.65965        9.33528       -46.8600        155.562        28.1463       0.136071E+09    2.83846       0.283846        14.8000       0.135100E+09    860268.        110737.       0.413799E+07    70.8909       -26.2706        74.2585               0           1        2559
         164    10.8405        8.77013        8.70043       -73.2386        94.0102        117.740       0.345503E+09    3.59363       0.359363        19.0200       0.321994E+09   0.235092E+08    0.00000        0.00000        98.5732       0.573425       -79.9952               1           1        2552
         165    11.1357        8.35951        9.01503       -51.6620        166.594        29.3932       0.310107E+09    3.53313       0.353313        17.5600       0.304618E+09   0.532325E+07    165367.       0.238538E+07    170.322       -99.1977       -3.55475               0           1        2531
         166    10.0367        9.57140        8.13784        5.78761        39.3099        172.337       0.165349E+09    2.91087       0.291087        14.2800       0.159459E+09   0.571952E+07    170529.       0.186355E+07   -96.7242        195.263       -216.691               0           1        2530
         167    10.4123        8.43739        8.35506       -47.4418        112.390        105.658       0.154184E+09    2.89313       0.289313        14.2700       0.147654E+09   0.637539E+07    155025.       0.197594E+07   -5.46698       -80.2746       -163.912               0           1        2501
         168    10.4800        8.55979        8.39683       -99.3638        75.6625        92.0108       0.317746E+09    2.74637       0.274637        13.5400       0.306614E+09   0.102679E+08    864251.       0.104792E+08    10.9825       -50.5343       -153.763               0           1        2494
         169    10.1941        8.51532        8.65105        30.4343        125.416        69.4403       0.195624E+09    2.62828       0.262828        14.0700       0.142499E+09   0.529323E+08    192375.       0.441769E+07   -58.4772       -61.3395       -91.9934               0           1        2484
         170    10.2175        8.66487        8.76512       -134.608        97.6894        54.6962       0.102615E+09    2.33161       0.233161        12.5700       0.102260E+09    289160.        65384.4       0.154232E+07   -52.7867       -25.0023       -64.2771               0           1        2480
         171    10.5929        8.69485        9.02929       -91.3842        145.485        21.6793       0.147716E+09    2.58455       0.258455        12.9100       0.129529E+09   0.181523E+08    34237.5        605281.        38.4122       -17.7179      -0.899014E-01           0           1        2459
         172    9.96703        7.69270        9.57501       -17.1468        151.051        53.1050       0.272326E+09    3.58416       0.358416        18.5600       0.269950E+09   0.226954E+07    106603.       0.135572E+07   -113.647       -261.217        132.507               0           1        2452
         173    10.1626        8.50687        8.58705       -12.9518        59.5862        158.312       0.249205E+09    3.02094       0.302093        14.8300       0.209425E+09   0.395098E+08    270126.       0.685948E+07   -66.1261       -63.3926       -107.544               0           1        2441
         174    10.3940        9.65734        8.10265       -47.9305        42.5471        122.252       0.217775E+09    3.33170       0.333170        16.6200       0.216326E+09   0.139552E+07    53674.8        999410.       -9.89401        216.145       -225.242               0           1        2432
         175    10.5676        8.29711        8.28998       -44.8866        116.767        95.3978       0.170808E+09    3.03527       0.303527        14.8900       0.166526E+09   0.428222E+07    0.00000        0.00000        32.2697       -114.359       -179.725               1           1        2380
         176    10.5354        8.48133        8.25274       -71.4594        82.6254        122.548       0.141656E+09    2.72232       0.272232        13.5400       0.133104E+09   0.836179E+07    190223.       0.685659E+07    24.4580       -69.5982       -188.773               0           1        2366
         177    9.40624        8.37459        8.89213        60.4016        136.895        114.861       0.157228E+09    2.92083       0.292083        14.5600       0.148485E+09   0.864037E+07    102732.       0.687155E+07   -249.906       -95.5336       -33.4166               0           1        2361
         178    10.2354        8.08294        8.20833        14.0957        117.685        137.760       0.188357E+09    3.07585       0.307585        15.4300       0.177251E+09   0.106603E+08    446299.       0.179227E+08   -48.4325       -166.398       -199.564               0           1        2340
         179    10.3402        8.57573        8.59039       -75.9768        89.3674        124.135       0.161822E+09    2.96189       0.296189        14.8200       0.158794E+09   0.285754E+07    170511.       0.300651E+07   -22.9832       -46.6612       -106.732               0           1        2323
         180    10.4381        8.57757        8.29746       -45.6482        46.8547        133.794       0.120028E+09    2.65380       0.265380        13.2800       0.113899E+09   0.595758E+07    171267.       0.676319E+07   0.809112       -46.2142       -177.908               0           1        2320
         181    10.3571        8.43833        8.37337       -25.6581        92.5434        143.050       0.119125E+09    2.68490       0.268490        14.2500       0.118139E+09    912588.        72479.6       0.271268E+07   -18.8647       -80.0462       -159.463               0           1        2320
         182    10.4450        8.61971        8.18391       -6.10520        33.5511        186.410       0.109930E+10    3.00660       0.300660        18.9400       0.102335E+10   0.645263E+08   0.114221E+08   0.511506E+08    2.47836       -35.9751       -205.498               0           1        2306
         183    9.48968        8.27181        8.81742        45.3731        153.494        92.4760       0.171896E+09    3.00538       0.300538        14.7400       0.162868E+09   0.902839E+07    0.00000        0.00000       -229.632       -120.507       -51.5694               1           1        2295
         184    9.48316        8.38017        8.64922        51.6509        120.746        107.744       0.182694E+09    3.11570       0.311570        15.3100       0.181574E+09    974457.        145433.       0.278074E+07   -231.217       -94.1778       -92.4380               0           1        2291
         185    9.92241        8.77580        9.10673        11.7494        165.045        54.5310       0.189499E+09    3.10500       0.310500        15.2300       0.184733E+09   0.471624E+07    50094.3       0.148974E+07   -124.489        1.95110        18.7262               0           1        2270
         186    9.74404        8.12479        8.92485        33.9647        157.739        72.9457       0.208591E+09    3.16016       0.316016        15.5100       0.200696E+09   0.782886E+07    66014.3        988092.       -167.829       -156.229       -25.4664               0           1        2256
         187    10.5907        8.47753        8.63764       -67.4716        115.416        103.275       0.172700E+09    3.03600       0.303600        14.9900       0.167191E+09   0.530276E+07    206046.       0.340138E+07    37.8825       -70.5216       -95.2517               0           1        2253
         188    9.40423        8.40980        8.94427        51.7866        144.697        127.542       0.254913E+09    2.52769       0.252769        14.0200       0.245673E+09   0.865930E+07    579858.       0.142614E+08   -250.395       -86.9784       -20.7478               0           1        2234
         189    9.95606        8.37937        8.22800        41.7560        122.461        136.185       0.177538E+09    2.99323       0.299324        14.8200       0.166360E+09   0.111780E+08    0.00000        0.00000       -116.313       -94.3721       -194.785               1           1        2222
         190    10.7359        8.57665        8.84974       -81.7023        88.5084        110.228       0.125370E+09    2.77796       0.277796        14.8600       0.124874E+09    817.448        495490.       0.185038E+08    73.1724       -46.4377       -43.7164               0           1        2220
         191    10.6292        8.65341        8.51045       -80.8225        50.2389        116.714       0.267728E+09    3.52244       0.352244        17.2900       0.262717E+09   0.493443E+07    76807.9       0.444185E+07    47.2420       -27.7868       -126.156               0           1        2186
         192    10.4188        8.82302        9.03600       -70.7495        95.3743        50.7380       0.253935E+09    2.48031       0.248031        12.4600       0.237858E+09   0.148431E+08   0.123390E+07   0.290892E+08   -3.88763        13.4245        1.54047               0           0        2181
         193    10.3642        8.56680        8.58382       -72.8476        116.127        115.547       0.142482E+09    2.81295       0.281295        13.8300       0.139340E+09   0.305098E+07    91739.0       0.167532E+07   -17.1493       -48.8310       -108.329               0           1        2164
         194    9.67316        8.66477        9.23424        17.3381        159.156        76.7971       0.253771E+09    3.33219       0.333219        16.3400       0.235614E+09   0.180687E+08    88690.0       0.312985E+07   -185.051       -25.0266        49.7082               0           1        2149
         195    10.3392        8.68812        8.89011       -54.5186        110.408        79.6282       0.237419E+09    3.01559       0.301559        14.9900       0.210173E+09   0.270365E+08    209408.       0.203984E+07   -23.2286       -19.3531       -33.9074               0           1        2135
         196    10.2893        8.19090        8.58189       -47.7009        152.090        21.5363       0.177681E+09    3.05714       0.305714        14.9900       0.174840E+09   0.267500E+07    165914.        879703.       -35.3531       -140.166       -108.798               0           1        2132
         197    10.1585        8.40273        8.55949       -18.8669        135.734        195.585       0.217510E+09    2.79983       0.279983        13.9100       0.195624E+09   0.216867E+08    198822.       0.140192E+08   -67.1223       -88.6962       -114.240               0           1        2110
         198    10.0421        8.31731        8.25190        9.59741        88.5636        160.326       0.139863E+09    2.69316       0.269316        13.2200       0.131109E+09   0.875393E+07    0.00000        0.00000       -95.4169       -109.451       -188.978               1           1        2108
         199    10.2403        8.61169        8.72398        6.14794        236.042        133.348       0.345214E+09    2.37486       0.237486        12.3500       0.319167E+09   0.252293E+08    817789.       0.712664E+07   -47.2541       -37.9238       -74.2731               0           1        2090
         200    10.8447        9.83030        8.36516       -50.2697        36.1412        133.346       0.174068E+09    3.05276       0.305276        15.5500       0.169851E+09   0.415469E+07    61599.3       0.284751E+07    99.6083        258.170       -161.458               0           1        2082
         201    10.8730        9.80967        8.36314       -63.0991        40.7435        115.138       0.194721E+09    3.15384       0.315384        15.4700       0.189638E+09   0.499835E+07    83820.5       0.217426E+07    106.475        253.157       -161.949               0           1        2079
         202    11.7317        9.28824        8.78770       -82.8172        38.8040        86.1791       0.156573E+09    2.97453       0.297453        14.6100       0.155635E+09    841702.        96325.5       0.180037E+07    315.116        126.462       -58.7906               0           1        2072
         203    9.79926        8.17831        8.85279        31.7949        158.491        85.9795       0.162199E+09    2.99032       0.299032        14.7000       0.159542E+09   0.259641E+07    60378.2        833227.       -154.412       -143.225       -42.9753               0           1        2027
         204    9.85478        8.69865        8.55923        68.3820        97.0068        116.840       0.144847E+09    2.80906       0.280906        14.0300       0.144328E+09    335903.        183090.       0.362988E+07   -140.922       -16.7945       -114.304               0           1        2020
         205    10.7756        8.48053        8.85722       -69.5841        113.699        105.796       0.146650E+09    2.83166       0.283166        13.9900       0.139506E+09   0.713277E+07    10801.5        168451.        82.8259       -69.7926       -41.8989               0           1        2018
         206    9.63051        8.43901        8.38309        65.0364        113.838        110.699       0.135220E+09    2.77650       0.277650        14.5800       0.132107E+09   0.304304E+07    70678.2       0.108071E+07   -195.414       -79.8810       -157.101               0           1        2016
         207    10.0264        8.27187        8.25927        61.1856        134.382        125.819       0.143892E+09    2.87539       0.287539        14.5300       0.140587E+09   0.330550E+07    0.00000        0.00000       -99.2244       -120.492       -187.187               1           1        2011
         208    9.92007        9.34681        8.38972        5.86234        93.2803        167.347       0.169569E+09    3.05689       0.305690        15.0600       0.169186E+09    251666.        130976.       0.225966E+07   -125.058        140.693       -155.490               0           1        1983
         209    9.70874        9.16130        8.78819        63.9645        131.522        135.776       0.149803E+09    2.91548       0.291548        15.1200       0.147072E+09   0.273175E+07    0.00000        0.00000       -176.406        95.6186       -58.6716               1           1        1974
         210    10.4176        8.81924        9.01144        68.9631        86.8684        102.096       0.243974E+09    2.68368       0.268368        13.3600       0.237276E+09   0.643067E+07    266964.       0.438125E+07   -4.17191        12.5060       -4.42704               0           0        1969
         212    10.1219        9.30106        8.25289        3.53518        87.2841        163.868       0.176300E+09    3.02239       0.302239        15.1300       0.170766E+09   0.550573E+07    27989.9       0.139347E+07   -76.0274        129.577       -188.737               0           1        1966
         213    10.2032        8.56565        8.67118        24.5877        177.563        70.1070       0.125270E+09    2.55782       0.255782        12.5600       0.116726E+09   0.824670E+07    297241.        894730.       -56.2661       -49.1104       -87.1023               0           1        1963
         214    10.2411        7.90054        8.36488        4.45618        132.698        64.6936       0.339104E+09    2.88973       0.288973        16.0800       0.317089E+09   0.199814E+08   0.203363E+07   0.331836E+08   -47.0597       -210.717       -161.526               0           1        1911
         215    9.09324        8.09881        9.00176        43.6882        155.072        81.1450       0.161019E+09    2.97914       0.297914        14.6300       0.158794E+09   0.215697E+07    68090.3        872873.       -325.958       -162.542       -6.77905               0           1        1898
         216    10.6842        8.67332        9.06205       -61.9061        151.482        18.0434       0.216817E+09    3.09116       0.309116        15.3700       0.211005E+09   0.581228E+07    0.00000        0.00000        60.5960       -22.9491        7.87001               1           1        1885
         217    10.6218        9.43960        7.90486       -55.2524        52.8891        113.359       0.192466E+09    3.21143       0.321143        16.6700       0.190553E+09   0.191315E+07    0.00000        0.00000        45.4391        163.239       -273.300               1           1        1877
         218    10.9154        9.71783        8.31603       -63.1121        57.4653        131.588       0.144377E+09    2.88851       0.288851        14.9800       0.143995E+09    205343.        175845.       0.653725E+07    116.792        230.842       -173.395               0           1        1871
         219    9.27608        8.46163        9.00656        85.4579        128.139        110.022       0.127084E+09    2.75196       0.275196        13.7200       0.126952E+09    43352.4        88762.8       0.203033E+07   -281.532       -74.3849       -5.61276               0           1        1869
         220    8.96698        8.52753        8.82924        65.7012        103.718        112.316       0.165248E+09    3.01462       0.301462        14.8000       0.164946E+09    159073.        142634.       0.245039E+07   -356.636       -58.3727       -48.6974               0           1        1847
         222    9.70191        9.64812        8.06392        29.2865        76.9204        177.804       0.157870E+09    2.79667       0.279667        14.0000       0.149898E+09   0.793738E+07    34510.9        747086.       -178.065        213.905       -234.652               0           1        1817
         223    11.1792        8.46985        9.28834       -28.8252        141.511        42.0661       0.124239E+09    2.71017       0.271017        13.8000       0.121964E+09   0.227490E+07    0.00000        0.00000        180.891       -72.3876        62.8532               1           1        1811
         224    10.1547        8.50475        8.65584        72.8325        151.025        65.2369       0.266370E+09    2.49513       0.249513        12.4400       0.252906E+09   0.126861E+08    777595.       0.688719E+07   -68.0456       -63.9077       -90.8295               0           1        1810
         225    10.3501        8.76928        8.90402        8.93265        137.576        48.4229       0.117074E+09    2.60083       0.260083        12.7700       0.116976E+09    50488.6        48134.2       0.174742E+07   -20.5801       0.366895       -30.5276               0           1        1794
         226    10.4140        8.73569        9.04004       -100.723        212.592        76.3888       0.162987E+09    2.50655       0.250655        13.7300       0.159043E+09   0.381939E+07    124171.       0.420048E+07   -5.03691       -7.79469        2.52210               0           0        1774
         227    10.2041        9.41811        9.33160       -60.5514        158.037        142.670       0.189972E+09    2.99834       0.299834        16.2800       0.176503E+09   0.129438E+08    525241.       0.166835E+08   -56.0426        158.017        73.3644               0           1        1768
         228    10.3554        8.34873        8.69797       -43.9909        171.743        36.1201       0.127849E+09    2.76921       0.276921        13.5900       0.125954E+09   0.186480E+07    29623.6       0.101830E+07   -19.2729       -101.817       -80.5929               0           1        1758
         229    10.5086        8.54674        8.35945       -72.6248        80.2208        145.588       0.258396E+09    2.74297       0.274297        13.8600       0.231956E+09   0.263226E+08    118049.       0.182238E+07    17.9535       -53.7051       -162.845               0           1        1757
         230    10.1006        8.50641        8.65821        86.5884        118.030        47.5436       0.160337E+09    2.47472       0.247472        12.3300       0.146656E+09   0.136282E+08    52817.6       0.104873E+07   -81.1979       -63.5044       -90.2537               0           1        1738
         231    10.2715        8.14799        8.55150       -59.8151        162.615        15.7943       0.121157E+09    2.62391       0.262391        13.6000       0.117142E+09   0.383851E+07    176877.       0.573732E+07   -39.6781       -150.592       -116.182               0           1        1722
         232    10.2109        8.94828        8.50049       -22.3168        78.5902        172.822       0.179797E+09    3.00563       0.300563        14.7400       0.171680E+09   0.807576E+07    41251.6        794952.       -54.3976        43.8597       -128.576               0           1        1708
         233    10.4072        9.16459        8.32270       -67.8228        54.9634        145.841       0.110258E+09    2.63995       0.263995        13.3200       0.110075E+09    116684.        65948.6       0.529600E+07   -6.69644        96.4180       -171.775               0           1        1707
         234    11.0955        8.35916        9.01324       -88.8495        112.286        21.1309       0.351776E+09    2.38263       0.238263        13.0200       0.333384E+09   0.176159E+08    776297.       0.119299E+08    160.540       -99.2827       -3.98968               0           1        1704
         235    9.81121        8.70353        9.09892        21.5502        144.580        74.2394       0.105448E+09    2.60569       0.260569        14.4800       0.105253E+09    32461.9        162975.       0.399899E+07   -151.508       -15.6088        16.8286               0           1        1702
         236    10.3192        8.92790        8.27499       -27.6016        52.9835        156.973       0.134045E+09    2.82777       0.282777        14.1700       0.133520E+09    427148.        97534.2       0.246224E+07   -28.0808        38.9079       -183.367               0           1        1696
         237    11.4958        8.38557        8.69396       -67.4296        77.5217        99.0358       0.131602E+09    2.73422       0.273422        13.8700       0.127118E+09   0.441185E+07    71856.3       0.245994E+07    257.806       -92.8657       -81.5673               0           1        1694
         238    9.84454        8.71280        8.55207        77.0985        88.3559        136.028       0.140096E+09    2.84089       0.284089        14.0000       0.137594E+09   0.240359E+07    99021.3       0.258691E+07   -143.410       -13.3564       -116.043               0           1        1684
         239    10.4438        8.53292        8.54764       -71.5816        123.841        105.407       0.121493E+09    2.73058       0.273058        13.4000       0.121049E+09    326313.        117629.       0.379771E+07    2.18436       -57.0631       -117.120               0           1        1677
         240    10.1879        8.62327        8.76848       -4.70418        142.509        17.7860       0.169304E+09    2.26892       0.226892        12.1100       0.161953E+09   0.694332E+07    407882.       0.838171E+07   -59.9739       -35.1101       -63.4607               0           1        1670
         241    10.1893        8.54029        9.55198       -13.3042        174.174        41.3521       0.148701E+09    2.94464       0.294464        14.8700       0.148236E+09    412723.        53157.7       0.199109E+07   -59.6411       -55.2723        126.912               0           1        1576
         242    10.4248        8.53175        9.30263       -18.1442        169.057        34.6437       0.118712E+09    2.70604       0.270604        13.9100       0.117973E+09    739073.        0.00000        0.00000       -2.41033       -57.3474        66.3253               1           1        1574
         243    10.1280        9.05097        9.04879       -12.1244        112.775        107.542       0.123081E+09    2.63825       0.263825        13.5100       0.120218E+09   0.284428E+07    18794.5        107104.       -74.5307        68.8110        4.64814               0           1        1573
         244    10.0453        8.41705        8.52948        80.7495        155.518        109.558       0.145109E+09    2.88487       0.288487        14.2400       0.142832E+09   0.227755E+07    0.00000        0.00000       -94.6273       -85.2168       -121.532               1           1        1571
         245    9.37323        8.49335        9.05102        104.171        133.384        108.740       0.181253E+09    2.74345       0.274345        13.4800       0.168687E+09   0.125622E+08    3357.25        98529.4       -257.927       -66.6777        5.18998               0           1        1564
         246    11.2594        8.78229        9.14524       -81.2890        49.2944        71.4483       0.108154E+09    2.62974       0.262974        12.9500       0.107997E+09    123469.        34300.9       0.178806E+07    200.376        3.52802        28.0832               0           1        1562
         247    9.70398        9.65666        8.04764        30.8039        78.0338        194.834       0.154620E+09    2.90333       0.290333        14.2600       0.148152E+09   0.645161E+07    16022.7       0.107884E+07   -177.563        215.980       -238.608               0           1        1555
         248    10.4747        8.55082        8.37204       -43.9397        26.4703        120.361       0.282154E+09    2.59840       0.259840        12.9200       0.277349E+09   0.471755E+07    87024.0       0.254372E+07    9.70692       -52.7138       -159.786               0           1        1535
         249    10.5321        8.54948        8.11123       -58.6867        53.8156        138.238       0.119392E+09    2.70191       0.270191        14.1100       0.117391E+09   0.200069E+07    0.00000        0.00000        23.6465       -53.0394       -223.157               1           1        1534
         250    11.2561        8.55725        9.29589       -68.7342        69.3089        81.3585       0.109363E+09    2.54154       0.254154        12.4700       0.104754E+09   0.440483E+07    203711.       0.297286E+07    199.559       -51.1515        64.6877               0           1        1512
         251    10.3123        9.05674        9.22028       -73.4032        111.247        107.244       0.301216E+09    2.34935       0.234935        14.7400       0.288490E+09   0.112539E+08   0.147222E+07   0.300908E+08   -29.7671        70.2130        46.3162               0           1        1511
         252    10.8612        9.56450        8.66433       -91.6327        56.5586        105.156       0.204074E+09    3.23913       0.323913        16.7300       0.201028E+09   0.304614E+07    0.00000        0.00000        103.615        193.587       -88.7667               1           1        1503
         253    10.3528        8.60250        8.13853        17.7930        70.0100        158.229       0.120511E+09    2.71794       0.271794        13.3300       0.119885E+09    583644.        41769.6        823651.       -19.9192       -40.1568       -216.524               0           1        1496
         254    9.39514        8.37048        8.87177        62.9122        145.686        119.400       0.124770E+09    2.69996       0.269996        13.5800       0.119968E+09   0.480171E+07    0.00000        0.00000       -252.603       -96.5322       -38.3636               1           1        1486
         255    9.72600        7.59878        9.38540       0.146074E-01    153.157        36.9899       0.107108E+09    2.61322       0.261322        13.0800       0.106334E+09    734935.        39631.5        559372.       -172.212       -284.037        86.4365               0           1        1477
         256    9.83994        7.78899        9.63314       -5.40561        152.057        48.1055       0.117182E+09    2.69122       0.269121        13.2300       0.116726E+09    429632.        26119.0       0.115590E+07   -144.527       -237.821        146.632               0           1        1460
         257    9.93308        9.61913        7.92979        8.90515        65.0404        167.207       0.114822E+09    2.66838       0.266837        13.3300       0.113733E+09   0.108934E+07    0.00000        0.00000       -121.897        206.861       -267.243               1           1        1450
         258    10.0250        9.23695        8.87817       -23.4594        98.8025        118.478       0.103503E+09    2.49246       0.249246        12.9300       0.102011E+09   0.127378E+07    218849.       0.699041E+07   -99.5524        114.000       -36.8085               0           1        1445
         259    11.0816        8.65621        8.45900       -60.3037        59.9038        119.124       0.110905E+09    2.63679       0.263679        14.0400       0.110574E+09    59411.2        271253.       0.292027E+07    157.157       -27.1065       -138.657               0           1        1436
         260    9.05501        9.35570        8.12397        58.2923        72.6320        144.226       0.118713E+09    2.70798       0.270798        13.2900       0.118555E+09    2464.26        155630.       0.262052E+07   -335.247        142.853       -220.062               0           1        1435
         261    10.9341        8.27801        8.87574       -16.3562        165.824        46.4560       0.111986E+09    2.63582       0.263582        12.9400       0.110408E+09   0.157796E+07    0.00000        0.00000        121.323       -119.000       -37.3990               1           1        1406
         262    9.49346        8.26680        8.79386        27.6146        142.922        107.386       0.221832E+09    3.22528       0.322528        15.8600       0.214247E+09   0.758530E+07    0.00000        0.00000       -228.714       -121.724       -57.2939               1           1        1373
         263    10.1756        9.42064        8.37439       -77.1934        52.9713        139.532       0.122603E+09    2.70191       0.270191        13.2900       0.120883E+09   0.172016E+07    0.00000        0.00000       -62.9747        158.632       -159.215               1           1        1372
         265    10.8963        9.58979        8.82516       -101.185        53.3071        105.814       0.151956E+09    2.92131       0.292131        14.5700       0.149981E+09   0.197445E+07    0.00000        0.00000        112.136        199.732       -49.6887               1           1        1346
         268    11.2031        8.25837        8.93993       -53.4475        115.942        73.5357       0.140762E+09    2.80882       0.280882        14.2600       0.133188E+09   0.753085E+07    43623.4       0.415269E+07    186.696       -123.772       -21.8023               0           1        1223
         269    10.7111        8.63728        8.64355       -71.0306        79.3082        116.923       0.106754E+09    2.63946       0.263946        14.1900       0.106168E+09    586447.        0.00000        0.00000        67.1466       -31.7060       -93.8157               1           1        1221
         270    9.34767        8.08403        8.36944        34.8987        135.729        95.3306       0.109028E+09    2.62877       0.262877        13.2700       0.107248E+09   0.177981E+07    0.00000        0.00000       -264.138       -166.133       -160.418               1           1        1204
         271    9.76960        7.67144        9.27497        3.34383        154.862        47.7077       0.114972E+09    2.66011       0.266011        13.0500       0.113733E+09   0.121703E+07    22212.8        402777.       -161.618       -266.383        59.6046               0           1        1191
         272    10.9531        9.55559        8.72874       -99.4112        59.4299        106.514       0.154723E+09    2.96481       0.296481        14.8600       0.152725E+09   0.199816E+07    0.00000        0.00000        125.949        191.422       -73.1165               1           1        1181
         274    10.2966        8.15517        9.68340       -17.9258        167.746        51.3235       0.142684E+09    2.88730       0.288730        15.1700       0.141501E+09   0.118299E+07    0.00000        0.00000       -33.5599       -148.848        158.844               1           1        1136
         276    10.3992        9.30338        7.80575       -40.7903        67.4103        127.081       0.144652E+09    2.86081       0.286081        14.1000       0.139755E+09   0.489673E+07    0.00000        0.00000       -8.64754        130.141       -297.382               1           1        1062
