#          i      x              y              z              v_x            v_y            v_z            Mvir           Rvir     Rs (Rockstar)       v_max           Mdm           Mgas           Mstars    Avg age of stars     xc             yc             zc      flag DM only  flag outside Rvir  Np bound
# (h^-1 comoving Mpc) (h^-1 comoving Mpc) (h^-1 comoving Mpc) (km/s)         (km/s)         (km/s)         (Msun)         (kpc)         (kpc)           (km/s)         (Msun)         (Msun)         (Msun)         (yrs)          (kpc)          (kpc)          (kpc)
           1    10.1813        8.77601        8.82537       -36.6789        78.6421        75.8012       0.612794E+11    24.3068        2.43067        94.2000       0.534278E+11   0.694391E+10   0.907666E+09   0.354900E+10    0.00000        0.00000        0.00000               0           0      356168
           2    10.3443        8.92512        9.11614       -64.0602        131.664        58.5892       0.388346E+11    21.2672        2.12672        83.3500       0.357916E+11   0.242407E+10   0.618882E+09   0.464110E+10    46.5801        42.6082        83.0875               0           1      353548
           3    10.1769        8.66926        8.77540        35.4166        200.764        123.963       0.278112E+11    17.6245        1.76245        67.9300       0.232343E+11   0.435025E+10   0.226623E+09   0.129816E+10   -1.25444       -30.5038       -14.2789               0           1      160241
           4    10.1993        8.76284        8.88997       -21.1324        148.021        127.359       0.198199E+11    14.0035        1.40035        58.8100       0.185234E+11   0.107149E+10   0.225014E+09   0.122072E+10    5.14350       -3.76333        18.4594               0           0      125996
           5    9.99336        8.68015        8.59757        70.8314        109.219        164.659       0.997359E+10    13.6037        1.36037        52.7000       0.882209E+10   0.107162E+10   0.798745E+08   0.545661E+09   -53.6981       -27.3920       -65.0938               0           1       83012
           7    10.2094        8.36558        8.51635        11.0853        135.331        155.675       0.870195E+10    12.6456        1.26456        49.0300       0.763261E+10   0.102577E+10   0.435619E+08   0.528048E+09    8.03529       -117.280       -88.3024               0           1       73806
           8    9.68853        9.90808        8.25155        19.1442        47.4724        202.627       0.901243E+10    13.1439        1.31439        53.3800       0.837027E+10   0.561683E+09   0.804870E+08   0.542446E+09   -140.803        323.489       -163.969               0           1       73655
           9    10.4088        8.71194        8.38969       -32.1096        59.5714        164.044       0.647923E+10    11.8123        1.18123        46.3700       0.610681E+10   0.342217E+09   0.302050E+08   0.281286E+09    65.0138       -18.3080       -124.496               0           1       52624
          11    11.0320        8.53417        9.11039       -44.0321        132.739        72.0351       0.465284E+10    10.3959        1.03959        40.0700       0.432159E+10   0.310280E+09   0.209665E+08   0.255474E+09    243.102       -69.1058        81.4444               0           1       42686
          12    10.1775        8.65309        8.70996       -3.21832        236.443        173.686       0.523418E+10    9.03084       0.903084        35.8300       0.452138E+10   0.668865E+09   0.439375E+08   0.293595E+09   -1.07156       -35.1244       -32.9784               0           1       41044
          13    10.7358        8.69639        9.11617       -84.0682        161.098        63.3881       0.424451E+10    10.0275        1.00275        39.0900       0.393717E+10   0.281539E+09   0.258068E+08   0.356062E+09    158.454       -22.7514        83.0961               0           1       40718
          14    10.3917        8.65350        8.52438       -73.9622        84.4810        128.174       0.530481E+10    10.7585        1.07585        41.5100       0.469949E+10   0.590856E+09   0.144629E+08   0.151876E+09    60.1189       -35.0072       -86.0079               0           1       35991
          15    10.2327        8.28745        8.51128        10.2820        166.811        109.659       0.259757E+10    8.68108       0.868108        35.7400       0.245293E+10   0.129681E+09   0.149565E+08   0.354710E+09    14.6961       -139.606       -89.7512               0           1       35505
          16    10.2030        8.67697        8.72894       -11.9975        155.769        108.652       0.986709E+10    10.6525        1.06525        41.0600       0.852999E+10   0.125655E+10   0.805489E+08   0.308728E+09    6.21220       -28.3007       -27.5549               0           1       33869
          17    10.2533        8.07558        8.48566       -1.12161        146.756        101.110       0.291556E+10    8.68451       0.868451        37.1000       0.253790E+10   0.364364E+09   0.132965E+08   0.179239E+09    20.5883       -200.148       -97.0721               0           1       33345
          18    9.42327        8.60974        9.23504        52.8432        180.777        98.4643       0.517087E+10    10.7959        1.07959        41.9700       0.477701E+10   0.366677E+09   0.271760E+08   0.925753E+08   -216.601       -47.5116        117.063               0           1       32604
          19    10.0837        8.83287        8.92769        75.3957        123.360        81.6696       0.287178E+10    8.91083       0.891083        34.3500       0.267950E+10   0.181353E+09   0.109275E+08   0.132065E+09   -27.8835        16.2477        29.2379               0           1       31211
          20    10.7005        8.70863        9.07953       -62.2493        125.472        81.8731       0.346848E+10    9.24487       0.924487        35.8700       0.321318E+10   0.239533E+09   0.157635E+08   0.214653E+09    148.373       -19.2538        72.6262               0           1       30348
          21    10.3762        8.94483        9.09502       -38.6315        8.63508        69.2111       0.393180E+10    7.68782       0.768782        33.3200       0.377919E+10   0.138636E+09   0.139804E+08   0.192938E+09    55.6841        48.2403        77.0525               0           1       26715
          22    10.0699        8.74186        8.74860        66.8758        69.7307        170.432       0.205377E+10    7.93699       0.793699        33.3000       0.189598E+10   0.147744E+09   0.100436E+08   0.133151E+09   -31.8325       -9.75836       -21.9370               0           1       25455
          23    10.0937        9.61772        8.19441       -25.2809        54.4943        158.064       0.252141E+10    8.40962       0.840962        32.4200       0.227752E+10   0.234403E+09   0.948205E+07   0.100329E+09   -25.0174        240.519       -180.297               0           1       24225
          24    10.2318        8.33621        8.59248       -22.7700        171.652        45.3384       0.187968E+10    7.75697       0.775697        32.1600       0.172937E+10   0.142116E+09   0.819957E+07   0.938561E+08    14.4504       -125.673       -66.5483               0           1       22443
          25    10.0507        9.62311        8.33379       -31.1218        67.3302        161.424       0.471971E+10    10.5873        1.05873        41.9400       0.447387E+10   0.235863E+09   0.998103E+07   0.791206E+08   -37.3046        242.059       -140.469               0           1       19020
          26    10.1565        8.69259        8.73090        13.7107        115.051        125.254       0.335195E+10    7.16118       0.716118        28.9800       0.290199E+10   0.435727E+09   0.142272E+08   0.144512E+09   -7.06659       -23.8373       -26.9948               0           1       17532
          27    10.0953        9.08462        8.88042       -37.9415        65.3074        163.861       0.120753E+10    6.44909       0.644909        25.4700       0.102401E+10   0.179626E+09   0.388663E+07   0.439323E+08   -24.5659        88.1853        15.7305               0           1       17012
          28    9.96844        8.49560        8.33462        37.4164        115.251        164.899       0.199727E+10    7.95928       0.795928        33.1600       0.183388E+10   0.159771E+09   0.362111E+07   0.245388E+08   -60.8190       -80.1271       -140.232               0           1       16076
          29    10.0619        9.14717        8.91766       -22.9705        70.5721        159.133       0.141392E+10    6.93858       0.693858        27.2700       0.130303E+10   0.106685E+09   0.420774E+07   0.352066E+08   -34.1185        106.059        26.3719               0           1       15337
          30    10.2595        7.92458        8.49857       -5.29799        141.352        27.7948       0.271769E+10    8.50621       0.850621        33.8200       0.245990E+10   0.250263E+09   0.752513E+07   0.434428E+08    22.3399       -243.296       -93.3831               0           1       14385
          31    10.7131        8.85406        8.87745       -66.9702        58.9268        125.298       0.140645E+10    7.03431       0.703431        27.7600       0.130860E+10   0.959182E+08   0.193474E+07   0.523991E+08    151.962        22.3028        14.8819               0           1       14054
          32    10.7500        9.67919        8.74671       -85.4655        58.2949        141.495       0.117778E+10    6.74799       0.674799        27.0800       0.114141E+10   0.340160E+08   0.235584E+07   0.370767E+08    162.515        258.084       -22.4771               0           1       13920
          33    9.45604        8.65117        9.20862        47.8583        148.067        139.401       0.269974E+10    8.25332       0.825332        31.8100       0.234444E+10   0.350783E+09   0.451333E+07   0.176217E+08   -207.237       -35.6730        109.514               0           1       13510
          34    9.18947        8.36651        9.09286        61.9650        151.750        113.636       0.167339E+10    7.54351       0.754351        29.1200       0.161680E+10   0.546781E+08   0.191358E+07   0.205393E+08   -283.410       -117.015        76.4352               0           1       13173
          35    10.2400        8.26040        8.58207       -20.8278        184.476        46.0517       0.109532E+10    6.30079       0.630079        24.3300       0.970473E+09   0.122685E+09   0.216308E+07   0.251641E+08    16.7849       -147.335       -69.5229               0           1       13055
          36    9.30453        9.35762        8.40849        70.2534        84.2122        166.720       0.132873E+10    6.84428       0.684428        26.9000       0.122421E+10   0.102019E+09   0.249775E+07   0.470011E+08   -250.531        166.195       -119.123               0           1       12502
          37    9.46667        8.67698        9.22299        65.5541        112.476        113.865       0.155188E+10    6.69598       0.669598        25.9100       0.137836E+10   0.168890E+09   0.463580E+07   0.235865E+08   -204.200       -28.2978        113.620               0           1       12406
          38    9.77404        8.89913        9.24782        22.9796        165.535        78.4651       0.922005E+09    6.12591       0.612591        25.1900       0.863223E+09   0.574102E+08   0.137125E+07   0.326505E+08   -116.369        35.1815        120.715               0           1       12130
          39    9.79062        8.32089        8.99535        19.7529        190.821        53.7001       0.129149E+10    6.92401       0.692401        27.9100       0.122737E+10   0.627875E+08   0.132725E+07   0.274573E+08   -111.631       -130.050        48.5718               0           1       11750
          40    9.46199        8.81710        9.28731        51.9769        131.141        124.688       0.137431E+10    6.95487       0.695487        28.6000       0.129671E+10   0.751535E+08   0.244800E+07   0.599182E+08   -205.537        11.7415        131.999               0           1       10576
          41    10.1355        8.76022        8.84546        141.594        127.620        111.207       0.788919E+09    5.18065       0.518065        21.4000       0.716984E+09   0.712612E+08    673829.       0.155302E+08   -13.0931       -4.51199        5.74072               0           0       10436
          42    10.2801        8.17689        8.26494        10.0616        119.212        139.593       0.854784E+09    5.96103       0.596103        24.2500       0.825063E+09   0.277595E+08   0.196175E+07   0.271149E+08    28.2349       -171.198       -160.143               0           1       10407
          43    10.2055        8.75620        8.77302       -53.4019        53.0205        246.972       0.916437E+09    5.09521       0.509521        20.5100       0.830636E+09   0.848882E+08    913065.       0.533630E+07    6.91800       -5.66071       -14.9590               0           0       10286
          44    10.2600        9.22307        8.65602       -78.7866        71.7922        151.476       0.136326E+10    7.14061       0.714061        28.7000       0.132639E+10   0.359573E+08    915915.       0.135583E+08    22.4999        127.747       -48.3917               0           1       10262
          45    9.39593        8.87866        8.30899        42.4415        97.0250        123.967       0.141629E+10    7.11918       0.711918        27.6700       0.133121E+10   0.838088E+08   0.126939E+07   0.254673E+08   -224.414        29.3322       -147.556               0           1       10100
          46    9.56870        8.65495        9.17120        17.6286        175.971        87.8339       0.920789E+09    6.26907       0.626907        26.8100       0.915518E+09   0.279851E+07   0.247317E+07   0.873988E+08   -175.045       -34.5929        98.8209               0           1        9566
          47    10.2181        9.19956        9.35242       -67.8298        117.187        103.124       0.898397E+09    5.68842       0.568843        21.9400       0.732198E+09   0.163598E+09   0.260066E+07   0.243463E+08    10.5356        121.029        150.604               0           1        9493
          48    9.93674        9.12840        9.25676        10.1067        145.149        80.7697       0.947252E+09    6.27993       0.627993        26.0200       0.926741E+09   0.195889E+08    921851.       0.189000E+08   -69.8773        100.695        123.270               0           1        9421
          49    9.36035        8.28370        8.47499        52.3726        123.663        108.402       0.157899E+10    7.41664       0.741664        29.5100       0.151785E+10   0.599354E+08   0.120033E+07   0.277038E+08   -234.581       -140.678       -100.121               0           1        9282
          50    9.90178        8.51118        8.32236        63.0338        95.9663        159.649       0.718924E+09    5.74700       0.574700        24.4300       0.705594E+09   0.116920E+08   0.163862E+07   0.243902E+08   -79.8671       -75.6751       -143.735               0           1        8686
          51    10.2063        9.34724        9.12999       -96.1351        83.3817        152.534       0.949805E+09    6.19878       0.619877        23.9000       0.915185E+09   0.334361E+08   0.118462E+07   0.129649E+08    7.14375        163.229        87.0451               0           1        8481
          52    10.2941        9.44176        8.08272       -41.8840        78.6097        146.318       0.738885E+09    5.83930       0.583930        23.4900       0.732447E+09   0.524813E+07   0.118947E+07   0.386075E+08    32.2240        190.238       -212.212               0           1        8059
          53    10.1936        8.82112        8.90620        54.0223        61.8288        20.0107       0.675516E+09    4.81203       0.481203        19.9300       0.653799E+09   0.204759E+08   0.124176E+07   0.152324E+08    3.52615        12.8902        23.0972               0           1        8027
          54    10.4621        8.62105        8.42305       -72.5933        107.159        158.837       0.747275E+09    5.33495       0.533495        20.5700       0.606410E+09   0.137859E+09   0.300674E+07   0.129122E+08    80.2386       -44.2798       -114.963               0           1        7817
          55    10.2056        8.75595        8.79261        113.295        191.892        102.483       0.627767E+09    4.20281       0.420281        16.8700       0.555530E+09   0.712855E+08    952305.       0.499260E+07    6.96372       -5.73214       -9.36117               0           0        7696
          56    10.1513        9.05586        8.71853       -20.1532        40.1070        178.776       0.104514E+10    6.38337       0.638337        24.8600       0.997826E+09   0.465845E+08    727554.       0.133417E+08   -8.56392        79.9671       -30.5295               0           1        7460
          57    10.2379        8.89762        8.94623        20.9549        111.799        18.0346       0.533404E+09    5.01148       0.501148        19.4800       0.489185E+09   0.439233E+08    295554.       0.101849E+08    16.1877        34.7500        34.5357               0           1        7444
          60    10.0422        8.86822        8.96281        97.2554        116.525        70.6301       0.488107E+09    4.71630       0.471630        19.2000       0.437806E+09   0.497549E+08    546860.       0.140365E+08   -39.7278        26.3490        39.2735               0           1        7141
          61    9.38686        9.38472        8.47779        46.3234        108.249        143.232       0.583129E+09    5.35181       0.535181        21.9700       0.569746E+09   0.125408E+08    842115.       0.187541E+08   -227.005        173.939       -99.3209               0           1        7138
          62    10.3925        8.91769        9.08169       -172.245        129.044        83.5397       0.955676E+09    5.18636       0.518636        23.2500       0.909035E+09   0.446176E+08   0.202337E+07   0.235727E+08    60.3704        40.4850        73.2434               0           1        7087
          63    10.1851        8.35079        8.51212        37.3916        100.409        120.786       0.115041E+10    5.03892       0.503892        20.2100       0.989682E+09   0.158547E+09   0.217835E+07   0.164934E+08    1.08871       -121.507       -89.5111               0           1        7040
          64    9.46757        8.60698        9.11340        49.7159        155.389        132.765       0.523394E+09    4.98234       0.498234        19.2500       0.477379E+09   0.454457E+08    568569.       0.117575E+08   -203.943       -48.3003        82.3045               0           1        7028
          65    10.1913        8.78319        8.83730       -64.4836        143.600       -7.10088       0.704049E+10    4.65715       0.465715        24.9600       0.524445E+10   0.142589E+10   0.370152E+09   0.852481E+09    2.87179        2.05168        3.40900               0           0        7008
          66    11.1652        8.69061        9.09645       -77.7272        79.4437        51.9386       0.735597E+09    5.72814       0.572814        22.1800       0.730535E+09   0.380642E+07   0.125577E+07   0.195570E+08    281.149       -24.4030        77.4611               0           1        7001
          67    9.81518        9.30291        8.92540        36.3015        123.486        174.489       0.773635E+09    5.80101       0.580101        24.6500       0.756225E+09   0.156330E+08   0.177717E+07   0.198046E+08   -104.613        150.562        28.5836               0           1        6700
          68    10.2845        8.21449        8.48369       -4.33283        160.050        108.900       0.466454E+09    4.83861       0.483860        21.1600       0.443459E+09   0.217166E+08   0.127826E+07   0.483420E+08    29.4894       -160.454       -97.6350               0           1        6286
          69    10.0436        8.87908        8.92510        73.7966        137.878        58.2082       0.394260E+09    4.54800       0.454800        18.3200       0.366057E+09   0.277973E+08    405475.       0.501006E+07   -39.3478        29.4522        28.4978               0           1        6088
          70    10.0567        9.62894        8.27275       -48.4584        85.1587        164.342       0.631766E+09    5.31038       0.531038        21.6700       0.599011E+09   0.314361E+08   0.131885E+07   0.147920E+08   -35.5930        243.725       -157.911               0           1        6034
          71    10.8230        8.85207        8.86586       -86.7408        58.8451        120.841       0.347992E+09    4.35454       0.435454        17.0100       0.327814E+09   0.199209E+08    257111.       0.711879E+07    183.366        21.7341        11.5700               0           1        6031
          72    9.73487        9.75372        8.31753        14.9886        74.9823        199.970       0.462756E+09    4.76660       0.476660        18.3700       0.423922E+09   0.387869E+08    47917.2       0.140451E+07   -127.562        279.381       -145.115               0           1        5941
          73    10.7951        9.83684        8.52198       -54.6835        61.9085        143.385       0.606276E+09    5.38410       0.538410        20.7500       0.585459E+09   0.206013E+08    215965.       0.476784E+07    175.396        303.132       -86.6937               0           1        5924
          74    10.5454        8.51065        8.30712       -49.7978        103.592        135.900       0.429346E+09    4.80060       0.480060        19.4300       0.418185E+09   0.106957E+08    465151.       0.187179E+08    104.059       -75.8266       -148.090               0           1        5841
          75    10.1494        8.62906        8.77561        32.1228        220.663        126.305       0.502837E+09    4.20824       0.420824        17.2500       0.498995E+09   0.256827E+07   0.127304E+07   0.407750E+08   -9.11828       -41.9909       -14.2189               0           1        5830
          76    11.1954        8.67784        9.50619       -70.1250        91.6248        83.1439       0.690929E+09    5.56441       0.556441        21.5400       0.674001E+09   0.158802E+08   0.104768E+07   0.405125E+08    289.790       -28.0521        194.544               0           1        5680
          77    10.7186        8.71780        9.09340       -47.4994        113.394        35.1952       0.126760E+10    4.98062       0.498062        21.3600       0.109327E+10   0.171104E+09   0.322817E+07   0.397979E+08    153.548       -16.6335        76.5895               0           1        5678
          78    10.3181        8.84173        8.44973       -51.7799        46.6213        161.920       0.486071E+09    5.01520       0.501520        19.4700       0.468068E+09   0.176695E+08    333853.       0.804517E+07    39.0849        18.7795       -107.339               0           1        5541
          79    10.1759        8.65883        8.76801        8.40263        200.264        180.446       0.340364E+10    4.42912       0.442912        20.1300       0.285835E+10   0.436268E+09   0.109026E+09   0.607534E+09   -1.55162       -33.4842       -16.3906               0           1        5507
          80    10.5063        8.64228        8.78017       -100.460        137.794        108.498       0.536359E+09    5.22322       0.522322        20.6100       0.529923E+09   0.564511E+07    790831.       0.119635E+08    92.8630       -38.2133       -12.9159               0           1        5478
          81    10.1149        9.61777        8.09442       -11.8140        20.6443        178.231       0.405639E+09    4.63458       0.463458        18.6800       0.376865E+09   0.285424E+08    231150.       0.548436E+07   -18.9795        240.533       -208.869               0           1        5451
          82    10.0029        9.64726        8.28717       -22.1076        21.5106        180.013       0.469876E+09    4.94633       0.494633        19.8100       0.444374E+09   0.251196E+08    382291.       0.847252E+07   -50.9778        248.960       -153.791               0           1        5424
          83    9.94796        9.72770        8.36497       -32.9823        19.8942        163.474       0.757633E+09    5.69700       0.569700        23.5200       0.701021E+09   0.557745E+08    837334.       0.863546E+07   -66.6712        271.945       -131.559               0           1        5377
          84    10.1884        8.77078        8.91654        45.9415        104.367        208.731       0.344768E+09    3.47272       0.347272        14.7300       0.341864E+09   0.245083E+07    452930.       0.105395E+08    2.03454       -1.49447        26.0518               0           1        5349
          85    10.9198        8.50049        8.97567       -41.7922        168.650        79.8720       0.588122E+09    5.16493       0.516493        19.9100       0.546135E+09   0.417120E+08    275651.       0.913900E+07    211.038       -78.7298        42.9482               0           1        5253
          86    10.1317        9.61876        8.16809       -36.3580        34.5556        188.967       0.389769E+09    4.44084       0.444084        19.3300       0.354584E+09   0.347603E+08    424563.       0.711204E+07   -14.1789        240.816       -187.818               0           1        5118
          87    10.4028        8.65046        8.50522       -89.1545        102.329        176.656       0.133089E+10    4.55171       0.455171        18.1100       0.120019E+10   0.123749E+09   0.694794E+07   0.257433E+08    63.2936       -35.8759       -91.4828               0           1        5104
          88    11.3540        8.57555        8.87794       -84.6598        98.9880        101.531       0.680377E+09    5.59499       0.559498        22.5700       0.676579E+09   0.220305E+07   0.159445E+07   0.313115E+08    335.110       -57.2814        15.0219               0           1        4999
          89    10.3530        8.86102        9.14308       -98.6667        106.967        53.2361       0.384011E+09    3.84248       0.384248        15.1700       0.375119E+09   0.576854E+07   0.312313E+07   0.343801E+08    49.0633        24.2916        90.7856               0           1        4957
          90    9.48296        8.55524        9.00133        65.3921        132.984        145.142       0.312397E+09    4.30025       0.430025        17.6100       0.307279E+09   0.476540E+07    352787.       0.122001E+08   -199.545       -63.0850        50.2805               0           1        4926
          91    9.93865        9.00565        9.19460        4.84147        147.188        66.9611       0.638280E+09    4.53742       0.453742        18.0800       0.593856E+09   0.443134E+08    110863.       0.263066E+07   -69.3315        65.6196        105.507               0           1        4918
          92    9.87047        8.74809        9.01871        52.5674        168.603        84.4423       0.372742E+09    4.62143       0.462143        18.6400       0.370381E+09   0.197754E+07    383623.       0.956077E+07   -88.8139       -7.97814        55.2469               0           1        4771
          93    10.2080        8.71108        8.78300       -141.562        117.620        157.880       0.245750E+09    3.46558       0.346558        13.4400       0.241932E+09   0.366465E+07    153432.       0.205057E+07    7.64095       -18.5537       -12.1072               0           0        4743
          94    10.1615        9.62506        8.01211       -41.7822        69.9744        156.686       0.352321E+09    4.38312       0.438312        16.8900       0.335130E+09   0.162777E+08    913468.       0.571029E+07   -5.66642        242.616       -232.389               0           1        4722
          95    9.48706        8.57509        9.04717        71.7923        156.966        142.338       0.475382E+09    4.76202       0.476202        19.3300       0.454766E+09   0.205154E+08    101222.       0.478052E+07   -198.373       -57.4129        63.3793               0           1        4714
          96    10.4232        8.69869        8.38047        21.8798        76.5616        163.143       0.924877E+09    4.26339       0.426339        18.1900       0.870295E+09   0.512662E+08   0.331553E+07   0.209323E+08    69.1429       -22.0942       -127.130               0           1        4702
          97    10.2670        8.83228        8.96815       -61.3480        125.068        71.7327       0.296395E+09    4.20195       0.420195        16.8300       0.280425E+09   0.155740E+08    395582.       0.109478E+08    24.4973        16.0791        40.7994               0           1        4698
          98    9.95629        8.83424        8.73451        91.9349        95.2900        148.546       0.366592E+09    4.22796       0.422796        16.3800       0.362732E+09   0.358374E+07    276147.       0.475344E+07   -64.2909        16.6392       -25.9632               0           1        4655
          99    9.29597        9.25860        8.35664        39.7885        97.7345        173.686       0.294723E+09    4.26053       0.426053        17.0500       0.286993E+09   0.737113E+07    359136.       0.117479E+08   -252.977        137.900       -133.940               0           1        4612
         100    10.0960        9.38094        8.50808       -28.1118        91.3830        168.891       0.336826E+09    4.41398       0.441398        17.1400       0.331223E+09   0.539197E+07    211576.       0.751134E+07   -24.3630        172.859       -90.6656               0           1        4554
         101    11.1925        9.23065        8.60866       -81.3349        56.2123        116.745       0.402471E+09    4.77288       0.477288        18.4900       0.400726E+09   0.153205E+07    212763.       0.789344E+07    288.950        129.913       -61.9249               0           1        4537
         102    10.3301        8.70653        8.70178       -105.149        135.743        125.860       0.283227E+09    4.13252       0.413252        17.0200       0.276102E+09   0.700924E+07    115872.       0.262273E+07    42.5224       -19.8539       -35.3158               0           1        4436
         103    10.3608        8.94291        9.12952       -31.3169        146.860        59.1351       0.863430E+09    3.41357       0.341357        15.6400       0.849511E+09   0.610599E+07   0.781306E+07   0.201861E+09    51.2921        47.6917        86.9108               0           1        4405
         104    10.1784        8.63415        8.78391       -3.70695        103.123        71.1100       0.451445E+09    3.57931       0.357930        14.2500       0.448198E+09   0.224120E+07   0.100624E+07   0.652421E+07  -0.822960       -40.5365       -11.8472               0           1        4222
         105    9.64724        8.43844        9.09657        28.7969        186.444        67.7004       0.259583E+09    4.07765       0.407765        16.0600       0.254569E+09   0.499942E+07    14813.2        98165.3       -152.602       -96.4606        77.4954               0           1        4210
         106    9.84887        9.10533        9.38571        4.49770        170.206        86.4411       0.429521E+09    4.75859       0.475859        18.6500       0.417104E+09   0.121751E+08    241613.       0.651474E+07   -94.9861        94.1031        160.117               0           1        4201
         107    10.3817        8.58479        8.49559       -47.2992        139.653        136.220       0.278203E+09    4.10051       0.410051        16.5800       0.260056E+09   0.178924E+08    254365.       0.446085E+07    57.2557       -54.6411       -94.2346               0           1        4133
         108    10.0772        8.44226        8.14277        6.19573        85.3138        165.697       0.556140E+09    5.22837       0.522837        20.1500       0.536906E+09   0.191751E+08    58644.7       0.268599E+07   -29.7380       -95.3690       -195.053               0           1        4111
         109    9.96085        8.67913        8.62035        100.450        118.926        155.602       0.269688E+09    3.62788       0.362788        14.3900       0.256315E+09   0.122563E+08   0.111673E+07   0.929706E+07   -62.9878       -27.6834       -58.5844               0           1        4106
         110    9.94967        7.90177        9.63724       -12.8540        165.530        55.9666       0.322956E+09    4.43313       0.443313        17.2500       0.322327E+09    525144.        104493.       0.101251E+07   -66.1825       -249.814        231.992               0           1        4052
         111    10.8133        8.67241        9.04723       -40.3605        180.680        81.9721       0.374080E+09    4.61772       0.461772        19.1700       0.366473E+09   0.744071E+07    166383.       0.564721E+07    180.614       -29.6037        63.3965               0           1        3965
         112    10.0600        9.24384        8.95503       -29.4273        76.1271        153.523       0.430376E+09    4.73916       0.473916        19.3100       0.405631E+09   0.238493E+08    895013.       0.683345E+07   -34.6529        133.682        37.0503               0           1        3956
         113    10.2392        9.19473        9.37449       -67.8600        120.643        80.3708       0.352185E+09    4.14738       0.414738        17.1100       0.320664E+09   0.311052E+08    415849.       0.348438E+07    16.5421        119.649        156.911               0           1        3912
         114    10.5146        8.73305        8.68045       -89.1959        70.0527        136.891       0.382351E+09    4.62258       0.462258        17.9000       0.380357E+09   0.191861E+07    75421.7       0.324371E+07    95.2347       -12.2758       -41.4109               0           1        3907
         116    10.1783        8.77032        8.88635       -55.7278        93.7473        195.036       0.106200E+10    3.61731       0.361731        17.2600       0.100889E+10   0.497200E+08   0.339522E+07   0.203724E+08  -0.865822       -1.62592        17.4250               0           0        3852
         117    9.99575        8.87813        8.89944        85.5767        100.424        126.246       0.312246E+09    4.35426       0.435426        16.7900       0.309524E+09   0.263575E+07    86834.9       0.228126E+07   -53.0152        29.1808        21.1655               0           1        3826
         118    9.99269        8.64502        8.60267        75.8279        97.8518        100.002       0.298723E+09    3.73161       0.373161        14.6500       0.284665E+09   0.136317E+08    426538.       0.524842E+07   -53.8896       -37.4304       -63.6365               0           1        3784
         119    10.8396        9.82632        8.50963       -92.7213        55.3429        129.332       0.388280E+09    4.68744       0.468744        18.0700       0.380607E+09   0.752457E+07    148812.       0.294850E+07    188.115        300.126       -90.2227               0           1        3743
         120    9.54506        8.47409        8.95136        42.5116        170.030        121.190       0.715232E+09    5.72014       0.572014        22.0600       0.694869E+09   0.203632E+08    0.00000        0.00000       -181.800       -86.2736        36.0016               1           1        3736
         121    10.2334        8.72967        8.76238       -136.318        130.194        157.829       0.306154E+09    3.65131       0.365131        14.0800       0.277016E+09   0.290269E+08    110901.       0.156344E+07    14.8904       -13.2416       -17.9994               0           1        3711
         122    10.1146        8.63842        8.72997        76.5754        123.595        195.969       0.227512E+09    3.77647       0.377647        15.8800       0.208095E+09   0.193139E+08    103538.       0.132072E+07   -19.0481       -39.3163       -27.2605               0           1        3707
         123    10.9163        8.82379        8.86983       -76.4705        57.0933        111.939       0.256968E+09    4.05651       0.405651        16.3200       0.255401E+09   0.116728E+07    400454.       0.989601E+07    210.029        13.6531        12.7044               0           1        3686
         124    10.1077        9.60017        8.18848       -34.7281        74.1450        158.954       0.419426E+09    3.85448       0.385448        15.9600       0.392163E+09   0.260177E+08   0.124527E+07   0.140757E+08   -21.0283        235.504       -181.991               0           1        3662
         125    10.1876        8.65138        8.70591        122.032        199.007        193.682       0.727622E+09    3.14411       0.314411        13.8600       0.663696E+09   0.419356E+08   0.219903E+08   0.109036E+09    1.79737       -35.6130       -34.1357               0           1        3595
         126    10.5312        8.84863        9.14140       -55.7102        191.083        11.1693       0.238122E+09    3.92392       0.392392        16.3900       0.224307E+09   0.136737E+08    141748.       0.347716E+07    99.9953        20.7512        90.3055               0           1        3583
         127    10.7123        9.63715        8.45297       -60.4665        66.8549        143.137       0.269431E+09    4.18881       0.418881        17.2700       0.269118E+09    211740.        100896.       0.289639E+07    151.750        246.071       -106.413               0           1        3550
         128    10.3933        8.56164        8.46837       -48.6367        142.973        146.671       0.244293E+09    3.97678       0.397678        15.9700       0.238274E+09   0.574177E+07    276782.       0.542568E+07    60.5818       -61.2562       -102.013               0           1        3518
         129    9.75891        8.35968        9.03454        43.7006        185.283        55.8831       0.232603E+09    3.88134       0.388134        15.2900       0.223974E+09   0.846717E+07    161353.       0.504900E+07   -120.692       -118.966        59.7703               0           1        3497
         130    9.74146        9.69912        8.33571        35.1597        91.2557        192.050       0.486858E+09    4.99177       0.499177        19.2700       0.468650E+09   0.177623E+08    445215.       0.122180E+08   -125.679        263.779       -139.920               0           1        3474
         131    9.69579        8.88280        9.33714        28.3503        172.183        70.5843       0.665025E+09    5.57870       0.557870        22.3700       0.654796E+09   0.959422E+07    634311.       0.541121E+07   -138.729        30.5152        146.238               0           1        3472
         132    9.56704        8.38885        9.40180        5.25853        193.028        60.5308       0.235584E+09    3.99593       0.399593        15.7300       0.234699E+09    836644.        48621.3       0.114602E+07   -175.519       -110.631        164.715               0           1        3467
         133    10.4822        8.75664        9.29995       -46.5354        194.154        35.3801       0.273649E+09    4.14966       0.414966        16.0000       0.264961E+09   0.867246E+07    15510.6        99991.8        85.9993       -5.53498        135.611               0           1        3455
         134    10.2289        8.85402        8.88946        23.6432        141.148        74.0894       0.147535E+09    2.98837       0.298837        11.5600       0.131608E+09   0.156408E+08    286082.       0.767815E+07    13.6103        22.2913        18.3137               0           1        3438
         135    10.5906        8.87784        9.09178       -82.4713        152.615        28.8529       0.249798E+09    3.90906       0.390906        15.0700       0.238025E+09   0.117735E+08    0.00000        0.00000        116.966        29.0979        76.1266               1           1        3426
         136    9.79212        8.33724        9.02257        34.9010        162.769        69.9780       0.296052E+09    4.04193       0.404193        15.9300       0.276850E+09   0.191372E+08    64696.7        743594.       -111.202       -125.378        56.3499               0           1        3407
         137    10.1064        9.23986        8.69091       -33.5016        66.3682        171.338       0.292678E+09    4.28625       0.428625        18.1300       0.288822E+09   0.360773E+07    248413.       0.444912E+07   -21.4027        132.545       -38.4219               0           1        3386
         138    10.1531        9.04033        8.71817       -26.7396        73.1941        187.360       0.554311E+09    4.06536       0.406537        15.6800       0.520529E+09   0.334307E+08    351426.       0.373280E+07   -8.06386        75.5294       -30.6324               0           1        3357
         139    10.3873        8.70299        8.37276        51.1609        91.8675        194.524       0.347320E+09    3.81762       0.381762        16.3500       0.338040E+09   0.900081E+07    279626.       0.563371E+07    58.8788       -20.8655       -129.333               0           1        3262
         140    9.79800        8.31862        8.99092       -13.5578        183.712        79.2418       0.676733E+09    3.84134       0.384134        16.7100       0.653217E+09   0.222175E+08   0.129896E+07   0.266887E+08   -109.522       -130.699        47.3059               0           1        3206
         141    10.3201        9.71302        8.28427       -55.3145        43.5012        142.544       0.253605E+09    4.09423       0.409423        15.8300       0.252574E+09    978622.        52776.6        716502.        39.6621        267.750       -154.619               0           1        3186
         142    10.2135        8.40934        8.61305       -60.3820        176.544        25.7084       0.225235E+09    3.74247       0.374247        14.4800       0.216741E+09   0.830572E+07    188117.        975944.        9.22115       -104.776       -60.6704               0           1        3178
         143    10.0478        9.62273        8.36267        12.5309        39.6838        148.594       0.375106E+09    3.94478       0.394478        15.6500       0.348931E+09   0.260074E+08    167199.       0.139189E+07   -38.1419        241.950       -132.216               0           1        3176
         144    10.1161        9.41987        8.48253       -14.5882        91.3756        181.056       0.287648E+09    4.19938       0.419938        16.2000       0.278347E+09   0.927358E+07    27343.1       0.109992E+07   -18.6223        183.983       -97.9665               0           1        3129
         145    11.0436        8.57891        9.07795       -85.2358        157.836        68.2282       0.295012E+09    4.02422       0.402422        15.7300       0.292647E+09   0.220273E+07    162526.       0.171234E+07    246.419       -56.3213        72.1747               0           1        3109
         146    9.93687        9.01205        9.18575        7.80716        191.019        73.6727       0.102395E+10    6.31279       0.631279        24.8500       0.959665E+09   0.641746E+08    110863.       0.263066E+07   -69.8401        67.4484        102.979               0           1        3049
         147    10.7760        9.87829        8.54685       -52.3402        36.6506        139.245       0.187677E+09    3.61531       0.361531        14.4500       0.183486E+09   0.412990E+07    60836.5       0.189998E+07    169.938        314.976       -79.5871               0           1        2994
         148    10.1652        8.69244        8.74086       -5.74198        154.807        107.932       0.129812E+10    3.81505       0.381505        18.1000       0.115031E+10   0.138537E+09   0.927445E+07   0.108840E+09   -4.60915       -23.8801       -24.1487               0           1        2964
         149    10.6852        8.65100        9.00436       -69.9211        138.860        118.173       0.161628E+09    3.49015       0.349015        13.6000       0.158877E+09   0.273993E+07    10591.0        126006.        143.992       -35.7216        51.1464               0           1        2949
         150    9.92723        9.47436        8.61470        4.52539        105.102        180.974       0.226363E+09    3.95592       0.395592        15.2900       0.226219E+09    15626.4        128617.       0.164317E+07   -72.5948        199.553       -60.1989               0           1        2933
         151    10.4974        8.46706        8.42646       -55.9230        137.224        110.561       0.179349E+09    3.60616       0.360617        14.9700       0.178415E+09    934092.        0.00000        0.00000        90.3255       -88.2824       -113.988               1           1        2931
         152    10.4314        8.62808        8.45787       -78.0413        97.3267        150.832       0.243960E+09    3.68532       0.368532        14.2300       0.205518E+09   0.380305E+08    411714.       0.409697E+07    71.4660       -42.2710       -105.013               0           1        2927
         153    9.78101        7.89022        9.34670        12.5727        166.926        55.8529       0.308711E+09    4.35169       0.435169        17.1700       0.306032E+09   0.265744E+07    21839.5        288259.       -114.377       -253.114        148.970               0           1        2896
         154    10.0148        8.54340        8.42356        44.1326        124.211        161.972       0.164188E+09    3.45300       0.345300        13.9000       0.157713E+09   0.647447E+07    0.00000        0.00000       -47.5774       -66.4683       -114.817               1           1        2886
         155    10.7870        9.86323        8.52358       -68.3305        39.4665        128.787       0.272281E+09    3.77019       0.377019        14.5500       0.264213E+09   0.798621E+07    81765.3       0.172945E+07    173.082        310.673       -86.2365               0           1        2853
         156    10.2103        8.72389        8.89634       -42.5060        90.2173        233.147       0.173524E+09    2.82578       0.282578        11.4800       0.173177E+09    243593.        103417.       0.131317E+07    8.30389       -14.8933        20.2797               0           1        2831
         157    9.69738        9.90115        8.28201        17.5723        7.99729        141.045       0.310646E+09    3.38842       0.338842        15.2500       0.292231E+09   0.181336E+08    281509.       0.391816E+07   -138.274        321.509       -155.265               0           1        2819
         158    10.2076        9.61332        7.88026       -25.1697        64.0748        149.622       0.196181E+09    3.63817       0.363817        14.6300       0.184401E+09   0.112693E+08    510634.       0.579277E+07    7.51522        239.261       -270.065               0           1        2818
         160    10.1081        9.02010        8.87650        13.4169        81.7697        122.846       0.114890E+09    3.02952       0.302952        12.5600       0.109161E+09   0.572969E+07    0.00000        0.00000       -20.9026        69.7487        14.6104               1           1        2802
         161    10.7331        9.64171        8.81958       -101.904        59.2348        122.081       0.249139E+09    3.94021       0.394021        15.3000       0.244260E+09   0.487902E+07    0.00000        0.00000        157.674        247.374       -1.65449               1           1        2779
         162    10.1907        8.77152        8.87209        4.80146        172.929        72.0336       0.979411E+09    2.90979       0.290979        12.4700       0.922341E+09   0.420137E+08   0.150560E+08   0.719962E+08    2.70319       -1.28302        13.3502               0           0        2772
         163    10.3508        8.59741        8.50896       -41.3626        129.366        128.702       0.179932E+09    3.58188       0.358188        14.0800       0.175089E+09   0.469120E+07    152160.       0.145373E+07    48.4517       -51.0349       -90.4141               0           1        2771
         164    9.55422        8.54958        8.80403        55.7922        135.168        124.427       0.202792E+09    3.79590       0.379590        14.7300       0.202358E+09    290586.        143280.       0.192988E+07   -179.182       -64.7023       -6.09790               0           1        2768
         165    10.7281        8.88039        8.86806       -94.1827        75.7530        136.057       0.199870E+09    3.40300       0.340300        13.4500       0.184733E+09   0.151371E+08    0.00000        0.00000        156.242        29.8266        12.1987               1           1        2745
         166    10.2498        8.25452        8.40645        6.87864        139.232        161.418       0.189068E+09    3.68475       0.368475        15.9200       0.186147E+09   0.248005E+07    441143.       0.117941E+08    19.5767       -149.016       -119.706               0           1        2728
         167    10.2002        8.80383        8.83440        24.6089        109.383        52.7257       0.573703E+09    2.90236       0.290236        12.4100       0.539401E+09   0.293826E+08   0.491901E+07   0.456235E+08    5.39782        7.94956        2.58032               0           0        2715
         168    10.1137        8.93918        8.86689        38.1009        52.0531        166.633       0.999939E+08    2.82950       0.282950        10.9100       0.998490E+08    144880.        0.00000        0.00000       -19.3167        46.6258        11.8643               1           1        2696
         169    11.6174        9.34482        8.90850       -87.1048        47.9540        95.6500       0.220432E+09    3.88534       0.388534        14.9800       0.220067E+09    270526.        94275.2       0.135713E+07    410.368        162.537        23.7544               0           1        2694
         170    10.5414        9.51368        8.07157       -63.2410        59.6875        131.540       0.229381E+09    3.97821       0.397821        15.6900       0.228630E+09    750777.        0.00000        0.00000        102.901        210.789       -215.398               1           1        2686
         171    9.84141        8.39393        8.97172        34.0779        169.249        89.7947       0.228721E+09    3.91935       0.391935        15.1700       0.225055E+09   0.360646E+07    59192.3        625063.       -97.1178       -109.179        41.8195               0           1        2685
         172    10.2499        8.84698        8.98811       -70.4999        130.499        66.7211       0.216712E+09    3.50815       0.350815        13.8600       0.165944E+09   0.505684E+08    199613.       0.215528E+07    19.6196        20.2797        46.5029               0           1        2684
         173    9.55192        8.48357        8.94425        45.5120        160.778        101.462       0.374401E+09    3.64646       0.364646        14.1900       0.364395E+09   0.100063E+08    0.00000        0.00000       -179.840       -83.5647        33.9699               1           1        2683
         174    10.6553        8.87468        9.37632       -60.6261        166.157        33.7933       0.153064E+09    3.46386       0.346386        15.4400       0.151977E+09    967859.        119836.       0.322551E+07    135.454        28.1949        157.434               0           1        2669
         175    10.3079        8.87498        9.14764       -111.322        202.234        78.1748       0.190484E+09    3.50501       0.350501        14.7800       0.189971E+09    280381.        233067.       0.299129E+07    36.1959        28.2807        92.0886               0           1        2660
         176    10.3853        8.64590        8.49554       -26.2911        59.5641        173.256       0.348496E+09    3.44272       0.344272        13.8000       0.335130E+09   0.131630E+08    202690.       0.498064E+07    58.3101       -37.1789       -94.2489               0           1        2642
         177    10.3294        8.93837        9.00481       -4.71770        116.811        93.5577       0.149718E+09    3.27412       0.327412        12.6300       0.139090E+09   0.104280E+08    199292.       0.336789E+07    42.3281        46.3944        51.2750               0           1        2607
         178    10.1724        8.62511        8.75749        6.81493        186.030        100.473       0.333376E+09    3.25355       0.325355        12.8000       0.318835E+09   0.140899E+08    450729.       0.563755E+07   -2.54889       -43.1197       -19.3967               0           1        2602
         179    10.6229        8.70581        9.00692       -87.7811        105.112        125.532       0.171873E+09    3.58816       0.358816        15.2500       0.169436E+09   0.194668E+07    490226.       0.130796E+08    126.196       -20.0596        51.8779               0           1        2571
         180    9.92701        8.94190        9.04891        75.8952        119.808        110.002       0.133348E+09    3.24383       0.324383        12.8000       0.130943E+09   0.240557E+07    0.00000        0.00000       -72.6576        47.4030        63.8765               1           1        2566
         181    10.3194        8.57500        8.57303       -33.5997        117.324        160.240       0.185196E+09    3.62131       0.362131        14.6900       0.182738E+09   0.238722E+07    71266.9       0.192575E+07    39.4821       -57.4386       -72.1061               0           1        2548
         182    10.4488        8.89048        9.07329       -128.908        154.776        49.9427       0.137308E+09    3.07981       0.307981        11.9500       0.126536E+09   0.107377E+08    33661.3        433002.        76.4495        32.7098        70.8431               0           1        2524
         183    9.39868        8.27110        8.49440        37.5678        145.949        95.0413       0.217188E+09    3.73818       0.373818        14.6500       0.209924E+09   0.726422E+07    0.00000        0.00000       -223.628       -144.278       -94.5746               1           1        2489
         184    9.05749        8.67608        8.98477        72.5574        119.887        123.945       0.196073E+09    3.76476       0.376476        14.5900       0.195541E+09    391322.        140216.       0.174811E+07   -321.123       -28.5550        45.5485               0           1        2486
         185    11.1607        8.65401        9.41292       -72.4877        76.5919        90.8914       0.176490E+09    3.53587       0.353587        14.2800       0.168022E+09   0.826834E+07    199736.       0.216887E+07    279.878       -34.8615        167.892               0           1        2483
         186    10.0673        8.44596        8.47624        30.4912        108.979        170.519       0.166363E+09    3.52787       0.352787        13.8500       0.163034E+09   0.332877E+07    0.00000        0.00000       -32.5698       -94.3117       -99.7639               1           1        2477
         187    10.1094        9.20431        9.20346       -15.4900        120.825        119.757       0.148845E+09    3.39843       0.339842        13.2500       0.147238E+09   0.158874E+07    18268.3        92251.3       -20.5397        122.387        108.039               0           1        2475
         188    10.4819        8.89649        9.07418       -126.700        131.208        54.1436       0.184351E+09    3.47558       0.347558        14.4100       0.177334E+09   0.667839E+07    339020.       0.286987E+07    85.9107        34.4271        71.0974               0           1        2469
         190    9.98104        8.65149        8.58423        35.6031        63.1234        160.789       0.357448E+09    3.05324       0.305324        12.9600       0.352672E+09   0.404519E+07    730933.       0.790270E+07   -57.2186       -35.5816       -68.9057               0           1        2454
         191    9.92754        9.01913        9.17816        10.3776        167.809        50.6067       0.290391E+09    3.49929       0.349929        14.9500       0.281007E+09   0.937407E+07    9796.66        161717.       -72.5062        69.4715        100.810               0           1        2431
         192    10.1081        8.46531        8.44165        64.0825        152.947        154.012       0.169599E+09    3.40100       0.340100        14.0600       0.163200E+09   0.639872E+07    0.00000        0.00000       -20.9055       -88.7825       -109.648               1           1        2425
         193    10.9477        8.82326        8.78413       -74.2205        70.1222        139.668       0.140026E+09    3.32384       0.332384        14.1300       0.139340E+09    574068.        112322.       0.171507E+07    219.007        13.5017       -11.7843               0           1        2399
         194    9.40857        8.60705        9.26800        52.3820        178.249        88.3016       0.318312E+09    3.24241       0.324241        12.5900       0.295307E+09   0.229006E+08    104669.       0.215480E+07   -220.802       -48.2803        126.481               0           1        2389
         195    10.1910        8.56930        8.72993        26.4910        175.764        211.767       0.140266E+09    3.27869       0.327870        14.3400       0.139839E+09    13997.4        412961.       0.632935E+07    2.78606       -59.0674       -27.2720               0           1        2328
         196    10.1979        8.19598        8.58161       -16.2889        178.406        53.5282       0.143291E+09    3.36385       0.336385        13.7200       0.141501E+09   0.127583E+07    513703.       0.104862E+08    4.75488       -165.744       -69.6544               0           1        2301
         197    9.79262        9.34543        8.98332        64.0475        143.778        152.495       0.163293E+09    3.47815       0.347815        14.9500       0.160374E+09   0.291917E+07    0.00000        0.00000       -111.060        162.712        45.1342               1           1        2300
         198    10.8117        9.63338        8.88115       -105.706        62.1404        123.537       0.197830E+09    3.77704       0.377704        14.6700       0.196456E+09   0.137444E+07    0.00000        0.00000        180.134        244.993        15.9391               1           1        2290
         199    9.72042        8.60027        8.54024        74.3971        128.612        126.071       0.152638E+09    3.45757       0.345757        14.5200       0.152559E+09    10211.0        69372.9        794555.       -131.691       -50.2177       -81.4759               0           1        2277
         200    10.8267        9.80169        8.50171       -70.0400        71.1165        149.626       0.164241E+09    3.47758       0.347758        13.6300       0.162535E+09   0.153413E+07    171378.       0.539624E+07    184.423        293.088       -92.4858               0           1        2275
         201    9.15471        8.31764        9.11156        48.7306        178.217        84.7656       0.150491E+09    3.42500       0.342500        14.7800       0.149399E+09   0.102065E+07    70445.6        902930.       -293.342       -130.979        81.7788               0           1        2256
         202    9.39708        8.63591        9.16836        97.8473        137.967        132.097       0.139030E+09    3.33727       0.333727        13.6000       0.138924E+09    19079.4        87390.8       0.141703E+07   -224.085       -40.0336        98.0094               0           1        2244
         203    10.8274        9.84994        8.51731       -92.5195        42.8874        138.679       0.186538E+09    3.57016       0.357016        14.0600       0.182572E+09   0.386666E+07    99774.3       0.149594E+07    184.617        306.875       -88.0281               0           1        2228
         204    10.3683        8.99659        9.09039       -35.5353        122.945        36.8980       0.212221E+09    3.06524       0.306524        12.1100       0.208095E+09   0.401758E+07    108701.       0.220912E+07    53.4409        63.0307        75.7294               0           1        2213
         205    10.1692        8.78155        9.61455       -18.0711        192.425        49.7835       0.163691E+09    3.55844       0.355844        13.7900       0.163533E+09    105638.        52389.8       0.136211E+07   -3.46043        1.58305        225.508               0           1        2210
         206    10.3122        9.24122        8.52938       -76.9362        59.9652        166.743       0.147579E+09    3.42414       0.342414        13.6700       0.147238E+09    275874.        65066.4       0.358041E+07    37.4104        132.934       -84.5791               0           1        2195
         207    10.2806        9.00056        8.50032       -31.3137        55.3357        183.639       0.155850E+09    3.45558       0.345557        14.0700       0.154471E+09   0.128340E+07    96165.0       0.168799E+07    28.3778        64.1651       -92.8830               0           1        2145
         208    10.4444        8.61326        8.42561       -62.8952        111.523        140.573       0.186759E+09    3.14668       0.314668        12.9900       0.169685E+09   0.168523E+08    221569.       0.524152E+07    75.1722       -46.5058       -114.231               0           1        2130
         209    10.9184        8.50431        8.95706       -8.03923        170.347        69.0167       0.167242E+09    3.25841       0.325841        13.1500       0.159542E+09   0.770008E+07    0.00000        0.00000        210.621       -77.6382        37.6304               1           1        2128
         210    9.32462        9.33879        8.41298        39.7462        95.3826        171.302       0.209552E+09    3.54044       0.354044        14.2500       0.201278E+09   0.823064E+07    44182.7       0.148827E+07   -244.790        160.814       -117.840               0           1        2121
         211    9.99482        8.90017        8.94424        88.4902        105.140        122.885       0.134032E+09    3.26526       0.326527        12.9000       0.129862E+09   0.414489E+07    25241.1       0.189760E+07   -53.2809        35.4787        33.9671               0           1        2101
         212    10.1739        9.04766        8.73999       -41.2194        66.5200        182.331       0.189541E+09    3.44929       0.344929        13.3100       0.175921E+09   0.135801E+08    40547.1        570684.       -2.10883        77.6240       -24.3973               0           1        2101
         213    10.0756        8.84638        8.93862        70.3908        111.073        66.7902       0.400793E+09    3.31899       0.331899        14.5800       0.371877E+09   0.271608E+08   0.175491E+07   0.162089E+08   -30.1895        20.1082        32.3612               0           1        2096
         214    10.0920        9.62629        8.18174       -51.8418        73.4649        197.940       0.336347E+09    3.11410       0.311410        12.0900       0.316923E+09   0.189875E+08    436528.       0.327382E+07   -25.5203        242.967       -183.917               0           1        2069
         215    11.0686        8.53657        9.13304       -85.5420        79.4408        85.1328       0.247805E+09    3.07096       0.307096        12.4200       0.233702E+09   0.138946E+08    208529.       0.204989E+07    253.552       -68.4200        87.9167               0           1        2063
         216    9.72697        7.81444        9.43900       0.802635        174.351        44.3328       0.159223E+09    3.47529       0.347529        14.2700       0.158378E+09    806002.        38903.6        407741.       -129.819       -274.769        175.345               0           1        2049
         217    9.53465        8.50053        8.98395        46.6755        164.341        100.925       0.148122E+09    3.30470       0.330470        13.0700       0.147072E+09    957697.        93213.3        938161.       -184.774       -78.7184        45.3142               0           1        2037
         218    10.2828        8.59687        8.74916       -72.4528        205.817        45.5517       0.148143E+09    3.42814       0.342814        13.2600       0.147986E+09    128170.        29118.5        726898.        29.0122       -51.1892       -21.7770               0           1        2032
         219    10.0442        8.43780        8.23073        21.8202        100.208        160.419       0.110342E+09    3.01095       0.301095        12.6700       0.109576E+09    683078.        83002.4       0.171154E+07   -39.1620       -96.6435       -169.918               0           1        2027
         220    10.2569        9.12124        9.28035       -90.3192        118.975        58.8809       0.132574E+09    3.24641       0.324641        13.3500       0.127700E+09   0.461215E+07    261269.       0.745911E+07    21.6084        98.6494        130.010               0           1        2015
         221    10.1499        9.57783        8.09110       -64.4148        47.6178        151.338       0.140472E+09    3.33070       0.333070        13.5800       0.138508E+09   0.190140E+07    61867.9       0.207267E+07   -8.98112        229.120       -209.818               0           1        2007
         223    10.0525        8.74756        8.88169        105.077        175.051        62.6756       0.109650E+09    3.06753       0.306753        12.4100       0.107997E+09   0.140148E+07    251672.       0.539538E+07   -36.8132       -8.12958        16.0934               0           1        1995
         224    10.8817        8.50313        8.91291       -49.5715        118.698        109.640       0.175360E+09    3.62217       0.362217        14.5700       0.174341E+09   0.101934E+07    0.00000        0.00000        200.136       -77.9754        25.0145               1           1        1995
         225    10.3973        8.76800        9.33593       -24.3424        187.949        27.2374       0.147276E+09    3.42500       0.342500        13.3300       0.147238E+09    38192.5        0.00000        0.00000        61.7163       -2.28886        145.892               1           1        1991
         226    11.1356        8.66108        9.34869       -34.9697        144.439        55.6594       0.154327E+09    3.42014       0.342014        13.9000       0.150896E+09   0.343121E+07    0.00000        0.00000        272.685       -32.8412        149.539               1           1        1976
         227    10.2717        8.81596        9.08719       -89.7545        146.063        135.600       0.150281E+09    3.39271       0.339271        13.1000       0.149981E+09    299307.        0.00000        0.00000        25.8261        11.4157        74.8150               1           1        1972
         228    10.1585        9.10459        8.71803       -27.4306        48.2959        186.151       0.110919E+09    3.09610       0.309610        13.3500       0.109244E+09   0.151325E+07    162022.       0.151455E+07   -6.50938        93.8917       -30.6724               0           1        1972
         229    9.45953        8.65813        8.91494        72.1347        123.561        134.205       0.140089E+09    3.36442       0.336442        12.9700       0.139755E+09    333387.        0.00000        0.00000       -206.240       -33.6842        25.5946               1           1        1958
         230    10.4471        8.63195        8.31062       -69.2129        74.1084        165.020       0.134802E+09    3.28527       0.328527        12.6700       0.133437E+09   0.136476E+07    0.00000        0.00000        75.9637       -41.1651       -147.090               1           1        1956
         231    9.83609        8.00295        9.69255       -4.31484        169.617        50.6643       0.153665E+09    3.45300       0.345300        13.3200       0.153556E+09    83486.0        25655.1        835928.       -98.6380       -220.902        247.797               0           1        1930
         232    9.99438        9.37201        9.05526       -24.2882        100.027        150.401       0.127321E+09    3.21983       0.321983        12.7000       0.124042E+09   0.306282E+07    215956.       0.471264E+07   -53.4067        170.307        65.6910               0           1        1903
         233    10.0749        9.49563        8.56706       -71.9870        60.1767        153.673       0.163195E+09    3.47758       0.347758        13.4600       0.161870E+09   0.132485E+07    0.00000        0.00000       -30.4066        205.631       -73.8121               1           1        1903
         234    9.96741        9.37147        9.29793       -5.66858        151.278        116.781       0.150323E+09    3.38214       0.338214        14.8300       0.148651E+09   0.167160E+07    0.00000        0.00000       -61.1133        170.153        135.034               1           1        1901
         235    10.5285        8.54752        8.32618       -81.4440        64.8682        155.708       0.203588E+09    3.28755       0.328755        12.7400       0.197869E+09   0.549437E+07    224860.       0.376895E+07    99.2238       -65.2910       -142.643               0           1        1898
         236    10.0139        9.38073        8.53042        13.2545        96.5413        185.426       0.127373E+09    3.23640       0.323640        12.4900       0.126952E+09    409475.        11286.8        140560.       -47.8174        172.799       -84.2819               0           1        1898
         237    9.93523        9.12024        9.25581       -2.07225        154.484        119.624       0.381066E+09    2.97437       0.297437        12.8400       0.376200E+09   0.402863E+07    837188.       0.162549E+08   -70.3088        98.3637        122.998               0           1        1884
         238    10.3806        9.17051        9.42763       -82.3279        157.556        62.5246       0.183919E+09    3.09124       0.309124        12.0300       0.178913E+09   0.500590E+07    0.00000        0.00000        56.9642        112.728        172.096               1           1        1874
         239    11.1457        8.85135        9.24621       -89.5450        55.8111        78.5847       0.131188E+09    3.28641       0.328641        13.5600       0.130693E+09    454696.        39671.4       0.138011E+07    275.586        21.5284        120.255               0           1        1872
         241    9.84151        8.90875        9.20949        21.4156        162.939        87.6923       0.127764E+09    3.24783       0.324783        13.9400       0.126536E+09   0.106675E+07    160702.       0.273347E+07   -97.0892        37.9304        109.762               0           1        1851
         242    11.1412        8.65378        9.38017       -40.0556        135.738        41.5793       0.145082E+09    3.31413       0.331413        13.0500       0.137261E+09   0.782093E+07    0.00000        0.00000        274.311       -34.9272        158.534               1           1        1841
         243    11.4027        8.49720        8.82832       -75.0901        90.5460        102.560       0.152854E+09    3.38899       0.338900        14.2000       0.152392E+09    390544.        70894.2       0.165341E+07    349.018       -79.6699       0.842962               0           1        1837
         244    10.1956        8.36149        8.57614       -44.9615        164.098        21.6727       0.135252E+09    3.17382       0.317383        13.2200       0.134601E+09    476423.        174617.       0.378991E+07    4.07765       -118.449       -71.2174               0           1        1835
         246    10.1668        8.66578        8.72906       -27.3336        101.378        80.6347       0.341393E+09    2.84264       0.284264        13.7900       0.320082E+09   0.201834E+08   0.112781E+07   0.434602E+07   -4.14337       -31.4982       -27.5206               0           1        1805
         247    9.48880        8.66420        9.20451        65.0530        123.796        126.431       0.187547E+09    3.12039       0.312039        12.1200       0.183735E+09   0.381134E+07    0.00000        0.00000       -197.876       -31.9497        108.339               1           1        1805
         248    10.2591        9.23369        8.65404       -63.8981        35.3715        162.132       0.656800E+09    3.52101       0.352101        16.4600       0.647148E+09   0.876644E+07    885400.       0.125134E+08    22.2342        130.782       -48.9575               0           1        1773
         249    9.24944        8.43494        9.15685        58.5917        164.503        91.0641       0.117578E+09    3.16411       0.316411        13.0700       0.116726E+09    706661.        144851.       0.369691E+07   -266.273       -97.4607        94.7204               0           1        1770
         250    9.93952        9.70995        8.16352        3.94265        69.2396        183.553       0.128400E+09    3.21869       0.321869        12.7300       0.127617E+09    783047.        0.00000        0.00000       -69.0829        266.873       -189.124               1           1        1750
         251    10.2706        8.38828        9.75813       -19.3450        182.721        56.5137       0.214044E+09    3.85363       0.385362        15.8300       0.213250E+09    794819.        0.00000        0.00000        25.5146       -110.794        266.536               1           1        1711
         252    9.13618        9.45609        8.32766        63.8428        80.7081        163.235       0.158200E+09    3.47958       0.347958        14.0100       0.158046E+09    1427.29        153010.       0.187504E+07   -298.637        194.333       -142.221               0           1        1696
         253    10.0129        9.35906        9.06961       -9.94864        120.920        128.073       0.190333E+09    3.29498       0.329498        12.7900       0.184567E+09   0.576608E+07    0.00000        0.00000       -48.1174        166.606        69.7916               1           1        1690
         254    10.7560        9.66032        8.97332       -105.578        62.7296        119.012       0.182321E+09    3.67589       0.367589        14.2400       0.181491E+09    830338.        0.00000        0.00000        164.232        252.691        42.2767               1           1        1687
         255    10.7669        9.69763        8.68352       -89.6848        53.3611        146.014       0.124953E+09    3.19469       0.319468        12.4400       0.124292E+09    633307.        28314.3        207441.        167.335        263.353       -40.5336               0           1        1684
         256    10.6036        8.75388        8.80249       -88.7298        92.5631        127.961       0.125871E+09    3.24555       0.324555        12.8100       0.125456E+09    415124.        0.00000        0.00000        120.684       -6.32364       -6.53796               1           1        1677
         257    9.43204        9.32760        8.22171        30.6162        85.5813        186.833       0.119897E+09    3.19126       0.319126        12.7700       0.119719E+09    99259.0        78897.2       0.294957E+07   -214.095        157.617       -172.496               0           1        1659
         258    9.86477        9.17676        9.38106       -6.91396        163.618        75.1515       0.292285E+09    4.27996       0.427996        16.7500       0.289487E+09   0.274501E+07    53098.8        937054.       -90.4427        114.514        158.788               0           1        1649
         259    9.36725        8.27492        8.48470        61.5176        128.662        115.276       0.790902E+09    3.61588       0.361588        15.5200       0.763790E+09   0.264264E+08    685689.       0.118933E+08   -232.609       -143.186       -97.3464               0           1        1633
         260    10.0778        9.48457        8.62501       -66.3969        64.2676        156.628       0.188120E+09    3.67103       0.367103        14.1500       0.186728E+09   0.139191E+07    0.00000        0.00000       -29.5780        202.471       -57.2528               1           1        1627
         261    10.9984        8.74004        8.62765       -65.9806        67.4778        136.280       0.147453E+09    3.40814       0.340814        14.6600       0.147155E+09    32109.9        266029.       0.217325E+07    233.492       -10.2784       -56.4985               0           1        1609
         262    9.43939        8.29035        8.52455        30.0328        135.441        94.4589       0.130070E+09    3.26784       0.326784        12.9000       0.128698E+09   0.132434E+07    47149.8       0.106238E+07   -211.995       -138.777       -85.9593               0           1        1602
         263    10.0100        8.51426        8.35926        24.5794        123.855        155.710       0.106906E+09    3.02409       0.302409        12.1500       0.105170E+09   0.150869E+07    227547.       0.643311E+07   -48.9375       -74.7950       -133.191               0           1        1596
         264    10.6315        9.50755        8.89482       -83.0575        78.9447        157.882       0.140837E+09    3.35728       0.335728        13.0200       0.139506E+09   0.133063E+07    0.00000        0.00000        128.656        209.037        19.8453               1           1        1588
         265    9.87566        9.17515        9.38555        8.31685        160.947        81.7613       0.190035E+09    3.21183       0.321183        13.1800       0.188973E+09   0.103174E+07    29768.9        696941.       -87.3309        114.054        160.071               0           1        1586
         266    9.36843        8.90186        8.27188        67.9182        94.1012        118.726       0.141409E+09    3.29584       0.329584        12.7100       0.139589E+09   0.181952E+07    0.00000        0.00000       -232.272        35.9616       -158.160               1           1        1579
         267    10.9846        9.62996        9.08872       -111.552        68.1261        123.003       0.163742E+09    3.54444       0.354444        13.6900       0.163283E+09    405227.        53548.0       0.144092E+07    229.557        244.016        75.2522               0           1        1573
         268    9.45634        9.62075        7.99652        31.8049        83.9697        174.831       0.297494E+09    4.27396       0.427396        17.8300       0.295806E+09   0.168814E+07    0.00000        0.00000       -207.152        241.384       -236.844               1           1        1556
         269    11.1912        9.44458        8.76485       -89.8898        47.2036        103.733       0.111609E+09    3.13096       0.313096        13.1000       0.111073E+09    536726.        0.00000        0.00000        288.573        191.044       -17.2936               1           1        1555
         270    10.3387        9.39919        7.99739       -50.1398        79.2025        147.991       0.194997E+09    3.68989       0.368989        14.3600       0.193962E+09   0.103524E+07    0.00000        0.00000        44.9827        178.074       -236.595               1           1        1552
         271    9.78447        8.42536        8.99526        30.7682        166.037        79.2462       0.120817E+09    3.20011       0.320011        12.8700       0.119636E+09   0.115257E+07    28022.5        238637.       -113.388       -100.198        48.5460               0           1        1547
         272    10.0923        8.45607        8.48614        27.7507        102.238        159.508       0.129218E+09    3.10953       0.310953        12.0200       0.120135E+09   0.908337E+07    0.00000        0.00000       -25.4232       -91.4228       -96.9349               1           1        1543
         273    9.73556        8.72036        9.11630        25.5597        175.587        85.4119       0.139659E+09    3.27555       0.327555        12.6200       0.136846E+09   0.281356E+07    0.00000        0.00000       -127.364       -15.9020        83.1332               1           1        1529
         274    10.0349        8.62955        8.53746        43.5450        160.599        156.940       0.108025E+09    3.06667       0.306667        12.2300       0.107913E+09    111659.        0.00000        0.00000       -41.8338       -41.8509       -82.2702               1           1        1516
         275    9.44022        8.76819        9.23322        65.4722        143.009        101.449       0.127755E+09    3.15697       0.315697        13.2700       0.124957E+09   0.279843E+07    0.00000        0.00000       -211.758       -2.23456        116.543               1           1        1469
         276    10.3811        9.17753        9.43280       -76.5056        140.165        46.9929       0.237187E+09    3.92249       0.392249        15.2500       0.227217E+09   0.997031E+07    0.00000        0.00000        57.0985        114.734        173.573               1           1        1455
         277    9.89239        7.99190        8.95839        18.8610        170.811        41.4407       0.113716E+09    3.11868       0.311868        12.0800       0.112735E+09    980889.        0.00000        0.00000       -82.5503       -224.059        38.0104               1           1        1436
         278    9.28118        9.41986        8.43806        70.7365        68.9735        166.098       0.108570E+09    3.09553       0.309553        12.0700       0.108163E+09    326929.        80197.1       0.123755E+07   -257.203        183.980       -110.674               0           1        1436
         279    9.80159        9.05399        9.39735        20.4723        177.371        80.5111       0.109933E+09    3.10467       0.310467        12.6100       0.109161E+09    687871.        84154.8       0.168050E+07   -108.496        79.4328        163.443               0           1        1415
         280    9.73109        7.82794        9.43544        15.4270        156.784        54.0790       0.151861E+09    3.19840       0.319840        12.3500       0.150979E+09    882351.        0.00000        0.00000       -128.642       -270.911        174.327               1           1        1410
         282    10.8029        9.53938        8.80327       -95.1905        80.4248        129.244       0.124853E+09    3.23926       0.323926        12.7900       0.124458E+09    394710.        0.00000        0.00000        177.639        218.133       -6.31507               1           1        1408
         283    11.1329        8.42526        9.04583       -55.6253        134.266        81.3600       0.179270E+09    3.48472       0.348472        13.9100       0.175588E+09   0.363906E+07    42906.9       0.285136E+07    271.917       -100.227        62.9964               0           1        1404
         284    9.10047        8.21103        9.03836        46.5669        159.377        101.605       0.127998E+09    3.22412       0.322412        12.4800       0.127534E+09    463557.        0.00000        0.00000       -308.841       -161.443        60.8619               1           1        1367
         285    10.7341        9.18590        9.65435       -126.020        90.2672        106.189       0.158337E+09    3.50987       0.350987        13.8900       0.157796E+09    540997.        0.00000        0.00000        157.965        117.126        236.881               1           1        1365
         288    9.59286        8.31013        8.96337        46.2987        188.241        95.3442       0.126023E+09    3.25698       0.325698        12.7600       0.125705E+09    317582.        0.00000        0.00000       -168.141       -133.125        39.4335               1           1        1346
         291    10.6224        9.22912        9.60716       -119.713        95.7343        109.786       0.112798E+09    3.11553       0.311553        12.0500       0.112486E+09    312214.        0.00000        0.00000        126.053        129.476        223.396               1           1        1319
         292    9.83329        9.11540        9.37479        1.89772        186.472        60.6387       0.230166E+09    3.58188       0.358188        15.3200       0.225305E+09   0.486118E+07    0.00000        0.00000       -99.4381        96.9807        156.997               1           1        1299
         293    9.27422        8.99143        8.23886        40.7390        90.8568        129.660       0.122415E+09    3.21526       0.321526        13.5400       0.122130E+09    238216.        46737.6       0.249095E+07   -259.192        61.5562       -167.595               0           1        1297
         295    9.36533        9.34833        8.42379        38.6207        82.3630        177.286       0.175705E+09    3.51044       0.351044        13.9800       0.170267E+09   0.543834E+07    0.00000        0.00000       -233.158        163.540       -114.751               1           1        1261
         296    10.0310        8.46553        8.17297        16.7884        61.4528        163.471       0.119828E+09    3.19040       0.319040        12.3600       0.118888E+09    940239.        0.00000        0.00000       -42.9539       -88.7196       -186.423               1           1        1243
         297    9.73193        9.75577        8.30353        12.8891        95.0212        190.284       0.547861E+09    4.14852       0.414852        16.6400       0.512547E+09   0.352463E+08    68221.7       0.110711E+07   -128.402        279.966       -149.116               0           1        1167
         299    11.2125        8.62552        9.42158       -55.7568        125.713        64.7275       0.117372E+09    3.09953       0.309953        12.0200       0.113899E+09   0.347233E+07    0.00000        0.00000        294.671       -43.0025        170.367               1           1        1099
         300    9.46524        8.81874        9.29908        76.3734        138.642        83.7009       0.485341E+09    3.34870       0.334870        14.1000       0.456512E+09   0.276230E+08   0.120568E+07   0.138129E+08   -204.608        12.2101        135.363               0           1        1089
         304    10.6265        9.53091        8.93673       -91.7951        74.1592        135.058       0.291592E+09    4.24653       0.424653        16.3700       0.287741E+09   0.385034E+07    0.00000        0.00000        127.227        215.713        31.8211               1           1        1016
         306    9.31000        9.30540        8.37267        33.9993        97.3144        180.398       0.160919E+09    3.39528       0.339528        13.3500       0.157214E+09   0.370505E+07    0.00000        0.00000       -248.968        151.273       -129.359               1           1         924
         307    11.2233        9.61241        8.34270       -79.3015        58.3862        117.121       0.112416E+09    3.11125       0.311125        12.1000       0.112154E+09    262220.        0.00000        0.00000        297.749        239.001       -137.923               1           1         902
         311    9.96142        8.82617        8.73492        94.9895        88.5129        138.204       0.425648E+09    4.73459       0.473459        18.2900       0.420513E+09   0.485891E+07    276147.       0.475344E+07   -62.8250        14.3332       -25.8461               0           1         795
         312    10.0717        8.42896        8.14631        15.0855        90.9260        146.745       0.162207E+09    3.13754       0.313754        12.1800       0.157796E+09   0.441019E+07    0.00000        0.00000       -31.3153       -99.1695       -194.041               1           1         794
         315    10.6232        9.52771        8.92633       -78.3190        71.9393        123.126       0.272922E+09    3.07096       0.307096        12.3400       0.270864E+09   0.205728E+07    0.00000        0.00000        126.293        214.798        28.8493               1           1         722
