#          i      x              y              z              v_x            v_y            v_z            Mvir           Rvir     Rs (Rockstar)       v_max           Mdm           Mgas           Mstars    Avg age of stars     xc             yc             zc      flag DM only  flag outside Rvir  Np bound
# (h^-1 comoving Mpc) (h^-1 comoving Mpc) (h^-1 comoving Mpc) (km/s)         (km/s)         (km/s)         (Msun)         (kpc)         (kpc)           (km/s)         (Msun)         (Msun)         (Msun)         (yrs)          (kpc)          (kpc)          (kpc)
           1    10.0954        9.51618        9.51301        13.6769        131.902        120.288       0.293068E+12    70.1471        7.01471        147.020       0.263748E+12   0.175152E+11   0.118051E+11   0.101057E+11    0.00000        0.00000        0.00000               0           0     3045390
           2    10.1346        9.50721        9.52975       -55.0031        248.393        221.280       0.113651E+12    23.8782        2.38782        76.9200       0.938979E+11   0.863598E+10   0.111174E+11   0.854419E+10    19.0441       -4.35890        8.13466               0           0      265508
           3    10.1760        9.33219        9.33395       -36.2726        236.666        246.427       0.242228E+11    29.3805        2.93805        56.8500       0.213432E+11   0.256190E+10   0.317694E+09   0.503154E+09    39.1377       -89.4084       -87.0127               0           1      230762
           5    9.80430        10.2001        9.51349        9.58926        63.3325        285.058       0.236588E+11    30.7543        3.07543        59.5600       0.220439E+11   0.142918E+10   0.185725E+09   0.268120E+09   -141.462        332.345       0.233252               0           1      175965
           6    9.75815        9.66038        9.88007        60.3510        239.431        165.847       0.167856E+11    26.9459        2.69459        50.7500       0.157218E+11   0.903712E+09   0.160086E+09   0.118811E+09   -163.889        70.0728        178.370               0           1      141539
           7    10.1163        9.27001        9.43222       -36.8927        180.865        210.826       0.116392E+11    22.9267        2.29267        41.9000       0.974929E+10   0.171411E+10   0.175842E+09   0.126650E+09    10.1562       -119.624       -39.2592               0           1      130050
           8    10.0582        9.52650        9.52260       -191.222        206.371        212.989       0.581524E+11    18.2554        1.82554        49.5000       0.505942E+11   0.171877E+10   0.583943E+10   0.156010E+10   -18.1013        5.01492        4.66018               0           0      106156
           9    9.85851        10.0188        9.39051       -29.2323        89.0354        255.095       0.171285E+11    26.8988        2.68988        49.0800       0.154643E+11   0.160950E+10   0.546812E+08   0.499127E+08   -115.120        244.244       -59.5279               0           1       85540
          10    10.0622        9.26773        9.43460       -37.3846        222.459        200.250       0.105241E+11    19.9003        1.99003        39.7400       0.996260E+10   0.491304E+09   0.701881E+08   0.134617E+09   -16.1576       -120.732       -38.1027               0           1       67624
          11    10.7466        9.24273        9.48376       -86.0454        109.781        117.321       0.960414E+10    20.2749        2.02749        39.4600       0.865701E+10   0.874859E+09   0.722706E+08   0.131851E+09    316.426       -132.881       -14.2138               0           1       66542
          12    10.0093        9.59153        9.54894       -49.1017        81.2786        120.494       0.646905E+10    16.3719        1.63718        41.0600       0.604050E+10   0.264909E+09   0.163641E+09   0.302716E+09   -41.8590        36.6157        17.4599               0           0       57050
          13    9.89552        9.99379        9.31819       -45.5939        95.4269        289.538       0.501051E+10    17.8297        1.78297        34.6900       0.468950E+10   0.297244E+09   0.237657E+08   0.469852E+08   -97.1349        232.091       -94.6712               0           1       49739
          14    10.2499        9.01445        9.06509       -7.51089        209.098        152.351       0.507621E+10    17.1008        1.71008        36.1600       0.437122E+10   0.660802E+09   0.441830E+08   0.759646E+08    75.0634       -243.812       -217.663               0           1       48616
          15    10.2814        9.29977        9.38407        38.6108        246.446        237.736       0.436047E+10    16.8184        1.68184        32.7000       0.410087E+10   0.242950E+09   0.166498E+08   0.285109E+08    90.4046       -105.163       -62.6573               0           1       43698
          16    10.0529        9.52043        9.48304        172.025        302.047        179.385       0.161887E+11    15.5613        1.55613        32.3600       0.155299E+11   0.601892E+09   0.569231E+08   0.982624E+08   -20.6331        2.06525       -14.5637               0           0       42060
          17    9.66636        9.93694        9.46218        74.0363        149.516        246.572       0.491778E+10    17.9716        1.79716        33.9200       0.459380E+10   0.315747E+09   0.822635E+07   0.271386E+08   -208.493        204.465       -24.7004               0           1       34871
          18    10.2062        10.0195        9.64849       -134.829        81.2242        215.730       0.384251E+10    16.6522        1.66522        30.8300       0.372066E+10   0.119539E+09   0.231085E+07   0.118893E+08    53.8278        244.565        65.8354               0           1       33690
          19    10.3731        10.1440        9.39834       -104.745        65.5414        211.282       0.326492E+10    15.6740        1.56740        31.5200       0.305828E+10   0.203301E+09   0.333723E+07   0.828145E+07    134.927        305.094       -55.7229               0           1       32019
          20    10.1282        9.46004        9.61289       -175.821        226.447        79.4055       0.236042E+10    12.6461        1.26461        26.3300       0.230786E+10   0.493086E+08   0.325211E+07   0.212734E+08    15.9194       -27.2808        48.5359               0           0       22591
          21    10.0364        9.46146        9.68058        52.8824        68.4112        164.428       0.196040E+10    12.3954        1.23954        23.9600       0.194121E+10   0.176745E+08   0.151642E+07   0.625822E+07   -28.6949       -26.5907        81.4292               0           1       22052
          22    9.94492        9.87908        9.78372        41.4913        207.329        142.923       0.211349E+10    13.5767        1.35767        25.2000       0.188983E+10   0.220826E+09   0.283692E+07   0.120811E+08   -73.1294        176.348        131.549               0           1       21950
          23    9.68401        9.08284        9.15478        64.5827        190.893        160.879       0.240100E+10    14.4427        1.44427        27.7400       0.238966E+10   0.794503E+07   0.340324E+07   0.114074E+08   -199.916       -210.578       -174.079               0           1       21912
          24    9.80794        9.99463        9.92718       -80.2563        197.831        147.874       0.155379E+10    12.2637        1.22637        23.9500       0.145999E+10   0.891873E+08   0.461124E+07   0.132127E+08   -139.694        232.499        201.262               0           1       20988
          26    9.51931        9.34054        9.75410        76.5644        236.682        157.431       0.194886E+10    13.6948        1.36948        26.9000       0.192566E+10   0.209441E+08   0.225981E+07   0.911283E+07   -279.951       -85.3508        117.156               0           1       20706
          27    9.64571        9.48787        9.11529        53.3029        140.091        203.390       0.219408E+10    13.9611        1.39611        27.8500       0.212278E+10   0.695121E+08   0.179327E+07   0.866475E+07   -218.528       -13.7570       -193.269               0           1       19918
          28    9.75059        9.66010        9.95295        49.6942        206.137        116.991       0.279485E+10    13.8255        1.38255        27.5100       0.260823E+10   0.181872E+09   0.474724E+07   0.212239E+08   -167.562        69.9367        213.785               0           1       19093
          29    10.2375        8.96297        9.14589       -28.7908        210.430        187.329       0.137739E+10    11.6082        1.16082        23.2800       0.136870E+10   0.680536E+07   0.188352E+07   0.870403E+07    69.0572       -268.828       -178.399               0           1       18121
          30    9.94358        10.0265        9.88126       -26.0347        192.852        185.847       0.138392E+10    11.5591        1.15591        23.7100       0.136455E+10   0.184322E+08    935695.       0.604361E+07   -73.7805        247.986        178.948               0           1       17585
          31    9.86943        9.52503        9.67044        100.376        242.249        155.328       0.134471E+10    11.6208        1.16208        22.5100       0.123760E+10   0.105730E+09   0.138236E+07   0.114864E+07   -109.813        4.30058        76.5018               0           1       16238
          32    10.1414        9.49511        9.56720        14.9193        119.025       -50.1401       0.429577E+10    11.2053        1.12053        24.7500       0.364969E+10   0.629376E+09   0.167011E+08   0.250855E+08    22.3630       -10.2388        26.3332               0           0       15437
          33    9.73575        9.92787        10.0410       -70.8886        170.654        206.508       0.135794E+10    11.7642        1.17642        22.3700       0.132157E+10   0.352697E+08   0.110825E+07   0.480747E+07   -174.774        200.057        256.577               0           1       15160
          34    10.1238        9.50900        9.51676       -40.2342        89.7950       -83.3404       0.222040E+11    8.92577       0.892577        22.8900       0.179965E+11   0.262433E+10   0.158324E+10   0.201520E+10    13.8056       -3.48906        1.82228               0           0       14515
          35    10.0423        9.93792        9.03211       -52.4315        115.159        236.564       0.136648E+10    11.3176        1.13176        24.4800       0.125306E+10   0.112261E+09   0.116132E+07   0.108382E+08   -25.8229        204.941       -233.689               0           1       13260
          36    10.0430        9.85900        9.67920        4.83196        142.010        142.797       0.894051E+09    10.3049        1.03049        19.4600       0.893321E+09    623265.        107404.        745783.       -25.4536        166.591        80.7586               0           1       12932
          37    9.87628        10.1877        9.96975       -3.38631        209.865        187.517       0.144237E+10    12.0130        1.20130        21.3400       0.142890E+10   0.131796E+08    284869.       0.216028E+07   -106.484        326.315        221.949               0           1       12849
          38    9.97280        9.99716        10.0302       -14.8673        153.896        244.142       0.129627E+10    11.4823        1.14823        23.9600       0.127517E+10   0.190599E+08   0.203705E+07   0.611434E+07   -59.5813        233.728        251.339               0           1       12049
          39    10.1565        9.03970        9.16135        30.8585        159.708        233.972       0.100100E+10    10.2296        1.02296        19.3100       0.925494E+09   0.754533E+08    57179.5        676251.        29.7105       -231.541       -170.886               0           1       11688
          40    9.65667        9.94846        9.44654        63.0238        100.144        252.590       0.202570E+10    10.1056        1.01056        20.5800       0.190514E+10   0.113989E+09   0.657546E+07   0.767249E+07   -213.202        210.063       -32.3005               0           1       11107
          41    9.88802        10.0035        9.39626       -24.5130        133.172        220.343       0.242123E+10    10.6650        1.06650        22.8800       0.217790E+10   0.241118E+09   0.221095E+07   0.321484E+07   -100.779        236.809       -56.7337               0           1       10670
          42    9.93211        9.89227        9.60646       -44.2182        96.2337        260.073       0.121132E+10    11.4060        1.14060        21.0500       0.115246E+10   0.586177E+08    234040.       0.264282E+07   -79.3543        182.758        45.4112               0           1       10607
          43    10.1088        9.53780        9.48570       -203.810        248.193        176.385       0.275099E+10    8.60699       0.860699        20.6300       0.266031E+10   0.773594E+08   0.133209E+08   0.244337E+08    6.52134        10.5061       -13.2711               0           0       10266
          44    9.75450        9.62672        9.93275        95.5158        238.295        174.480       0.137063E+10    10.4827        1.04827        25.4500       0.134468E+10   0.235469E+08   0.240670E+07   0.226754E+08   -165.662        53.7160        203.969               0           1       10090
          45    10.1445        9.18798        9.26624       -92.9944        179.263        254.972       0.715126E+09    9.44865       0.944865        19.2600       0.703681E+09   0.109884E+08    456084.       0.475814E+07    23.8597       -159.486       -119.916               0           1        9882
          46    10.7340        9.33451        9.55369       -42.9250        126.329        135.935       0.101498E+10    9.85343       0.985343        19.2500       0.989844E+09   0.247824E+08    349894.       0.271547E+07    310.322       -88.2810        19.7681               0           1        9626
          47    9.96817        9.68447        9.80839       -10.2165        124.530        157.606       0.119467E+10    10.9157        1.09157        21.3100       0.113858E+10   0.543425E+08   0.175287E+07   0.285296E+07   -61.8312        81.7791        143.537               0           1        8819
          48    10.0757        9.48301        9.68185        41.3295        42.8704        134.144       0.727219E+09    9.01373       0.901373        18.2400       0.726627E+09    350726.        240894.       0.123845E+07   -9.57305       -16.1187        82.0464               0           1        8750
          49    10.8066        9.31915        10.0277       -90.3139        163.529        124.144       0.122585E+10    11.4891        1.14891        22.7500       0.120717E+10   0.176603E+08   0.102301E+07   0.101986E+08    345.582       -95.7451        250.129               0           1        8711
          50    9.98757        10.0047        9.04502       -30.3555        79.5397        254.935       0.794700E+09    9.82865       0.982865        18.0400       0.777591E+09   0.162268E+08    881903.       0.173665E+07   -52.4039        237.392       -227.416               0           1        8693
          51    9.93362        9.96949        9.23059       -94.2329        63.2881        248.012       0.664517E+09    9.36701       0.936701        17.6900       0.664025E+09    441781.        51126.8        204669.       -78.6205        220.282       -137.240               0           1        8307
          52    10.1697        9.34197        9.36222       -60.5154        286.451        238.957       0.207833E+10    8.88495       0.888495        22.1000       0.204082E+10   0.272928E+08   0.102102E+08   0.314386E+08    36.1152       -84.6559       -73.2751               0           1        8212
          53    9.81443        9.57349        9.82843        60.8082        252.371        173.100       0.547472E+09    8.74840       0.874840        17.7200       0.546717E+09    527630.        227740.       0.163177E+07   -136.540        27.8493        153.276               0           1        7689
          54    10.0555        9.96945        9.80049       -138.120        104.428        210.703       0.741374E+09    9.69113       0.969113        18.3600       0.722886E+09   0.184871E+08    0.00000        0.00000       -19.3842        220.263        139.699               1           1        7648
          55    10.1822        9.32053        9.34762       -16.0662        143.655        224.768       0.378581E+10    8.14827       0.814827        19.7900       0.336787E+10   0.331432E+09   0.865071E+08   0.693119E+08    42.1603       -95.0745       -80.3699               0           1        7646
          56    10.1585        9.37671        9.61059       -183.110        205.900        132.451       0.598399E+09    8.72022       0.872022        16.1400       0.597680E+09    418533.        299662.       0.204685E+07    30.6435       -67.7743        47.4182               0           1        7332
          57    9.86654        9.90893        9.84831        41.2054        226.459        141.388       0.996790E+09    10.6382        1.06382        22.0900       0.958999E+09   0.371612E+08    629913.       0.161843E+07   -111.217        190.854        162.936               0           1        7185
          58    9.82343        8.90518        9.71522        6.34307        239.240        101.491       0.654046E+09    9.37721       0.937721        17.0300       0.648311E+09   0.571304E+07    21142.8        82158.0       -132.166       -296.910        98.2623               0           1        7185
          59    9.65765        9.62722        9.81434        48.3163        293.659        119.569       0.573368E+09    8.73577       0.873577        16.0400       0.571824E+09   0.149604E+07    47318.9        295716.       -212.726        53.9590        146.429               0           1        7106
          60    9.75898        8.84894        9.79727        7.64361        239.678        101.393       0.778044E+09    9.88502       0.988502        17.5800       0.771689E+09   0.631791E+07    37579.6        118922.       -163.485       -324.240        138.134               0           1        6727
          61    9.87156        8.93255        10.0091       -16.7233        245.696        97.3108       0.586995E+09    9.11335       0.911335        17.5300       0.586706E+09    188216.        100755.        304028.       -108.778       -283.610        241.071               0           1        6586
          62    10.6172        9.77396        9.43337       -136.322        78.4795        167.204       0.520889E+09    8.71147       0.871147        16.1600       0.520861E+09    28356.3        0.00000        0.00000        253.559        125.266       -38.7004               1           1        6552
          63    10.6974        9.56980        9.34754       -119.015        81.5745        181.423       0.647015E+09    9.35972       0.935972        18.4000       0.646483E+09    326557.        205779.       0.228514E+07    292.537        26.0562       -80.4088               0           1        6545
          64    10.1442        9.67806        9.64377        28.6680        161.329        177.923       0.258090E+09    6.42220       0.642220        15.8100       0.257313E+09    65681.6        711486.       0.335624E+07    23.7140        78.6642        63.5417               0           1        6505
          65    10.0116        9.65958        9.45086       -115.583        73.6258        86.2813       0.440787E+09    7.82512       0.782511        15.0400       0.439884E+09    887711.        14852.3        33351.1       -40.7219        69.6840       -30.2013               0           1        6466
          66    10.0200        9.60891        9.55542        76.0485        264.597        188.263       0.588578E+09    6.27982       0.627982        15.1100       0.563512E+09   0.224086E+08   0.265755E+07   0.415201E+07   -36.6303        45.0614        20.6088               0           0        6022
          67    10.4304        9.27613        9.59610       -112.272        138.080        164.635       0.398665E+09    7.82657       0.782657        16.3900       0.391331E+09   0.694424E+07    389663.       0.261991E+07    162.766       -116.650        40.3769               0           1        5950
          68    9.98528        9.75550        9.68715        71.9842        207.264        130.228       0.481355E+09    8.35722       0.835722        15.2700       0.479125E+09   0.222944E+07    0.00000        0.00000       -53.5168        116.296        84.6219               1           1        5871
          69    9.94353        9.43151        9.60356        115.315        236.847        175.940       0.438826E+09    8.15944       0.815944        16.0700       0.438471E+09    216611.        139077.        528022.       -73.8048       -41.1447        44.0020               0           1        5833
          70    9.49727        9.45351        9.76717        103.042        196.452        189.830       0.592173E+09    9.13716       0.913716        17.1600       0.588369E+09   0.366804E+07    135746.        496197.       -290.661       -30.4540        123.507               0           1        5744
          71    10.3287        10.0404        9.36643       -91.9526        89.8516        224.207       0.449862E+09    8.30571       0.830571        17.9500       0.449694E+09    69275.3        98383.9        744777.        113.385        254.745       -71.2293               0           1        5707
          72    9.82641        10.0114        9.87790       -128.586        182.286        145.557       0.428414E+09    8.05205       0.805205        15.3500       0.426000E+09   0.241401E+07    0.00000        0.00000       -130.718        240.648        177.315               1           1        5696
          73    10.2837        10.0731        9.84672       -164.415        103.303        184.074       0.531443E+09    8.80186       0.880186        16.3100       0.526431E+09   0.495995E+07    52083.8        379036.        91.5174        270.631        162.164               0           1        5685
          74    10.8197        9.38121        9.74350       -96.7355        150.328        99.2330       0.463883E+09    8.46316       0.846316        16.2900       0.462332E+09   0.155148E+07    0.00000        0.00000        351.943       -65.5875        112.005               1           1        5630
          75    10.0940        9.27568        9.36036       -37.6719        184.498        294.067       0.378179E+09    7.46406       0.746406        14.6600       0.377614E+09    565455.        0.00000        0.00000      -0.680318       -116.869       -74.1790               1           1        5535
          76    11.0949        9.65321        9.50473       -123.470        77.6774        145.721       0.434978E+09    8.25760       0.825760        15.4900       0.433981E+09    905704.        90789.2        411898.        485.704        66.5886       -4.02360               0           1        5513
          77    9.60270        9.89786        9.42562        84.4049        156.000        254.468       0.464674E+09    8.25323       0.825323        17.0700       0.459588E+09   0.473873E+07    347839.       0.326103E+07   -239.428        185.474       -42.4664               0           1        5496
          78    9.98821        9.91408        9.23570       -37.4018        92.3293        275.545       0.467748E+09    8.47530       0.847530        18.0200       0.462498E+09   0.502596E+07    223950.       0.146724E+07   -52.0929        193.356       -134.756               0           1        5343
          79    10.1041        9.99486        8.83254       -17.2359        76.8415        228.286       0.352297E+09    7.60839       0.760838        15.0800       0.348432E+09   0.337084E+07    493878.       0.166383E+07    4.19854        232.611       -330.669               0           1        5161
          80    10.1547        10.0265        9.64908       -135.942        89.9583        186.554       0.424392E+09    7.92619       0.792619        15.4300       0.423173E+09   0.121903E+07    0.00000        0.00000        28.7969        248.005        66.1221               1           1        5125
          82    10.0991        9.53817        9.52939        140.951        332.507        80.4355       0.232366E+10    5.48433       0.548433        14.1100       0.221593E+10   0.897213E+08   0.180132E+08   0.324232E+08    1.79798        10.6859        7.95972               0           0        5084
          83    10.1042        9.24562        9.52961       -29.0106        189.887        190.834       0.421904E+09    8.14632       0.814632        18.4600       0.421095E+09    497300.        312292.       0.199937E+07    4.25199       -131.476        8.06663               0           1        5067
          84    9.88087        9.55005        9.57643        95.1159        237.873        135.658       0.404637E+09    7.76729       0.776729        16.3600       0.381105E+09   0.235127E+08    19180.5        91782.7       -104.254        16.4588        30.8184               0           1        5051
          85    10.3269        9.56057        9.58762       -168.021        168.327        121.670       0.418490E+09    8.06566       0.806566        17.6800       0.411783E+09   0.653507E+07    171143.       0.156886E+07    112.466        21.5709        36.2561               0           1        4905
          86    9.84100        9.55439        9.82537        62.4369        262.994        170.828       0.378550E+09    7.82463       0.782463        16.9800       0.378113E+09    95346.1        341947.       0.330852E+07   -123.628        18.5678        151.789               0           1        4850
          88    10.1718        9.88557        8.91780       -81.2083        89.8529        203.940       0.411071E+09    8.00394       0.800394        16.5800       0.411035E+09    35805.7        0.00000        0.00000        37.1357        179.502       -289.237               1           1        4782
          89    10.1193        9.80751        9.75993       -89.9878        218.644        59.9857       0.525627E+09    8.45830       0.845830        15.2800       0.525101E+09    526536.        0.00000        0.00000        11.6140        141.569        119.989               1           1        4700
          90    9.90477        9.53375        9.57259        87.4189        258.328        129.691       0.404789E+09    7.66184       0.766184        13.6500       0.399063E+09   0.572607E+07    0.00000        0.00000       -92.6399        8.53799        28.9524               1           1        4692
          91    10.2076        9.41121        9.45084        85.3573        210.520        269.187       0.359230E+09    7.49467       0.749467        16.4300       0.357245E+09   0.191805E+07    67040.9        234179.        54.4984       -51.0093       -30.2110               0           1        4685
          92    9.90165        9.45884        9.73574        101.895        215.067        154.391       0.415119E+09    7.93834       0.793834        15.0300       0.415026E+09    92681.5        0.00000        0.00000       -94.1561       -27.8639        108.234               1           1        4668
          93    9.66917        10.1314        9.10432        44.8714        110.980        264.974       0.596852E+09    8.98506       0.898506        17.8000       0.594023E+09   0.282966E+07    0.00000        0.00000       -207.128        298.966       -198.599               1           1        4553
          94    10.1787        9.59056        9.51589       -216.741        140.549        92.7712       0.158860E+09    5.31717       0.531717        11.1900       0.157048E+09   0.180131E+07    10217.8        37905.8        40.4741        36.1443        1.39951               0           0        4535
          95    10.2449        9.31234        9.31323       -67.3942        235.250        185.717       0.339391E+09    7.41887       0.741887        15.6200       0.335463E+09   0.392584E+07    2800.23        4103.65        72.6337       -99.0543       -97.0814               0           1        4446
          96    10.0306        9.05742        9.31584        37.6436        259.776        103.424       0.442582E+09    8.20123       0.820123        15.6200       0.436143E+09   0.643860E+07    0.00000        0.00000       -31.4939       -222.931       -95.8131               1           1        4436
          97    9.90838        10.0330        9.38667       -40.8179        44.5709        308.570       0.327080E+09    6.86732       0.686732        12.9300       0.313348E+09   0.137321E+08    0.00000        0.00000       -90.8857        251.144       -61.3939               1           1        4226
          98    10.1706        9.43353        9.49615       -130.695        121.590        147.376       0.341978E+09    6.32890       0.632890        14.3900       0.341282E+09    313334.        382430.       0.265404E+07    36.5234       -40.1631       -8.19298               0           0        4217
          99    10.2614        9.34767        9.45824       -22.9548        214.531        219.785       0.209744E+09    6.33425       0.633425        13.8200       0.209093E+09    651474.        0.00000        0.00000        80.6663       -81.8860       -26.6150               1           1        4210
         100    9.99865        9.88669        9.63367       -28.8065        93.2683        250.768       0.329878E+09    6.99950       0.699950        13.7300       0.328978E+09    889582.        10898.4        40454.0       -47.0197        180.046        58.6337               0           1        4202
         101    10.0162        9.47113        9.66794        44.3904        33.9191        227.791       0.453384E+09    7.19193       0.719193        13.8200       0.450276E+09   0.304425E+07    63346.8        943758.       -38.4671       -21.8917        75.2869               0           1        3993
         102    9.99862        9.93196        9.95989       -63.4310        254.880        92.9250       0.333383E+09    7.49613       0.749613        14.4300       0.333052E+09    280391.        50909.6        365238.       -47.0343        202.045        217.158               0           1        3993
         103    10.1873        9.35227        9.36579       -34.4706        212.388        274.901       0.770645E+09    7.26628       0.726628        18.0400       0.764125E+09   0.508964E+07   0.142996E+07   0.149039E+08    44.6580       -79.6507       -71.5403               0           1        3890
         105    10.1517        9.72834        9.63321       -150.444        140.877        66.9596       0.301873E+09    7.03060       0.703060        15.1900       0.299131E+09   0.262627E+07    115835.        960841.        27.3391        103.097        58.4102               0           1        3843
         106    10.1035        10.0226        9.74812       -147.955        77.5777        190.086       0.380997E+09    7.37465       0.737465        15.1800       0.372792E+09   0.820538E+07    0.00000        0.00000        3.95071        246.066        114.250               1           1        3795
         107    9.78541        9.89929        9.61074       -36.6982        110.055        234.645       0.466161E+09    8.29939       0.829939        14.7300       0.465906E+09    254604.        0.00000        0.00000       -150.642        186.169        47.4911               1           1        3766
         108    10.1219        9.11388        9.06350        70.0309        173.009        205.487       0.243658E+09    6.63553       0.663553        13.0200       0.242597E+09   0.106034E+07    0.00000        0.00000        12.8629       -195.494       -218.436               1           1        3746
         109    9.95195        9.43653        9.51256       -17.7338        29.1181        171.404       0.322079E+09    6.59666       0.659665        14.4900       0.321163E+09    777633.        138246.        893993.       -69.7132       -38.7053      -0.218674               0           1        3726
         110    9.91979        10.1041        9.49626       -6.97998        136.864        247.817       0.300707E+09    7.06024       0.706024        12.6200       0.300129E+09    578531.        0.00000        0.00000       -85.3411        285.680       -8.13952               1           1        3671
         111    9.88547        10.0482        9.71428       -28.3346        114.823        253.205       0.314473E+09    7.34403       0.734403        14.9400       0.314096E+09    252309.        124359.        477823.       -102.019        258.526        97.8055               0           1        3628
         112    10.2708        9.28591        9.37813        35.8236        231.172        245.158       0.105645E+10    7.12536       0.712536        17.6700       0.102668E+10   0.279385E+08   0.182912E+07   0.882376E+07    85.2439       -111.898       -65.5438               0           1        3624
         113    9.90407        9.48252        9.67673        105.808        254.367        170.472       0.324965E+09    7.21672       0.721672        13.5000       0.324821E+09    143699.        0.00000        0.00000       -92.9801       -16.3568        79.5584               1           1        3608
         114    10.6675        9.30798        9.56572       -26.4629        173.750        142.681       0.319233E+09    7.09863       0.709863        14.3200       0.295723E+09   0.235101E+08    0.00000        0.00000        277.988       -101.173        25.6140               1           1        3568
         115    10.0511        9.53606        9.53487        48.9305        291.686        255.322       0.752053E+09    5.19326       0.519326        12.9100       0.748831E+09   0.126473E+07   0.195649E+07   0.270025E+07   -21.5126        9.66052        10.6227               0           0        3467
         116    10.0648        9.52094        9.47744       -102.896        46.5897       -7.27828       0.113649E+10    5.47510       0.547510        14.5000       0.113394E+10    457228.       0.209866E+07   0.761494E+07   -14.8795        2.31308       -17.2849               0           0        3357
         117    10.4695        9.26807        9.63605       -112.206        123.299        175.468       0.245588E+09    6.74924       0.674924        13.9400       0.245341E+09    138638.        108362.        522099.        181.791       -120.567        59.7903               0           1        3246
         118    10.0499        9.04851        8.99532        74.4092        185.020        188.403       0.299140E+09    7.15792       0.715792        13.3400       0.293644E+09   0.549598E+07    0.00000        0.00000       -22.1103       -227.260       -251.567               1           1        3230
         119    10.8879        9.08256        9.46423       -126.448        147.648        148.605       0.366217E+09    7.18610       0.718610        14.6400       0.350594E+09   0.155483E+08    74910.9        432083.        385.099       -210.714       -23.7042               0           1        3204
         120    9.88374        10.1222        9.51997       -1.96219        137.715        237.487       0.266395E+09    6.82602       0.682602        12.1200       0.264546E+09   0.184907E+07    0.00000        0.00000       -102.859        294.471        3.38215               1           1        3187
         121    10.0593        9.29986        9.40571        104.540        168.885        266.119       0.232203E+09    6.15979       0.615979        11.4600       0.231457E+09    746392.        0.00000        0.00000       -17.5619       -105.119       -52.1415               1           1        3144
         122    10.0970        9.50810        9.52265       -249.207        118.966        59.6453       0.708582E+10    4.96438       0.496438        15.6000       0.509816E+10   0.513598E+09   0.147406E+10   0.621216E+09   0.762928       -3.92641        4.68448               0           0        3143
         123    10.6004        9.20950        9.50324       -75.2124        125.451        216.282       0.381619E+09    7.71238       0.771238        14.6400       0.379443E+09   0.191928E+07    256761.        649853.        245.405       -149.029       -4.74765               0           1        3116
         124    9.94287        9.39696        9.43856       -77.5463        49.4352        132.379       0.213941E+09    5.87698       0.587698        10.9800       0.202192E+09   0.117492E+08    0.00000        0.00000       -74.1255       -57.9340       -36.1784               1           1        3115
         125    9.98118        10.1090        10.0359       -20.4142        155.139        256.657       0.295405E+09    6.84157       0.684157        14.4400       0.295141E+09    263907.        0.00000        0.00000       -55.5091        288.095        254.113               1           1        3079
         126    9.81394        9.05970        10.0598       -5.47121        249.353        96.0395       0.249614E+09    6.86295       0.686295        13.2300       0.249332E+09    257755.        24823.7        241423.       -136.778       -221.823        265.727               0           1        3078
         127    10.1188        9.51876        10.1454       -44.9966        262.173        101.295       0.354047E+09    7.69100       0.769099        15.2700       0.354003E+09    44559.9        0.00000        0.00000        11.3710        1.25373        307.290               1           1        3034
         128    9.77826        9.90501        9.59725       -30.7828        107.560        253.598       0.321200E+09    6.75896       0.675896        13.4800       0.321080E+09    119903.        0.00000        0.00000       -154.116        188.949        40.9357               1           1        3026
         129    9.75806        8.84984        9.81481        19.4114        228.867        83.8074       0.369867E+09    6.73078       0.673077        12.6900       0.366723E+09   0.314472E+07    0.00000        0.00000       -163.932       -323.802        146.657               1           1        3014
         130    9.74990        9.10652        9.90194        6.26462        250.240        88.3815       0.294181E+09    7.22984       0.722984        13.9400       0.293977E+09    204199.        0.00000        0.00000       -167.898       -199.071        188.997               1           1        2989
         132    9.99740        9.79654        9.63881        68.7683        184.282        143.327       0.161094E+09    5.78125       0.578125        10.3100       0.160872E+09    221079.        0.00000        0.00000       -47.6271        136.239        61.1315               1           1        2874
         133    9.54910        9.35956        9.74769        85.1190        224.353        176.841       0.241869E+09    6.32307       0.632307        14.3800       0.236196E+09   0.560622E+07    66599.8        192479.       -265.475       -76.1082        114.041               0           1        2835
         134    10.1716        9.37097        9.31047       -35.4294        266.602        174.796       0.389480E+09    5.92265       0.592265        13.8000       0.377281E+09   0.117570E+08    441552.       0.306172E+07    37.0142       -70.5636       -98.4226               0           1        2832
         135    10.3952        9.32395        9.60192       -127.475        140.422        89.3243       0.204932E+09    6.29732       0.629731        12.8200       0.198867E+09   0.605226E+07    13296.2        36444.9        145.685       -93.4126        43.2051               0           1        2817
         136    10.6307        9.23291        9.69610       -106.332        109.775        86.8966       0.212255E+09    6.46885       0.646885        13.3100       0.211919E+09    297121.        38680.6        352545.        260.134       -137.653        88.9711               0           1        2809
         137    10.1396        9.30278        9.19487        16.9988        180.167        229.034       0.217261E+09    6.48003       0.648003        13.2800       0.216575E+09    517553.        168104.        258170.        21.4835       -103.700       -154.597               0           1        2762
         138    10.0267        9.49852        9.44824        125.292        319.302        151.005       0.204167E+09    5.38569       0.538569        11.5000       0.203772E+09    364133.        30783.5        96829.8       -33.3793       -8.58173       -31.4744               0           0        2756
         139    10.4168        9.88848        9.57587       -150.286        84.6671        174.026       0.219373E+09    6.55681       0.655681        12.5800       0.219236E+09    137104.        0.00000        0.00000        156.196        180.916        30.5463               1           1        2750
         140    9.61494        9.87383        9.39371        48.5037        134.653        281.996       0.195203E+09    6.24338       0.624338        13.0300       0.192964E+09   0.216208E+07    77001.5        738244.       -233.480        173.797       -57.9728               0           1        2739
         141    10.0989        9.87804        8.94226       -49.6476        113.076        231.929       0.359589E+09    7.57291       0.757291        14.8000       0.349097E+09   0.104913E+08    0.00000        0.00000        1.68622        175.843       -277.351               1           1        2714
         142    10.7601        9.98251        9.03730       -106.532        83.4816        170.615       0.304808E+09    7.27163       0.727163        14.4700       0.299464E+09   0.534422E+07    0.00000        0.00000        322.991        226.609       -231.167               1           1        2711
         143    9.90281        9.47170        9.57114        104.655        285.581        145.320       0.198665E+09    6.32307       0.632307        12.4500       0.198617E+09    47376.2        0.00000        0.00000       -93.5924       -21.6147        28.2478               1           1        2694
         144    9.84726        9.98524        10.0324       -36.7809        155.265        232.047       0.334375E+09    6.92952       0.692952        13.4200       0.331223E+09   0.315266E+07    0.00000        0.00000       -120.586        227.936        252.379               1           1        2668
         145    10.1905        9.14440        9.26828        35.5291        207.420        244.127       0.156525E+09    5.65247       0.565247        12.2500       0.155136E+09   0.130848E+07    80778.4        458105.        46.1985       -180.663       -118.925               0           1        2616
         146    10.7615        9.27920        9.90774       -91.6352        166.566        112.874       0.218610E+09    6.52862       0.652862        13.4900       0.218072E+09    345766.        192804.        633242.        323.681       -115.158        191.816               0           1        2613
         147    10.1867        9.34923        9.41680       -88.1356        206.228        204.458       0.173301E+09    5.56937       0.556937        12.9400       0.162868E+09   0.104334E+08    0.00000        0.00000        44.3713       -81.1280       -46.7524               1           1        2608
         148    10.2971        10.1209        9.94280       -166.203        108.532        187.811       0.259800E+09    6.84157       0.684157        12.7400       0.258477E+09   0.132355E+07    0.00000        0.00000        97.9999        293.878        208.853               1           1        2605
         149    9.88851        9.93919        9.90398       -74.9545        179.253        168.375       0.204688E+09    6.12383       0.612383        12.3800       0.184567E+09   0.201037E+08    17459.3        31995.9       -100.541        205.558        189.989               0           1        2601
         150    9.84806        9.94656        10.1470       -142.057        204.286        152.027       0.198756E+09    6.35271       0.635271        12.4900       0.197786E+09    748365.        221706.        735182.       -120.198        209.140        308.068               0           1        2559
         152    10.1950        9.02026        9.15484        35.7915        169.109        216.428       0.199108E+09    6.04803       0.604803        11.5400       0.198700E+09    407478.        0.00000        0.00000        48.3998       -240.988       -174.050               1           1        2545
         153    10.2024        9.34792        9.26011       -143.846        217.100        173.851       0.225333E+09    6.11557       0.611557        10.8700       0.220482E+09   0.485026E+07    0.00000        0.00000        52.0103       -81.7645       -122.895               1           1        2517
         154    9.50329        9.95950        9.36083        82.1257        118.318        249.906       0.266985E+09    6.97715       0.697715        14.5400       0.266791E+09    46470.9        148109.        534265.       -287.736        215.428       -73.9506               0           1        2505
         155    10.0526        9.51453        9.51332        63.8667        313.593        234.389       0.365893E+10    5.87309       0.587309        15.6400       0.348628E+10   0.156356E+09   0.162972E+08   0.255466E+08   -20.7789      -0.801804       0.150642               0           0        2487
         156    10.1809        10.0022        8.88278       -79.2102        61.1029        213.402       0.337972E+09    7.45143       0.745143        14.7500       0.332802E+09   0.516961E+07    0.00000        0.00000        41.5577        236.168       -306.255               1           1        2470
         157    9.75442        10.1941        9.49080        27.4461        37.7264        291.180       0.840543E+09    7.69391       0.769391        17.2300       0.798626E+09   0.406753E+08   0.124200E+07   0.407173E+07   -165.701        329.434       -10.7928               0           1        2452
         158    9.66712        9.70177        10.0476        47.3879        254.549        139.499       0.203919E+09    6.39062       0.639062        12.3100       0.201693E+09   0.222557E+07    0.00000        0.00000       -208.124        90.1859        259.784               1           1        2436
         159    9.97272        9.86490        9.75865        18.0670        194.724        146.229       0.205196E+09    6.05629       0.605629        13.7200       0.194627E+09   0.104134E+08    156173.        732096.       -59.6202        169.458        119.367               0           1        2422
         160    10.1528        9.96730        8.90333       -72.5950        67.1264        210.428       0.235690E+09    6.56604       0.656604        12.8600       0.233535E+09   0.215464E+07    0.00000        0.00000        27.8688        219.218       -296.269               1           1        2382
         161    10.0418        9.84747        10.3185       -149.929        185.641        161.984       0.242474E+09    6.72737       0.672737        13.1700       0.242431E+09    42444.1        0.00000        0.00000       -26.0562        160.988        391.416               1           1        2375
         162    10.2240        10.0182        9.64579       -117.771        57.9055        220.392       0.535812E+09    5.84490       0.584490        12.7900       0.521110E+09   0.146758E+08    26299.0        105779.        62.4872        243.957        64.5233               0           1        2370
         163    9.89518        10.1414        9.53646       -3.80415        129.229        247.654       0.117027E+09    5.24088       0.524088        10.2000       0.116809E+09    217904.        0.00000        0.00000       -97.3001        303.835        11.3953               1           1        2361
         164    10.1773        9.99417        8.92285       -76.8442        61.1520        196.580       0.293393E+09    7.20894       0.720894        13.9300       0.292563E+09    829572.        0.00000        0.00000        39.8035        232.275       -286.783               1           1        2360
         165    10.0463        9.38337        9.53711       -38.2104        247.015        232.779       0.172143E+09    5.84490       0.584490        14.2100       0.170517E+09   0.135901E+07    267010.       0.158372E+07   -23.8646       -64.5379        11.7112               0           0        2331
         166    9.84670        9.99529        9.94809       -78.9762        174.821        176.560       0.158007E+09    5.13689       0.513689        10.0200       0.154554E+09   0.345334E+07    0.00000        0.00000       -120.859        232.820        211.423               1           1        2315
         167    10.2082        9.15561        9.26716        74.8737        184.095        252.580       0.208106E+09    6.17777       0.617777        12.3800       0.206266E+09   0.183996E+07    0.00000        0.00000        54.7996       -175.216       -119.469               1           1        2279
         168    10.0968        9.72224        9.54583       -132.533        142.480        43.8089       0.164947E+09    5.76958       0.576958        11.7900       0.164863E+09    84287.5        0.00000        0.00000       0.665740        100.133        15.9486               1           1        2275
         169    9.37668        9.21280        9.69526        64.0432        231.292        160.435       0.304455E+09    7.20360       0.720360        14.0800       0.301127E+09   0.332823E+07    0.00000        0.00000       -349.261       -147.425        88.5629               1           1        2267
         170    9.70319        9.10516        9.15547        54.9840        167.303        150.936       0.230428E+09    6.16271       0.616271        12.0600       0.230293E+09    134970.        0.00000        0.00000       -190.596       -199.732       -173.744               1           1        2257
         171    9.66379        9.03501        9.12300        67.1343        182.991        158.932       0.203997E+09    6.03296       0.603296        11.5000       0.203938E+09    12797.8        45793.0        281072.       -209.742       -233.821       -189.522               0           1        2246
         172    10.0314        9.65202        9.44287       -120.759        70.0540        91.0100       0.120655E+09    4.99499       0.499499        11.2500       0.120634E+09    21707.3        0.00000        0.00000       -31.0954        66.0103       -34.0839               1           1        2238
         173    9.83826        10.2760        10.0788       -52.8952        222.324        213.360       0.180459E+09    5.99798       0.599798        11.5000       0.180327E+09    131715.        0.00000        0.00000       -124.960        369.252        274.936               1           1        2230
         174    10.3572        10.1451        9.45360       -80.8863        79.6687        205.153       0.177615E+09    5.78659       0.578659        11.7300       0.174590E+09   0.302428E+07    0.00000        0.00000        127.229        305.628       -28.8698               1           1        2221
         175    10.4974        9.69988        9.50899       -140.403        85.3820        170.990       0.189161E+09    6.26864       0.626864        11.6800       0.189139E+09    21741.3        0.00000        0.00000        195.353        89.2675       -1.95349               1           1        2214
         176    9.93906        9.96126        9.91656        23.6729        222.716        154.960       0.180020E+09    6.09954       0.609954        12.5100       0.178914E+09   0.110685E+07    0.00000        0.00000       -75.9770        216.283        196.102               1           1        2199
         177    10.0218        9.27678        9.48375       -81.7728        231.813        206.071       0.123428E+09    4.94154       0.494154        10.5000       0.122961E+09    466280.        0.00000        0.00000       -35.7896       -116.334       -14.2187               1           1        2192
         178    10.0950        9.74866        9.58651        64.3642        127.079        138.188       0.167085E+09    5.64324       0.564324        11.2400       0.166609E+09    476356.        0.00000        0.00000      -0.218674        112.972        35.7167               1           1        2177
         179    9.81568        10.2159        9.53369        12.2337        106.533        304.536       0.534851E+09    4.99791       0.499791        11.1100       0.532666E+09    376805.       0.180823E+07   0.226706E+07   -135.932        340.013        10.0493               0           1        2170
         180    9.66144        9.22848        9.02887        56.7716        165.090        179.910       0.235597E+09    6.60637       0.660637        12.1600       0.234782E+09    803633.        10942.1        216843.       -210.884       -139.805       -235.264               0           1        2164
         181    9.89970        9.56842        9.69370       -26.5225        126.184        92.8994       0.147063E+09    5.68746       0.568746        11.8200       0.146988E+09    18163.0        56683.9        187510.       -95.1036        25.3856        87.8048               0           1        2157
         182    10.2206        9.31048        9.56024       -156.545        182.078        178.997       0.164286E+09    5.89884       0.589884        11.4400       0.163865E+09    420776.        0.00000        0.00000        60.8399       -99.9582        22.9510               1           1        2144
         183    10.1376        9.21779        9.33066       -46.7882        259.350        243.619       0.128980E+09    5.38423       0.538423        11.0200       0.128864E+09    101300.        14786.3        33351.1        20.4970       -145.000       -88.6115               0           1        2142
         184    10.0401        9.51704        9.47466        140.239        290.828        159.639       0.106946E+10    5.73654       0.573654        13.2200       0.101953E+10   0.495576E+08    371907.        682915.       -26.8677       0.417910       -18.6359               0           0        2123
         185    9.60905        9.44368        9.75538        82.4182        235.703        153.869       0.159644E+09    5.85219       0.585219        13.1300       0.157048E+09   0.246215E+07    133994.        897393.       -236.343       -35.2308        117.778               0           1        2105
         186    9.89960        10.1754        9.95612       -5.07974        247.066        173.811       0.201105E+09    5.61457       0.561457        12.2700       0.200446E+09    568375.        90727.6        492686.       -95.1522        320.318        215.326               0           1        2103
         187    10.8018        9.38595        9.83417       -103.168        166.966        100.929       0.200281E+09    6.24629       0.624629        11.8200       0.198534E+09   0.174679E+07    0.00000        0.00000        343.250       -63.2842        156.065               1           1        2102
         188    10.0242        9.82383        9.39742       -50.2030        99.2291        263.795       0.159187E+09    5.88572       0.588572        10.6900       0.159043E+09    143550.        0.00000        0.00000       -34.6233        149.500       -56.1700               1           1        2100
         189    10.2218        9.38143        9.22611       -19.2581        237.806        247.514       0.161190E+09    5.89544       0.589544        13.2800       0.160540E+09    153891.        496124.       0.310350E+07    61.4376       -65.4806       -139.417               0           1        2097
         190    9.63111        9.39591        9.81943        83.5125        228.636        167.258       0.135537E+09    5.55480       0.555480        11.3300       0.135515E+09    21745.6        0.00000        0.00000       -225.623       -58.4442        148.902               1           1        2054
         191    10.4393        10.0926        9.28661       -122.940        82.8572        197.039       0.158270E+09    5.88135       0.588135        10.5800       0.158129E+09    141195.        0.00000        0.00000        167.120        280.116       -110.017               1           1        2044
         192    9.83517        9.81082        9.68833       -48.4645        145.190        125.950       0.149335E+09    5.65393       0.565393        12.6700       0.148901E+09    179735.        254423.       0.193974E+07   -126.461        143.178        85.1953               0           1        2042
         193    10.7561        9.33675        9.64185       -99.6503        159.338        68.7446       0.169370E+09    5.78999       0.578999        11.6100       0.168438E+09    842103.        89783.1        542718.        321.052       -87.1925        62.6087               0           1        2039
         194    10.5346        9.39620        9.94312       -131.867        117.916        125.896       0.153242E+09    5.82109       0.582109        11.3900       0.153141E+09    38783.5        62164.1        190832.        213.401       -58.3033        209.008               0           1        2026
         195    9.85009        10.0006        9.37349       -2.42640        87.8540        261.756       0.383210E+09    5.46101       0.546101        13.8500       0.373873E+09   0.902463E+07    312963.       0.231411E+07   -119.211        235.395       -67.7986               0           1        2024
         196    9.92513        9.38561        9.54265        118.058        232.562        187.463       0.143259E+09    5.62526       0.562526        10.1600       0.142998E+09    260853.        0.00000        0.00000       -82.7461       -63.4494        14.4033               1           1        2006
         197    9.90942        9.94819        10.2970       -152.640        199.475        167.034       0.177002E+09    6.13793       0.613793        11.9500       0.176918E+09    83852.6        0.00000        0.00000       -90.3803        209.932        380.954               1           1        1998
         198    9.47442        9.43999        9.75179        100.563        201.956        195.837       0.227271E+09    6.34299       0.634299        11.7400       0.226385E+09    885398.        0.00000        0.00000       -301.765       -37.0239        116.033               1           1        1988
         199    10.5340        9.99859        9.27848       -125.374        81.7816        184.371       0.197672E+09    6.33911       0.633911        12.2100       0.196456E+09   0.121611E+07    0.00000        0.00000        213.144        234.423       -113.968               1           1        1962
         200    9.90771        9.98876        9.15231       -29.2675        99.5411        269.177       0.162048E+09    5.90030       0.590030        12.4300       0.158129E+09   0.385966E+07    59886.3        584710.       -91.2112        229.646       -175.279               0           1        1947
         201    10.3039        10.1055        9.98368       -174.049        120.849        178.082       0.147496E+09    5.76035       0.576035        10.8100       0.147404E+09    91947.0        0.00000        0.00000        101.299        286.380        228.718               1           1        1926
         202    10.0055        9.84879        9.65937       -29.3897        93.9988        251.796       0.129585E+09    5.48045       0.548045        11.7200       0.129446E+09    138407.        0.00000        0.00000       -43.6862        161.629        71.1224               1           1        1910
         203    10.0954        9.25459        9.15948       -68.7591        249.456        178.599       0.144154E+09    5.67531       0.567531        11.6400       0.144079E+09    53037.5        22030.4        76005.8       0.194377E-01   -127.117       -171.795               0           1        1907
         204    9.92405        9.89051        9.61918       -39.1605        110.877        267.289       0.406973E+09    5.86823       0.586823        12.1500       0.395156E+09   0.117863E+08    31074.9        389372.       -83.2710        181.903        51.5924               0           1        1863
         205    10.5632        9.88400        9.34987       -130.175        79.3013        178.311       0.122890E+09    5.40756       0.540756        10.2800       0.122878E+09    11291.0        0.00000        0.00000        227.304        178.739       -79.2765               1           1        1828
         206    10.1837        9.25513        10.0654       -38.9587        256.726        91.6119       0.161720E+09    5.94598       0.594598        11.8100       0.161704E+09    15870.5        0.00000        0.00000        42.9232       -126.855        268.415               1           1        1813
         207    10.0500        9.69682        9.45706       -132.848        101.101        65.2460       0.117511E+09    5.13397       0.513397        10.7600       0.117391E+09    119878.        0.00000        0.00000       -22.0520        87.7805       -27.1884               1           1        1811
         209    9.50764        9.54553        9.08700        51.7936        127.451        206.744       0.190523E+09    6.25650       0.625650        13.1400       0.189555E+09    922570.        45542.8        642102.       -285.622        14.2624       -207.016               0           1        1806
         210    10.4932        10.2061        9.20128       -76.5676        67.9893        215.273       0.178000E+09    6.08301       0.608301        11.9800       0.175006E+09   0.299440E+07    0.00000        0.00000        193.312        335.241       -151.483               1           1        1801
         211    10.7971        9.24366        9.51131       -148.172        218.183        117.094       0.134678E+09    5.19617       0.519617        9.52000       0.133769E+09    908435.        0.00000        0.00000        340.956       -132.429      -0.826101               1           1        1780
         212    10.5210        9.33785        9.41432       -75.1814        199.076        154.672       0.135547E+09    5.58298       0.558298        10.6900       0.134019E+09   0.152831E+07    0.00000        0.00000        206.812       -86.6580       -47.9576               1           1        1766
         213    10.0764        9.94028        9.02673       -48.9475        69.4965        250.546       0.136457E+09    5.52175       0.552175        11.5100       0.135931E+09    425193.        100646.        214937.       -9.23775        206.088       -236.304               0           1        1755
         214    10.6295        9.32830        9.48370       -114.217        65.6261        189.750       0.202756E+09    6.21033       0.621033        12.9000       0.201028E+09   0.172813E+07    0.00000        0.00000        259.556       -91.2987       -14.2429               1           1        1751
         215    10.7161        9.27425        9.51070       -175.413        184.895        115.582       0.222927E+09    5.33126       0.533126        10.1700       0.199864E+09   0.230625E+08    0.00000        0.00000        301.629       -117.564       -1.12253               1           1        1746
         216    10.8824        9.70023        9.41512       -123.183        80.2346        156.350       0.135993E+09    5.61845       0.561845        12.3500       0.135765E+09    18183.6        210164.        836489.        382.426        89.4376       -47.5688               0           1        1711
         217    10.5938        9.28014        9.81355       -117.639        113.810        112.049       0.140204E+09    5.65830       0.565830        11.6000       0.140171E+09    33321.6        0.00000        0.00000        242.174       -114.702        146.045               1           1        1706
         218    10.6381        9.42763        9.87157       -89.3729        160.869        108.631       0.131501E+09    5.55966       0.555966        11.0400       0.131026E+09    474702.        0.00000        0.00000        263.735       -43.0301        174.239               1           1        1698
         219    10.0012        9.96940        9.71107        10.5165        167.862        155.983       0.129454E+09    5.48093       0.548093        11.8700       0.129363E+09    48002.5        43066.0        110451.       -45.7806        220.238        96.2456               0           1        1698
         220    9.91214        10.0371        9.40766       -28.7766        31.8668        295.783       0.149649E+09    5.11794       0.511794        9.57000       0.148235E+09   0.141372E+07    0.00000        0.00000       -89.0585        253.151       -51.1940               1           1        1688
         221    9.82840        10.0990        9.52940       -16.7582        98.9110        239.878       0.206483E+09    6.18555       0.618555        12.6100       0.197620E+09   0.886339E+07    0.00000        0.00000       -129.751        283.226        7.96458               1           1        1681
         222    9.80439        9.53055        9.38088        66.0810        140.926        246.932       0.138614E+09    5.60096       0.560096        10.2500       0.137095E+09   0.151890E+07    0.00000        0.00000       -141.419        6.98298       -64.2075               1           1        1678
         223    10.3557        9.05031        9.01538       -56.4701        150.542        191.212       0.133508E+09    5.52321       0.552321        11.4500       0.131857E+09   0.163495E+07    16261.1        99426.9        126.466       -226.386       -241.819               0           1        1672
         224    10.3680        9.03340        9.00310       -59.9792        151.292        196.661       0.137103E+09    5.58444       0.558444        10.9700       0.135848E+09   0.125477E+07    0.00000        0.00000        132.439       -234.603       -247.787               1           1        1670
         225    10.1134        10.0259        9.72994       -159.097        82.3646        195.068       0.175019E+09    5.63012       0.563012        10.1300       0.173509E+09   0.150965E+07    0.00000        0.00000        8.75667        247.714        105.415               1           1        1663
         226    10.2841        10.0292        9.14443       -84.2071        74.9054        217.828       0.141696E+09    5.64761       0.564761        11.2400       0.141668E+09    28013.0        0.00000        0.00000        91.6826        249.288       -179.108               1           1        1661
         227    9.88856        9.80090        9.92291       -28.9705        107.780        241.140       0.149803E+09    5.64664       0.564664        11.2000       0.149649E+09    71598.2        82822.5        229204.       -100.517        138.357        199.187               0           1        1658
         228    10.0822        9.03560        9.13694        47.9112        154.750        227.340       0.150877E+09    5.73654       0.573654        11.2400       0.150563E+09    314062.        0.00000        0.00000       -6.43873       -233.534       -182.748               1           1        1637
         229    10.1855        10.1306        9.86990       -161.588        90.4195        201.070       0.135203E+09    5.60825       0.560825        10.7200       0.134351E+09    851870.        0.00000        0.00000        43.7931        298.558        173.428               1           1        1637
         230    9.83542        9.73104        9.85939       -53.1408        141.267        161.814       0.115129E+09    5.23796       0.523796        10.7400       0.114565E+09    564909.        0.00000        0.00000       -126.340        104.409        168.320               1           1        1610
         231    9.76381        9.64158        9.88703        64.4310        216.821        193.162       0.584954E+09    4.72189       0.472189        11.4600       0.564509E+09   0.185909E+08   0.185429E+07   0.670123E+07   -161.138        60.9371        181.752               0           1        1572
         232    10.6769        9.31311        9.51486       -108.420        158.423        141.738       0.178452E+09    5.68600       0.568600        11.1200       0.167856E+09   0.105542E+08    41633.3        768580.        282.565       -98.6802       0.898992               0           1        1556
         234    10.4388        9.26101        9.61252       -105.658        138.447        151.293       0.118768E+09    5.13689       0.513689        10.8200       0.118223E+09    545435.        0.00000        0.00000        166.848       -123.998        48.3561               1           1        1517
         235    9.94006        10.0133        9.13272       -58.2667        104.800        250.058       0.104405E+09    5.04164       0.504164        9.99000       0.103507E+09    814529.        83347.4        295975.       -75.4910        241.576       -184.799               0           1        1483
         236    10.6414        9.77968        9.36974       -117.180        83.6267        188.279       0.133630E+09    5.57715       0.557715        11.5700       0.133603E+09    3622.14        22814.4        74930.8        265.339        128.046       -69.6209               0           1        1476
         237    9.73434        8.83113        9.81875        9.72698        248.508        82.0435       0.130242E+09    5.42554       0.542554        9.99000       0.129529E+09    712454.        0.00000        0.00000       -175.459       -332.894        148.572               1           1        1470
         238    10.0820        9.37077        9.37693        122.560        201.572        240.500       0.116360E+09    5.11210       0.511210        10.0100       0.114315E+09   0.204502E+07    0.00000        0.00000       -6.52134       -70.6608       -66.1269               1           1        1437
         240    9.80955        8.81223        9.70313       0.374459        242.204        97.7183       0.130555E+09    5.50280       0.550280        10.4200       0.130028E+09    527029.        0.00000        0.00000       -138.911       -342.079        92.3872               1           1        1411
         241    9.55414        10.1215        9.72988        88.5585        164.232        252.845       0.128984E+09    5.50134       0.550134        11.7500       0.128864E+09    48823.2        70501.2        342088.       -263.026        294.131        105.386               0           1        1403
         242    9.76777        10.2785        9.26526        47.7628        63.5142        289.304       0.122495E+09    5.31134       0.531134        10.0900       0.121714E+09    780204.        0.00000        0.00000       -159.214        370.428       -120.392               1           1        1396
         243    9.78526        8.94345        9.71317        6.77588        232.522        95.3301       0.118743E+09    5.35022       0.535022        9.67000       0.117890E+09    853292.        0.00000        0.00000       -150.715       -278.313        97.2661               1           1        1379
         244    9.68182        9.15833        9.57433        52.5622        249.080        131.106       0.106257E+09    5.16944       0.516944        10.6600       0.106084E+09    172043.        0.00000        0.00000       -200.981       -173.894        29.7979               1           1        1331
         245    10.5271        9.12084        9.27547       -79.0670        176.834        163.289       0.103944E+09    5.01637       0.501637        9.92000       0.103673E+09    270404.        0.00000        0.00000        209.757       -192.112       -115.431               1           1        1323
         246    10.3662        9.93389        9.62088       -151.440        87.0799        178.769       0.104365E+09    5.12814       0.512814        9.95000       0.102925E+09   0.143949E+07    0.00000        0.00000        131.598        202.983        52.4185               1           1        1312
         247    9.67400        9.61592        9.28964        62.2715        143.044        225.958       0.111377E+09    5.19228       0.519228        9.57000       0.110241E+09   0.113544E+07    0.00000        0.00000       -204.781        48.4678       -108.545               1           1        1308
         248    9.21129        9.46389        9.89093        82.8392        205.995        175.611       0.117584E+09    5.34487       0.534487        10.4100       0.117474E+09    110081.        0.00000        0.00000       -429.631       -25.4099        183.647               1           1        1285
         249    10.2102        10.0461        9.64393       -128.702        98.6749        217.560       0.215553E+09    4.83074       0.483074        9.70000       0.212002E+09   0.355028E+07    0.00000        0.00000        55.7618        257.525        63.6195               1           1        1268
         251    9.59731        9.47811        9.09607        60.7377        161.501        207.741       0.125427E+09    5.39832       0.539832        10.2700       0.123710E+09   0.171763E+07    0.00000        0.00000       -242.048       -18.4998       -202.609               1           1        1257
         254    9.61457        9.69174        9.93952        20.9018        283.656        100.473       0.130164E+09    5.48919       0.548919        11.9100       0.129779E+09    385322.        0.00000        0.00000       -233.660        85.3119        207.259               1           1        1220
         256    10.7469        9.15826        9.59152       -31.3297        97.3803        121.550       0.166273E+09    4.45706       0.445705        9.05000       0.165861E+09    412156.        0.00000        0.00000        316.576       -173.928        38.1513               1           1        1193
         264    10.7469        9.24939        9.49320       -151.192        69.6101        138.008       0.101066E+10    4.90218       0.490218        11.9000       0.961665E+09   0.301249E+08   0.188749E+08   0.175005E+08    316.591       -129.644       -9.62650               0           1         974
         267    9.68489        9.94034        9.46657        98.7508        119.119        234.468       0.280113E+09    5.29239       0.529239        11.9600       0.267622E+09   0.124827E+08    8786.06        768.277       -199.489        206.117       -22.5671               0           1         886
         269    9.62420        10.1745        9.73897       -19.0300        97.4355        282.366       0.109422E+09    5.09753       0.509753        9.74000       0.109410E+09    11920.2        0.00000        0.00000       -228.981        319.910        109.803               1           1         862
