#          i      x              y              z              v_x            v_y            v_z            Mvir           Rvir     Rs (Rockstar)       v_max           Mdm           Mgas           Mstars    Avg age of stars     xc             yc             zc      flag DM only  flag outside Rvir  Np bound
# (h^-1 comoving Mpc) (h^-1 comoving Mpc) (h^-1 comoving Mpc) (km/s)         (km/s)         (km/s)         (Msun)         (kpc)         (kpc)           (km/s)         (Msun)         (Msun)         (Msun)         (yrs)          (kpc)          (kpc)          (kpc)
           1    10.1656        9.14074        9.14940        9.34452        150.149        127.069       0.157920E+12    46.8041        4.68041        124.160       0.142593E+12   0.861875E+10   0.670786E+10   0.611583E+10    0.00000        0.00000        0.00000               0           0     1808200
           2    10.1422        9.25169        9.27002       -86.4797        108.300        40.1403       0.632608E+11    30.1011        3.01011        83.2900       0.578139E+11   0.449146E+10   0.955384E+09   0.290705E+10   -9.02254        42.7982        46.5284               0           1      528160
           3    10.2195        8.80005        8.89423       -12.8348        213.092        155.019       0.157165E+11    20.4270        2.04270        51.9700       0.131607E+11   0.237561E+10   0.180239E+09   0.519430E+09    20.8186       -131.419       -98.4302               0           1      168535
           5    9.74791        10.0551        8.88307        33.2375        49.5942        239.287       0.190508E+11    22.5594        2.25594        58.8500       0.178500E+11   0.107113E+10   0.129717E+09   0.348906E+09   -161.110        352.693       -102.735               0           1      129714
           6    10.4782        9.12612        9.29133       -112.235        159.008        71.8061       0.947212E+10    17.3596        1.73596        48.3400       0.833483E+10   0.107144E+10   0.658520E+08   0.304116E+09    120.607       -5.63957        54.7486               0           1       98699
           7    10.2609        8.89721        8.94546       -93.7956        95.2623        232.153       0.931582E+10    16.9492        1.69492        43.3700       0.864802E+10   0.613266E+09   0.545309E+08   0.157146E+09    36.7922       -93.9401       -78.6685               0           1       91275
           9    9.61113        9.12624        9.54700        45.3418        197.046        136.365       0.143415E+11    20.3545        2.03545        53.0400       0.131552E+11   0.112095E+10   0.653271E+08   0.109978E+09   -213.872       -5.59328        153.372               0           1       88049
          10    10.2017        8.93804        8.94903       -55.7024        129.984        183.427       0.126959E+11    18.4941        1.84941        45.8200       0.109285E+11   0.170117E+10   0.661457E+08   0.116887E+09    13.9369       -78.1902       -77.2914               0           1       87723
          11    10.2208        9.12828        9.18125       -3.23485        290.498        240.381       0.132254E+11    15.5786        1.55786        47.8100       0.117005E+11   0.134706E+10   0.177855E+09   0.392535E+09    21.3085       -4.80636        12.2859               0           0       80570
          12    10.8841        8.94387        9.29790       -47.1184        160.730        62.9765       0.901306E+10    15.8309        1.58309        40.1000       0.814789E+10   0.825443E+09   0.397320E+08   0.165249E+09    277.149       -75.9413        57.2829               0           1       52857
          13    9.94316        9.82216        8.82906       -48.2610        78.6616        218.732       0.893541E+10    17.4167        1.74167        45.5900       0.832509E+10   0.579672E+09   0.306435E+08   0.514854E+08   -85.7932        262.853       -123.569               0           1       49326
          14    10.2542        8.54508        8.76523       -3.17491        187.382        108.889       0.437562E+10    13.1546        1.31546        37.5800       0.366777E+10   0.676212E+09   0.316311E+08   0.963380E+08    34.1730       -229.772       -148.191               0           1       41490
          15    10.0005        9.79081        8.71885       -45.6613        70.4023        225.536       0.405966E+10    13.4312        1.34312        34.5600       0.369780E+10   0.345541E+09   0.163167E+08   0.606064E+08   -63.6670        250.760       -166.082               0           1       37514
          16    10.0887        8.83782        8.83623        65.7184        140.682        208.213       0.388199E+10    13.0983        1.30983        33.0200       0.355871E+10   0.315118E+09   0.816196E+07   0.334997E+08   -29.6367       -116.849       -120.803               0           1       31602
          17    9.49775        9.63113        8.92944        71.5225        114.626        210.416       0.303436E+10    12.1197        1.21196        30.2500       0.281792E+10   0.211903E+09   0.453186E+07   0.276771E+08   -257.607        189.165       -84.8482               0           1       27976
          18    10.5924        9.99499        8.94392       -82.8841        69.7383        180.481       0.325349E+10    12.6393        1.26392        31.9800       0.309362E+10   0.158236E+09   0.163875E+07   0.932111E+07    164.639        329.521       -79.2626               0           1       27317
          19    10.0381        9.32309        9.35915        22.9587        58.7471        162.969       0.245580E+10    10.6770        1.06770        28.0500       0.210383E+10   0.342043E+09   0.992124E+07   0.220495E+08   -49.1784        70.3403        80.9097               0           1       24956
          20    10.4546        9.07516        9.28409       -114.425        110.728        173.288       0.212205E+10    10.4081        1.04081        27.9000       0.199500E+10   0.123660E+09   0.338851E+07   0.298429E+08    111.472       -25.2971        51.9558               0           1       24900
          21    9.87570        8.90075        9.20980        48.4216        233.562        90.6430       0.322803E+10    12.3804        1.23804        31.7800       0.292468E+10   0.301063E+09   0.228433E+07   0.179521E+08   -111.815       -92.5746        23.2989               0           1       24858
          22    10.2149        8.81347        8.82140        11.7667        184.839        155.929       0.139487E+10    9.07190       0.907190        24.9700       0.131317E+10   0.723238E+08   0.937691E+07   0.467370E+08    19.0172       -126.242       -126.524               0           1       22482
          23    10.4926        9.85176        9.17948       -104.462        67.8665        176.022       0.166355E+10    10.1929        1.01929        27.6800       0.163425E+10   0.269635E+08   0.233833E+07   0.175467E+08    126.130        274.271        11.6032               0           1       19855
          24    9.53735        8.66987        8.81094        58.6736        158.241        131.745       0.225920E+10    11.2363        1.12363        28.2500       0.221473E+10   0.409076E+08   0.356145E+07   0.162707E+08   -242.332       -181.635       -130.559               0           1       19483
          25    10.2198        8.80341        8.92125        6.48049        182.681        128.809       0.458846E+10    9.35195       0.935195        32.7000       0.383678E+10   0.695774E+09   0.559016E+08   0.179496E+09    20.9189       -130.123       -88.0074               0           1       18197
          26    9.35599        8.83501        9.42108        62.5853        193.993        127.662       0.160680E+10    10.0193        1.00193        27.2200       0.154803E+10   0.564153E+08   0.234737E+07   0.119673E+08   -312.290       -117.933        104.799               0           1       18100
          27    10.0451        9.37907        9.16721       -65.8416        41.4341        220.387       0.158306E+10    9.84223       0.984223        26.3100       0.146199E+10   0.119794E+09   0.127302E+07   0.743229E+07   -46.4821        91.9343        6.87009               0           1       17782
          28    10.0586        9.27839        9.35225        37.5436        89.5777        155.383       0.203005E+10    9.35851       0.935851        24.3800       0.177618E+10   0.248087E+09   0.577743E+07   0.267688E+08   -41.2823        53.0976        78.2481               0           1       17687
          30    10.1244        9.07110        9.11207       -52.2069        145.338        173.112       0.291602E+10    9.19457       0.919457        27.9700       0.285751E+10   0.419247E+08   0.165881E+08   0.795205E+08   -15.8888       -26.8632       -14.3998               0           0       17395
          31    10.0172        9.57232        9.63902       -85.3986        156.015        109.868       0.145882E+10    9.56758       0.956758        24.4300       0.135832E+10   0.955603E+08   0.494627E+07   0.165455E+08   -57.2443        166.479        188.868               0           1       16996
          32    9.96336        9.58266        9.52996        7.81088        188.182        113.094       0.119242E+10    8.75559       0.875559        24.9700       0.112652E+10   0.649632E+08    936310.       0.885480E+07   -78.0012        170.468        146.799               0           1       16606
          33    9.62510        9.22342        9.64602        55.7812        166.203        137.464       0.201540E+10    10.5616        1.05616        28.4100       0.185997E+10   0.152221E+09   0.320477E+07   0.284873E+08   -208.483        31.8933        191.568               0           1       15911
          34    9.93631        9.59825        9.59040       -100.636        107.705        181.408       0.116870E+10    8.86861       0.886861        22.6000       0.116485E+10   0.272486E+07   0.112486E+07   0.684294E+07   -88.4356        176.482        170.113               0           1       15683
          35    10.1335        9.14820        9.27726        41.9124        43.4005        168.824       0.259833E+10    9.71069       0.971069        26.3400       0.232873E+10   0.265150E+09   0.445240E+07   0.100448E+08   -12.3708        2.87765        49.3212               0           1       15655
          36    9.84972        9.39487        9.49868        31.7011        195.424        105.075       0.143408E+10    9.52823       0.952823        25.8100       0.132622E+10   0.106273E+09   0.158553E+07   0.161301E+08   -121.837        98.0290        134.733               0           1       15270
          37    9.51986        9.18601        8.68859        51.8265        119.335        157.673       0.169412E+10    10.1925        1.01925        26.5400       0.162835E+10   0.642586E+08   0.151297E+07   0.121751E+08   -249.078        17.4626       -177.754               0           1       14957
          38    9.68464        8.99925        9.30711        62.1520        201.823        142.695       0.125893E+10    9.09196       0.909196        23.0300       0.119935E+10   0.594890E+08    90694.6        455707.       -185.516       -54.5789        60.8356               0           1       14793
          39    10.1970        8.87806        8.83378       -16.3121        220.576        161.282       0.809526E+09    7.57599       0.757599        19.7400       0.762627E+09   0.399163E+08   0.698256E+07   0.143208E+08    12.1201       -101.327       -121.748               0           1       14758
          40    10.2916        8.53979        8.70048       -7.37113        147.746        180.809       0.106664E+10    8.52800       0.852800        24.1000       0.103357E+10   0.311684E+08   0.189696E+07   0.129255E+08    48.6307       -231.813       -173.168               0           1       13046
          42    9.61223        9.16876        9.49282        17.3498        185.920        158.111       0.129811E+10    9.10662       0.910662        27.1000       0.128224E+10   0.134397E+08   0.243346E+07   0.361174E+08   -213.447        10.8085        132.472               0           1       12511
          43    9.59495        9.13003        9.54849        106.751        216.409        122.886       0.563185E+10    8.38219       0.838219        24.9800       0.506822E+10   0.500484E+09   0.631513E+08   0.101222E+09   -220.113       -4.13131        153.946               0           1       12072
          44    9.75311        10.0561        8.88870       -46.8629        125.143        216.239       0.643152E+10    7.27974       0.727974        23.6700       0.589618E+10   0.416704E+09   0.118637E+09   0.291376E+09   -159.104        353.094       -100.563               0           1       11013
          45    9.52941        9.69121        8.93635        49.5283        113.530        189.721       0.786823E+09    7.88767       0.788767        20.7600       0.771106E+09   0.148838E+08    832809.       0.822871E+07   -245.395        212.340       -82.1827               0           1       10115
          46    9.93116        9.66706        9.47024        44.5113        138.000        224.802       0.130899E+10    8.88481       0.888482        23.9500       0.113667E+10   0.170572E+09   0.175609E+07   0.920672E+07   -90.4221        203.025        123.762               0           1        9951
          48    10.1668        9.68447        8.53662       -49.7497        98.5613        187.382       0.926981E+09    8.47863       0.847863        23.9700       0.919425E+09   0.638971E+07   0.116657E+07   0.167479E+08   0.459035        209.740       -236.376               0           1        9625
          49    10.1547        9.15313        9.16835       -38.0880        176.730        235.706       0.561469E+10    5.89569       0.589569        23.0000       0.524350E+10   0.149836E+09   0.221347E+09   0.508186E+09   -4.21232        4.77936        7.30984               0           0        9163
          50    10.1513        9.10437        9.12935       -196.421        267.555        201.148       0.274009E+10    6.96767       0.696767        21.0300       0.248671E+10   0.241963E+09   0.114206E+08   0.265766E+08   -5.50070       -14.0295       -7.73416               0           0        9147
          51    9.98349        9.43173        9.41889       -13.6325        82.8205        166.890       0.145330E+10    9.29756       0.929756        23.5900       0.129953E+10   0.152056E+09   0.171118E+07   0.419507E+07   -70.2362        112.248        103.954               0           1        9014
          52    9.88501        9.80270        8.88327       -5.10379        44.7161        207.618       0.134133E+10    8.77064       0.877064        24.2800       0.121066E+10   0.129703E+09    965446.       0.446123E+07   -108.224        255.347       -102.658               0           1        8832
          54    10.3642        8.84177        8.74295       -83.0219        131.163        186.354       0.669948E+09    7.14897       0.714897        19.5700       0.623786E+09   0.457050E+08    457249.       0.753520E+07    76.6357       -115.326       -156.785               0           1        8558
          55    10.1022        8.71612        8.63721        12.7633        115.652        202.382       0.592599E+09    7.21455       0.721455        18.7100       0.579140E+09   0.134013E+08    57729.6       0.108277E+07   -24.4639       -163.794       -197.574               0           1        8190
          56    10.1129        8.84112        8.85414        67.6182        154.756        224.290       0.118728E+10    7.51080       0.751080        21.5500       0.113218E+10   0.534828E+08   0.162368E+07   0.128482E+08   -20.3094       -115.576       -113.895               0           1        8098
          57    9.60606        9.12969        9.56107        44.2612        272.772        166.120       0.307116E+10    6.25096       0.625096        19.1900       0.258897E+10   0.435571E+09   0.466214E+08   0.518286E+08   -215.827       -4.26247        158.799               0           1        7935
          58    10.8068        8.97561        9.23919       -34.8841        178.055        118.743       0.720041E+09    7.53742       0.753742        19.6600       0.686306E+09   0.333868E+08    348586.       0.412050E+07    247.358       -63.6978        34.6359               0           1        7898
          59    9.66858        9.04684        9.44095        64.8831        196.484        153.658       0.566465E+09    7.00548       0.700548        19.5400       0.521858E+09   0.444219E+08    184578.       0.212052E+07   -191.711       -36.2213        112.464               0           1        7813
          60    10.2463        8.94701        8.93279       -83.0786        100.517        237.058       0.951716E+09    6.74471       0.674471        17.5400       0.826313E+09   0.121534E+09   0.386904E+07   0.116206E+08    31.1372       -74.7301       -83.5559               0           1        7404
          61    10.1799        8.96263        9.01074       -43.4197        56.5323        245.239       0.647700E+09    6.86429       0.686429        19.2400       0.573820E+09   0.735643E+08    316085.       0.327687E+07    5.51613       -68.7048       -53.4872               0           1        7031
          62    10.0619        9.81982        8.50261       -34.2566        72.6349        205.896       0.790878E+09    7.86298       0.786298        20.0800       0.762710E+09   0.272764E+08    892606.       0.264725E+07   -39.9862        261.951       -249.495               0           1        6852
          63    10.9976        8.97704        9.76335       -74.9967        127.482        101.730       0.103654E+10    8.59628       0.859628        22.7600       0.101570E+10   0.198092E+08   0.103352E+07   0.164086E+08    320.942       -63.1462        236.827               0           1        6802
          64    9.86566        9.65202        9.63942        6.58650        226.137        105.339       0.468862E+09    6.60430       0.660430        17.0300       0.461583E+09   0.704384E+07    234476.       0.283873E+07   -115.688        197.223        189.022               0           1        6686
          65    10.2200        8.73927        8.84044       -31.0323        233.821        156.075       0.520461E+09    6.75204       0.675204        20.4100       0.517868E+09   0.134046E+07   0.125313E+07   0.216145E+08    20.9999       -154.864       -119.179               0           1        6651
          66    10.5299        9.04388        9.24964       -131.801        92.6976        156.004       0.448944E+09    6.50478       0.650478        17.0000       0.440549E+09   0.813514E+07    259602.       0.305089E+07    140.523       -37.3631        38.6669               0           1        6364
          67    11.0703        8.88326        9.18113       -130.523        120.416        128.963       0.945456E+09    8.16772       0.816772        23.0900       0.918677E+09   0.252159E+08   0.156272E+07   0.140705E+08    349.009       -99.3213        12.2396               0           1        6281
          68    10.1417        9.83757        8.73064       -78.4451        51.0000        184.548       0.643516E+09    7.48418       0.748418        18.6600       0.639083E+09   0.438129E+07    51680.3        315469.       -9.21156        268.798       -161.534               0           1        6194
          69    10.0109        9.65107        9.04622       -32.0046        106.743        219.889       0.452575E+09    6.58502       0.658502        17.2700       0.432485E+09   0.198836E+08    206668.       0.338684E+07   -59.6745        196.857       -39.8010               0           1        6165
          70    10.1723        8.99595        9.10807       -162.347        173.430        174.072       0.438934E+09    6.15838       0.615838        16.1800       0.434563E+09   0.428393E+07    86746.9       0.152296E+07    2.59605       -55.8518       -15.9428               0           1        6107
          71    10.0794        9.25468        9.25806        133.597        192.505        89.3580       0.624381E+09    6.59234       0.659235        17.8700       0.588286E+09   0.357120E+08    383224.       0.423794E+07   -33.2434        43.9516        41.9149               0           1        6019
          72    9.99012        9.48185        9.39099        33.7162        180.832        90.1997       0.683569E+09    7.02823       0.702823        17.4100       0.621957E+09   0.615521E+08    60113.9        722497.       -67.6787        131.581        93.1918               0           1        5923
          73    10.9770        8.90223        9.22012       -40.8876        49.7794        111.457       0.178764E+10    6.87818       0.687818        20.0400       0.175014E+10   0.357965E+08   0.170006E+07   0.110934E+08    312.996       -92.0037        27.2798               0           1        5896
          74    9.98245        9.81602        8.86077       -35.7472        99.5268        214.196       0.528826E+09    6.34470       0.634470        17.7100       0.518616E+09   0.984009E+07    369689.       0.402739E+07   -70.6374        260.485       -111.337               0           1        5882
          75    10.0317        9.41619        9.21447       -12.8967        52.8348        220.372       0.635632E+09    7.27935       0.727935        19.0600       0.595186E+09   0.402024E+08    243536.       0.192331E+07   -51.6395        106.253        25.1003               0           1        5851
          76    9.77721        9.39797        9.57047        30.9763        205.414        97.5974       0.782111E+09    7.79548       0.779548        21.5800       0.752401E+09   0.290722E+08    637868.       0.247779E+07   -149.807        99.2248        162.425               0           1        5711
          77    9.98331        9.49821        9.40077        30.9613        160.625        90.3892       0.559365E+09    6.17304       0.617304        15.3000       0.495836E+09   0.634801E+08    48498.5        429541.       -70.3056        137.892        96.9644               0           1        5651
          78    10.1641        9.05745        9.09049       -110.819        69.6768        131.367       0.882063E+09    5.96898       0.596898        16.1500       0.711997E+09   0.169443E+09    622540.       0.739162E+07  -0.582473       -32.1286       -22.7242               0           0        5621
          79    10.6764        9.01640        9.21994       -97.6304        87.5143        146.485       0.363262E+09    6.07506       0.607506        16.2600       0.356247E+09   0.662128E+07    393453.       0.413013E+07    197.057       -47.9634        27.2104               0           1        5568
          80    10.1689        8.90545        8.93564        82.1995        152.569        215.642       0.348721E+09    5.45209       0.545209        14.3300       0.345107E+09   0.361388E+07    0.00000        0.00000        1.29224       -90.7616       -82.4565               1           1        5545
          81    10.2898        8.89227        8.80329       -99.7311        168.963        179.286       0.371437E+09    6.06735       0.606735        15.4100       0.370713E+09    716567.        7220.34        18290.9        47.9171       -95.8457       -133.510               0           1        5503
          82    10.0634        9.72916        8.64690       -25.1363        64.4245        226.231       0.452452E+09    6.60932       0.660932        18.3300       0.443376E+09   0.884964E+07    226129.       0.230569E+07   -39.4153        226.979       -193.836               0           1        5453
          83    10.3099        9.31441        9.36825       -97.8405        201.076        16.8807       0.385435E+09    6.30034       0.630034        16.6200       0.385096E+09    323676.        15064.3        49279.0        55.6628        66.9921        84.4200               0           1        5449
          84    10.1509        9.10076        9.15467        65.5595        113.215        101.364       0.694251E+09    4.54791       0.454791        12.6400       0.627447E+09   0.491586E+08   0.176460E+08   0.690970E+08   -5.65500       -15.4220        2.03287               0           0        5431
          85    10.1785        9.05277        9.11956       -97.3656        56.2760        106.083       0.674280E+09    5.53927       0.553927        18.1400       0.633597E+09   0.399544E+08    728909.       0.398893E+07    4.98766       -33.9339       -11.5106               0           0        5326
          86    9.74095        9.00500        9.30449        40.3955        223.055        92.0832       0.343494E+09    5.91305       0.591305        16.2900       0.317255E+09   0.262244E+08    14391.5        48696.4       -163.794       -52.3608        59.8250               0           1        5213
          87    9.90998        8.40619        9.81280       -15.6828        203.823        72.4383       0.395421E+09    6.40024       0.640025        17.6000       0.395073E+09    245918.        102039.        462041.       -98.5922       -283.348        255.902               0           1        5198
          88    10.1052        9.05803        9.16991       -38.4633        105.850        177.077       0.388565E+09    5.37378       0.537378        13.6200       0.386343E+09   0.196965E+07    252433.       0.431797E+07   -23.2873       -31.9048        7.91160               0           0        5101
          89    10.9499        9.39691        8.96455       -98.0818        66.9449        145.175       0.442963E+09    6.60739       0.660739        17.8700       0.441963E+09    791868.        208182.       0.350873E+07    302.550        98.8159       -71.3047               0           1        5070
          90    9.74448        8.32378        9.60078      -0.434079        200.781        61.8156       0.499150E+09    6.89477       0.689477        17.5700       0.497166E+09   0.194568E+07    38040.8        182213.       -162.433       -315.137        174.117               0           1        5055
          91    10.2338        8.81961        8.95982        77.4475        160.195        145.749       0.590383E+09    6.29301       0.629301        15.7500       0.574069E+09   0.162753E+08    38804.8        209229.        26.3154       -123.874       -73.1293               0           1        4858
          92    10.5256        9.83944        8.89230       -76.7841        78.8361        180.582       0.361885E+09    6.22435       0.622435        17.9700       0.361402E+09    384253.        99268.2       0.118465E+07    138.860        269.519       -99.1747               0           1        4747
          93    9.80798        8.38763        9.52008        11.4595        201.528        72.8804       0.322286E+09    5.95394       0.595394        15.7100       0.320664E+09   0.160037E+07    21385.0        126716.       -137.938       -290.507        142.987               0           1        4725
          94    9.67993        9.00516        9.43209        73.4443        200.712        163.354       0.330539E+09    5.94237       0.594237        17.4300       0.329976E+09    217339.        345627.       0.517800E+07   -187.332       -52.2991        109.046               0           1        4698
          95    10.1631        9.30309        9.32173        94.1866        108.386        58.1024       0.222779E+09    4.59034       0.459034        12.5000       0.219485E+09   0.329423E+07    0.00000        0.00000      -0.952787        62.6255        66.4752               1           1        4508
          96    9.59194        8.98481        9.59217        12.6513        244.379        78.9400       0.335289E+09    6.03302       0.603302        16.5100       0.333218E+09   0.202331E+07    47789.9        469862.       -221.274       -60.1490        170.796               0           1        4467
          97    9.43588        9.56519        8.88003        61.2518        126.722        210.630       0.349064E+09    6.09628       0.609628        16.5600       0.345024E+09   0.368916E+07    351735.       0.506851E+07   -281.473        163.729       -103.908               0           1        4467
          98    10.6275        9.16013        9.31624       -97.7035        171.561        108.704       0.384734E+09    6.32734       0.632734        17.8400       0.382851E+09   0.172023E+07    161984.       0.239240E+07    178.183        7.47957        64.3575               0           1        4465
          99    10.4928        9.14896        9.33540       -77.6265        215.953        80.8967       0.310368E+09    5.07213       0.507213        12.9800       0.308526E+09   0.180782E+07    34295.7        189005.        126.219        3.17081        71.7483               0           1        4429
         100    9.73090        8.96792        9.19248        72.8900        169.841        160.210       0.395590E+09    6.40757       0.640757        17.0600       0.392329E+09   0.312042E+07    140572.        824200.       -167.671       -66.6642        16.6178               0           1        4406
         101    9.92829        8.91854        9.23134        29.2111        215.533        97.7332       0.392115E+09    6.21085       0.621085        16.0600       0.391997E+09    60690.1        57798.2        286301.       -91.5292       -85.7122        31.6078               0           1        4385
         102    10.3505        9.74237        9.34694       -110.581        88.0629        177.667       0.513347E+09    6.87972       0.687972        17.0700       0.508057E+09   0.528972E+07    0.00000        0.00000        71.3278        232.075        76.1998               1           1        4333
         103    10.2567        9.32278        9.22309       -153.232        137.488        61.0279       0.316149E+09    5.66849       0.566849        15.1400       0.315094E+09    915263.        139457.       0.142206E+07    35.1451        70.2208        28.4254               0           1        4313
         104    10.1261        9.60116        9.61857       -112.380        163.016        85.7306       0.321722E+09    5.90920       0.590919        15.1400       0.317338E+09   0.438341E+07    0.00000        0.00000       -15.2137        177.604        180.979               1           1        4303
         105    10.2140        8.99345        8.97585       -87.5807        129.120        227.598       0.280308E+09    5.08795       0.508795        14.7600       0.248833E+09   0.312050E+08    270297.       0.242603E+07    18.6893       -56.8162       -66.9458               0           1        4275
         106    10.1666        9.24736        9.24528       -84.1110        52.3356        56.3437       0.106817E+10    5.22759       0.522759        16.6400       0.991348E+09   0.689835E+08   0.783437E+07   0.516134E+08   0.397316        41.1280        36.9851               0           1        4245
         107    10.2659        9.12408        9.15699       -12.2393        78.7160        41.9294       0.389150E+09    5.29162       0.529162        13.9200       0.387756E+09   0.130804E+07    85074.3        988433.        38.6862       -6.42649        2.92779               0           0        4238
         108    10.1578        9.12006        9.13617       -48.5828        38.5167        369.967       0.152492E+10    4.58147       0.458147        13.8000       0.144114E+10   0.505539E+08   0.332274E+08   0.385249E+08   -2.99723       -7.97718       -5.10339               0           0        4211
         109    11.3609        9.49238        9.19528       -103.438        60.6645        117.457       0.400515E+09    6.40179       0.640179        15.9300       0.399728E+09    695060.        91932.3        624118.        461.083        135.643        17.6979               0           1        4161
         110    10.2625        8.90317        8.95860        39.9915        186.992        192.796       0.128223E+10    5.09142       0.509142        14.0900       0.119355E+10   0.712411E+08   0.174393E+08   0.228547E+08    37.4094       -91.6411       -73.5999               0           1        4155
         111    9.83415        9.25269        9.39711        47.0210        208.559        117.756       0.336880E+09    5.95703       0.595703        14.7900       0.324571E+09   0.123085E+08    0.00000        0.00000       -127.843        43.1840        95.5525               1           1        4085
         112    10.4815        9.82347        9.25892       -133.994        78.4324        151.160       0.324314E+09    5.86252       0.586252        15.3400       0.318918E+09   0.539594E+07    0.00000        0.00000        121.849        263.359        42.2466               1           1        4024
         113    10.1220        9.12471        9.18243       -52.1958        217.839        244.463       0.474054E+09    4.71725       0.471725        16.0000       0.462248E+09   0.110895E+08    715964.       0.765445E+07   -16.8030       -6.18347        12.7411               0           0        4011
         114    9.93359        9.77860        9.15900       -9.18728        119.821        220.499       0.624934E+09    7.26932       0.726932        18.6300       0.623287E+09   0.152152E+07    125820.        732743.       -89.4848        246.050        3.70314               0           1        3987
         116    10.1459        9.81073        8.34400       -18.7336        76.4280        188.453       0.334869E+09    5.96590       0.596590        15.7500       0.327731E+09   0.663839E+07    499653.       0.256051E+07   -7.59529        258.444       -310.678               0           1        3903
         117    10.1983        9.08215        9.12084        124.087        91.0431        185.091       0.100541E+10    5.26308       0.526308        14.3300       0.986360E+09   0.176546E+08   0.139810E+07   0.782477E+07    12.6100       -22.6007       -11.0168               0           0        3861
         118    9.94672        8.99185        8.94065        98.6465        157.489        173.216       0.317974E+09    5.93851       0.593851        16.0600       0.314179E+09   0.372690E+07    67828.6        357750.       -84.4200       -57.4334       -80.5240               0           1        3785
         119    10.4516        9.84032        9.20355       -102.400        80.0292        161.584       0.315451E+09    5.66078       0.566078        15.1500       0.311186E+09   0.426479E+07    0.00000        0.00000        110.323        269.858        20.8880               1           1        3751
         120    10.0355        9.66614        9.02579       -43.3035        88.9610        219.466       0.261566E+09    5.40811       0.540811        13.4600       0.255401E+09   0.613905E+07    26623.2        524690.       -50.1930        202.670       -47.6818               0           1        3741
         121    10.6390        9.83956        9.45058       -137.878        85.2971        149.522       0.315487E+09    5.94893       0.594893        15.7600       0.314844E+09    589948.        52614.8        598696.        182.634        269.565        116.178               0           1        3729
         122    10.3544        9.69521        8.47795       -73.2644        73.9256        168.535       0.297164E+09    5.81353       0.581353        15.4700       0.296554E+09    609855.        0.00000        0.00000        72.8515        213.883       -259.008               1           1        3598
         123    10.9104        9.60789        9.08297       -112.302        61.9434        133.870       0.394692E+09    6.35280       0.635280        15.8300       0.393160E+09   0.153152E+07    0.00000        0.00000        287.302        180.200       -25.6249               1           1        3573
         124    9.96097        8.52188        9.10706        30.6859        210.150        76.3527       0.205715E+09    5.04012       0.504012        12.4900       0.204104E+09   0.161082E+07    0.00000        0.00000       -78.9231       -238.721       -16.3324               1           1        3566
         125    9.89903        9.67417        9.10045       -58.7781        80.4335        196.045       0.231110E+09    5.29856       0.529856        13.9400       0.230293E+09    817216.        0.00000        0.00000       -102.816        205.767       -18.8821               1           1        3556
         126    10.1316        9.28620        9.31922       -68.7691        98.2651       -12.4121       0.336999E+09    4.89662       0.489662        16.3400       0.314346E+09   0.209162E+08   0.173674E+07   0.111221E+08   -13.0960        56.1103        65.5070               0           1        3510
         128    9.94324        9.89822        8.74040       -3.32918        66.0660        238.461       0.289855E+09    5.60022       0.560021        14.0100       0.280093E+09   0.976279E+07    0.00000        0.00000       -85.7624        292.193       -157.769               1           1        3431
         129    10.0358        9.65703        9.08647       -2.39552        103.789        216.726       0.236998E+09    5.33367       0.533367        13.7200       0.236279E+09    708422.        11044.8        62219.7       -50.0425        199.156       -24.2748               0           1        3405
         130    9.27088        9.04719        9.36501        86.2601        152.448        153.240       0.250361E+09    5.50995       0.550995        14.8900       0.249747E+09    476281.        137301.        766218.       -345.121       -36.0863        83.1702               0           1        3382
         131    10.1096        9.23229        9.17167       -86.8442        125.139        159.374       0.164587E+09    4.05377       0.405377        11.6800       0.152309E+09   0.121886E+08    89318.3        512823.       -21.6055        35.3148        8.59051               0           0        3372
         132    9.56701        9.88484        8.53660        42.7322        98.0127        219.739       0.513138E+09    6.87047       0.687047        17.8400       0.510718E+09   0.241950E+07    0.00000        0.00000       -230.891        287.032       -236.384               1           1        3365
         133    10.1857        9.07471        9.11554       -118.677        141.382        206.106       0.495561E+09    4.18145       0.418145        12.5900       0.493841E+09    783838.        936121.       0.565030E+07    7.77273       -25.4706       -13.0613               0           0        3362
         134    9.88636        8.89818        9.19907        29.2543        204.120        80.7064       0.681146E+09    5.26308       0.526308        15.0500       0.676914E+09   0.374430E+07    487286.       0.293525E+07   -107.703       -93.5660        19.1599               0           1        3360
         135    9.33881        8.85387        9.38703        85.7902        206.946        126.929       0.238776E+09    5.10608       0.510608        14.4400       0.235780E+09   0.293075E+07    65274.5        293260.       -318.917       -110.658        91.6642               0           1        3275
         136    10.1229        8.89272        8.78354       -7.37086        174.016        121.897       0.211038E+09    4.92979       0.492979        12.9800       0.210506E+09    361880.        170601.        430533.       -16.4635       -95.6721       -141.128               0           1        3271
         137    10.0885        9.40732        9.06345       -81.7556        53.8117        231.661       0.216928E+09    5.17243       0.517243        13.7700       0.215827E+09   0.103682E+07    63943.1       0.148976E+07   -29.7138        102.832       -33.1547               0           1        3214
         138    9.69267        8.96294        9.26798        81.1686        187.091        167.085       0.243552E+09    5.03240       0.503240        12.6300       0.238523E+09   0.502874E+07    0.00000        0.00000       -182.418       -68.5852        45.7415               1           1        3209
         139    10.2174        8.79369        8.78172        18.9105        253.171        123.849       0.207652E+09    4.77897       0.477897        13.5300       0.206682E+09    458113.        512639.       0.480505E+07    20.0085       -133.872       -141.830               0           1        3207
         140    10.3780        9.08738        9.35690       -96.7788        175.062        114.376       0.240656E+09    5.40117       0.540117        15.1200       0.239272E+09    902682.        481190.       0.563237E+07    81.9551       -20.5833        80.0418               0           1        3195
         141    10.1097        9.34319        9.37481        55.2809        58.9849        164.849       0.194145E+09    4.42910       0.442910        11.0300       0.186562E+09   0.758237E+07    0.00000        0.00000       -21.5361        78.0938        86.9505               1           1        3148
         142    9.93565        9.83815        9.68028       -34.0430        184.038        167.555       0.213978E+09    5.03394       0.503394        12.9900       0.213166E+09    811108.        0.00000        0.00000       -88.6902        269.021        204.784               1           1        3098
         143    10.4416        9.34417        9.49259       -98.6645        172.076        53.2718       0.232803E+09    5.35527       0.535527        15.6800       0.232455E+09    230915.        117234.       0.146347E+07    106.473        78.4718        132.383               0           1        3084
         144    10.2443        8.71641        8.90377       -14.6410        218.855        184.727       0.226347E+09    5.11379       0.511379        15.5800       0.225803E+09    109044.        434302.       0.468322E+07    30.3619       -163.683       -94.7502               0           1        3061
         145    10.7147        9.03236        9.21513       -96.4364        83.7330        175.261       0.246287E+09    5.32248       0.532248        14.3700       0.242930E+09   0.324790E+07    109694.        790444.        211.812       -41.8069        25.3549               0           1        3060
         146    9.67700        9.03207        9.33779        89.8638        153.422        172.785       0.207409E+09    4.98187       0.498187        12.9800       0.203273E+09   0.413587E+07    0.00000        0.00000       -188.463       -41.9188        72.6702               1           1        3006
         147    9.99144        9.80728        8.71882       -17.3900        80.7239        208.827       0.655739E+09    5.19634       0.519634        17.2800       0.603501E+09   0.514048E+08    833509.       0.460360E+07   -67.1695        257.114       -166.093               0           1        2982
         148    9.95155        9.75482        9.47594        40.3994        150.809        211.043       0.235050E+09    5.33019       0.533019        15.0200       0.234533E+09    513063.        4113.20        62219.7       -82.5568        236.877        125.961               0           1        2966
         149    10.7497        8.88706        9.23904       -45.5150        168.338        131.210       0.202939E+09    5.02546       0.502546        14.1400       0.195292E+09   0.764732E+07    0.00000        0.00000        225.340       -97.8554        34.5781               1           1        2929
         150    10.2609        8.88697        8.87946       -76.9029        112.638        261.533       0.238989E+09    5.07715       0.507715        13.6900       0.227217E+09   0.117698E+08    2942.16        63596.3        36.7768       -97.8901       -104.128               0           1        2889
         151    9.94892        9.80883        8.84400       -21.6864        43.1893        202.385       0.119968E+10    5.82549       0.582549        18.8800       0.113584E+10   0.619491E+08   0.189727E+07   0.843884E+07   -83.5713        257.711       -117.806               0           1        2867
         152    9.78765        8.96229        9.30566        30.8554        219.763        98.0546       0.310062E+09    5.47022       0.547022        13.8600       0.296471E+09   0.135915E+08    0.00000        0.00000       -145.780       -68.8359        60.2763               1           1        2841
         153    10.3436        9.75703        9.36495       -125.501        93.0630        175.388       0.163686E+09    4.62891       0.462891        11.6000       0.162036E+09   0.164988E+07    0.00000        0.00000        68.6739        237.730        83.1470               1           1        2835
         154    10.3302        9.22317        9.31060       -136.561        152.894        23.1187       0.279347E+09    5.52731       0.552731        14.3500       0.265793E+09   0.135539E+08    0.00000        0.00000        63.5165        31.7968        62.1819               1           1        2821
         155    10.2460        9.27046        9.24660       -186.627        128.791        81.0548       0.223489E+09    4.92979       0.492979        12.9700       0.208677E+09   0.148120E+08    0.00000        0.00000        31.0254        50.0387        37.4943               1           1        2739
         156    10.1050        9.35954        9.77336       -30.9717        228.849        67.3292       0.206410E+09    5.15468       0.515468        13.6000       0.206349E+09    9572.80        51424.0        573557.       -23.3606        84.4007        240.689               0           1        2713
         157    9.95646        8.73055        8.64218        68.7878        149.454        149.895       0.214745E+09    5.14349       0.514350        14.8700       0.212584E+09   0.216098E+07    0.00000        0.00000       -80.6628       -158.228       -195.657               1           1        2667
         158    11.0060        9.02996        9.54510       -63.6064        143.701        68.9060       0.174669E+09    4.71146       0.471146        12.2300       0.173011E+09   0.165841E+07    0.00000        0.00000        324.194       -42.7327        152.639               1           1        2666
         159    9.88305        8.90541        9.23945        36.6797        191.325        83.2167       0.220069E+09    4.82873       0.482873        13.1200       0.219152E+09    888937.        27341.0        110888.       -108.980       -90.7770        34.7362               0           1        2664
         160    10.8548        8.94108        9.30065       -29.2365        112.508        78.6677       0.462560E+09    4.95757       0.495757        15.3700       0.435561E+09   0.266393E+08    359807.       0.242797E+07    265.878       -77.0176        58.3437               0           1        2656
         161    10.1802        9.01227        9.04769       -67.4269        216.637        196.225       0.241878E+09    4.80828       0.480828        13.7400       0.189721E+09   0.520865E+08    69796.8        840265.        5.64343       -49.5565       -39.2340               0           1        2552
         162    10.8806        9.02414        9.48193       -104.223        71.0637        91.6309       0.183175E+09    4.91012       0.491012        13.1200       0.181574E+09   0.156217E+07    39044.5        561915.        275.807       -44.9777        128.271               0           1        2544
         163    9.82529        8.52058        9.86063       -4.94834        209.721        73.7925       0.192445E+09    5.04474       0.504475        12.9500       0.192299E+09    121466.        25109.6        370947.       -131.261       -239.223        274.352               0           1        2538
         164    10.9574        8.93490        9.66601       -79.2293        126.413        95.9895       0.191079E+09    5.00887       0.500887        13.1400       0.190553E+09    330896.        195178.        969966.        305.459       -79.4015        199.279               0           1        2527
         165    10.0248        9.32472        9.45630       -76.3303        77.1378        117.569       0.153821E+09    4.58918       0.458918        12.4500       0.153307E+09    456963.        57380.7        284207.       -54.3127        70.9691        118.385               0           1        2503
         166    10.7955        8.95829        9.04733       -80.6028        89.7389        170.111       0.308326E+09    5.89377       0.589377        14.8900       0.308027E+09    38881.6        259866.        988748.        243.003       -70.3789       -39.3728               0           1        2493
         167    10.1797        9.33769        9.25625       -51.8423        73.0944        46.1048       0.151721E+09    4.23430       0.423430        13.8200       0.150813E+09    681595.        226755.       0.147567E+07    5.46213        75.9722        41.2167               0           1        2487
         168    10.2825        9.31877        9.38136       -70.7114        198.646        2.59427       0.181890E+09    4.87386       0.487386        13.1600       0.181740E+09    149597.        0.00000        0.00000        45.1011        68.6739        89.4771               1           1        2484
         169    10.8423        8.94235        9.27691       -45.3732        201.804        47.4644       0.137362E+09    3.69966       0.369966        11.0200       0.131358E+09   0.591135E+07    91773.7        721114.        261.052       -76.5277        49.1862               0           1        2475
         170    9.60830        9.12168        9.53149       -10.1957        191.376        183.018       0.751329E+09    4.38320       0.438320        12.9100       0.719729E+09   0.309902E+08    610120.        728381.       -214.963       -7.35227        147.389               0           1        2456
         171    9.56647        8.72508        8.84159        58.1154        157.234        120.570       0.197157E+09    4.93134       0.493134        12.7100       0.194128E+09   0.302901E+07    0.00000        0.00000       -231.099       -160.338       -118.736               1           1        2449
         172    10.0401        9.56127        9.55161       -45.5575        141.652        138.401       0.156925E+09    4.51281       0.451281        12.2100       0.153972E+09   0.293566E+07    17715.4        46809.9       -48.4070        162.217        155.150               0           1        2445
         173    9.85816        9.67951        9.64024        1.73544        200.063        109.275       0.375858E+09    5.88026       0.588026        14.7200       0.364062E+09   0.117439E+08    51906.3        420588.       -118.581        207.827        189.338               0           1        2428
         174    9.74687        10.0363        8.86420        23.4236        64.7911        269.287       0.231596E+10    6.85889       0.685889        24.5600       0.226694E+10   0.391532E+08   0.986410E+07   0.460160E+08   -161.511        345.464       -110.014               0           1        2426
         176    10.2047        8.94535        9.93959       -30.0282        223.882        78.7278       0.277275E+09    5.66579       0.566579        15.2600       0.276767E+09    507435.        0.00000        0.00000        15.1096       -75.3704        304.811               1           1        2403
         177    10.9922        9.79705        8.67886       -93.1180        74.4998        137.707       0.269387E+09    5.60060       0.560060        14.6400       0.268869E+09    517751.        0.00000        0.00000        318.848        253.167       -181.508               1           1        2403
         178    10.2597        8.54212        8.82234        10.9243        214.770        149.421       0.117883E+09    4.13208       0.413208        10.9500       0.114731E+09   0.309217E+07    59599.3        370664.        36.3100       -230.914       -126.161               0           1        2390
         179    11.0036        9.04823        9.52979       -62.7622        138.283        79.0814       0.162106E+09    4.74734       0.474734        12.8300       0.161953E+09    152262.        0.00000        0.00000        323.280       -35.6851        146.733               1           1        2373
         180    11.1641        8.77990        9.14297       -102.626        116.843        127.816       0.225533E+09    5.15275       0.515275        14.0400       0.220566E+09   0.489201E+07    75626.1        758332.        385.188       -139.192       -2.48033               0           1        2358
         181    9.42599        8.93386        9.43697        73.0438        197.825        116.307       0.180120E+09    4.75737       0.475737        13.5300       0.178165E+09   0.181181E+07    142506.       0.150954E+07   -285.288       -79.8026        110.928               0           1        2352
         182    9.86980        8.90257        9.19529        34.8222        263.951        97.3890       0.445654E+09    4.61850       0.461850        13.3200       0.416772E+09   0.288197E+08    63154.6        341494.       -114.091       -91.8725        17.7018               0           1        2336
         183    9.88619        9.68175        9.05606       -58.7851        81.3333        203.551       0.169721E+09    4.80173       0.480173        12.8100       0.169436E+09    285730.        0.00000        0.00000       -107.769        208.691       -36.0053               1           1        2332
         184    10.1032        8.69190        8.66518        35.5425        109.611        192.791       0.162004E+09    4.64164       0.464164        11.9200       0.159792E+09   0.221247E+07    0.00000        0.00000       -24.0434       -173.137       -186.785               1           1        2331
         185    9.84532        9.47672        9.59248        43.4049        186.568        122.264       0.209289E+09    5.08409       0.508409        12.7900       0.209176E+09    113543.        0.00000        0.00000       -123.534        129.602        170.915               1           1        2320
         186    9.92397        9.66467        9.53381       -24.6779        116.550        194.445       0.260761E+09    5.18824       0.518824        13.6200       0.234367E+09   0.261819E+08    212205.       0.195522E+07   -93.1956        202.103        148.284               0           1        2302
         187    10.2582        9.17518        9.21111        23.6368        92.0289        68.2045       0.224127E+09    4.66247       0.466247        12.0200       0.223143E+09    959098.        24828.1        779137.        35.7314        13.2850        23.8042               0           0        2301
         188    10.1504        9.32334        9.32149       -17.7881        161.352        15.7574       0.208393E+09    4.53171       0.453171        13.0600       0.207347E+09   0.104668E+07    0.00000        0.00000       -5.84016        70.4368        66.3826               1           1        2301
         189    9.71892        8.35270        9.63438        13.9825        192.992        68.6091       0.206228E+09    5.12575       0.512575        12.8900       0.205102E+09   0.112607E+07    0.00000        0.00000       -172.292       -303.981        187.078               1           1        2301
         190    9.97819        9.45176        9.49184       -70.3361        94.7424        157.885       0.104282E+09    3.93689       0.393689        10.6900       0.104172E+09    109848.        0.00000        0.00000       -72.2806        119.974        132.094               1           1        2296
         191    10.3777        9.47599        9.97551       -138.101        129.326        130.889       0.172453E+09    4.79324       0.479324        12.6400       0.172429E+09    24529.9        0.00000        0.00000        81.8124        129.321        318.667               1           1        2277
         192    10.5132        9.77977        9.20414       -120.495        99.5303        166.045       0.164015E+09    4.67713       0.467713        12.1500       0.162702E+09   0.131365E+07    0.00000        0.00000        134.115        246.502        21.1156               1           1        2269
         193    10.2115        9.63434        8.45207       -45.8284        94.6511        186.097       0.281388E+09    5.68392       0.568392        14.6700       0.279594E+09   0.179422E+07    0.00000        0.00000        17.7326        190.403       -268.991               1           1        2264
         194    10.2149        8.92261        8.92952        2.56626        201.522        173.428       0.296070E+09    4.07615       0.407614        10.3900       0.276850E+09   0.183044E+08    915330.       0.153700E+07    19.0364       -84.1422       -84.8173               0           1        2260
         195    10.1558        9.18212        9.26065        33.9810        62.4343        124.673       0.229246E+09    4.12320       0.412321        11.6700       0.226219E+09   0.299402E+07    33150.7        40058.5       -3.78029        15.9621        42.9140               0           0        2238
         196    9.53435        9.17781        8.70204        37.6770        118.425        183.452       0.232007E+09    4.60693       0.460693        12.8100       0.227466E+09   0.453448E+07    6026.27        80016.0       -243.489        14.2995       -172.566               0           1        2237
         197    10.0331        9.22007        9.31761       -17.4721        46.1095        173.615       0.142740E+09    4.25282       0.425281        11.8400       0.142665E+09    74346.1        0.00000        0.00000       -51.1072        30.6010        64.8859               1           1        2225
         198    10.0061        9.47542        9.46187       -91.1554        140.984        72.6903       0.161191E+09    4.41714       0.441714        12.9100       0.157381E+09   0.355141E+07    258689.       0.307466E+07   -61.5261        129.101        120.533               0           1        2213
         200    10.4341        9.84405        9.34811       -128.768        72.9712        153.953       0.209708E+09    5.15430       0.515430        14.1000       0.208428E+09   0.128049E+07    0.00000        0.00000        103.603        271.297        76.6511               1           1        2189
         201    10.7428        9.70132        9.21614       -126.805        75.3430        137.512       0.194220E+09    4.98804       0.498804        12.9100       0.193795E+09    424628.        0.00000        0.00000        222.647        216.240        25.7445               1           1        2185
         202    10.2930        9.05505        9.18625       -160.624        146.913        143.162       0.120670E+09    4.25397       0.425397        12.0800       0.120384E+09    285904.        0.00000        0.00000        49.1514       -33.0544        14.2146               1           1        2161
         203    9.32096        9.70183        8.82654        72.6407        101.454        205.299       0.242168E+09    5.44707       0.544707        14.4900       0.242015E+09    2612.97        149855.        824090.       -325.803        216.437       -124.541               0           1        2152
         205    9.99414        9.76938        8.58546       -43.7166        85.2765        212.141       0.149759E+09    4.59381       0.459381        12.4800       0.148485E+09   0.121339E+07    60575.0        904513.       -66.1280        242.494       -217.536               0           1        2135
         206    10.1749        9.52763        9.82353       -134.001        153.580        123.994       0.164840E+09    4.79401       0.479401        12.4500       0.164614E+09    1360.16        224435.       0.112124E+07    3.58356        149.240        260.041               0           1        2112
         207    9.72875        8.86872        9.25746        59.0010        227.218        120.356       0.155977E+09    4.64782       0.464782        12.1100       0.154803E+09   0.117392E+07    0.00000        0.00000       -168.500       -104.930        41.6834               1           1        2100
         208    9.63070        9.09262        9.39224        33.3497        235.027        113.622       0.123914E+09    4.18840       0.418840        10.3900       0.123793E+09    121385.        0.00000        0.00000       -206.323       -18.5620        93.6740               1           1        2085
         209    9.52032        9.59185        8.79070        35.6511        107.909        230.183       0.147397E+09    4.60693       0.460693        12.7400       0.147238E+09    81380.1        77667.2       0.118423E+07   -248.901        174.013       -138.366               0           1        2057
         210    9.89620        8.65612        8.59497        58.3414        149.853        153.699       0.173842E+09    4.83953       0.483953        12.2200       0.173177E+09    664696.        0.00000        0.00000       -103.908       -186.939       -213.868               1           1        2053
         211    9.51535        8.67500        8.80259        44.4029        130.339        110.448       0.242067E+09    4.42370       0.442370        12.5900       0.239937E+09   0.206562E+07    64549.1        443182.       -250.818       -179.656       -133.780               0           1        2041
         212    9.55945        9.16194        9.74290        44.1263        202.865        122.262       0.180565E+09    4.88543       0.488543        12.4800       0.179412E+09   0.115309E+07    0.00000        0.00000       -233.807        8.17776        228.939               1           1        2036
         213    9.90522        9.40050        9.47215        27.4720        193.728        106.593       0.160216E+09    4.71609       0.471609        13.6100       0.158046E+09   0.201227E+07    157798.       0.115007E+07   -100.428        100.201        124.499               0           1        2030
         214    10.8397        8.98438        9.24243       -36.8198        170.756        130.492       0.117547E+09    4.10508       0.410508        12.2000       0.115396E+09   0.215122E+07    0.00000        0.00000        260.030       -60.3149        35.8857               1           1        2011
         215    10.6647        9.05362        9.39856       -106.180        92.4043        86.0754       0.183572E+09    4.91706       0.491706        13.1500       0.180576E+09   0.298226E+07    13477.3        54915.6        192.548       -33.6060        96.1119               0           1        2001
         216    10.3485        9.26639        9.47595       -78.1864        215.831        29.6908       0.139461E+09    4.46845       0.446845        12.0000       0.139007E+09    454024.        0.00000        0.00000        70.5756        48.4687        125.965               1           1        1988
         217    10.9596        8.86528        9.27886       -72.2779        203.003        84.1236       0.364029E+09    5.74294       0.574294        14.9000       0.363979E+09    7669.19        42066.0       0.120505E+07    306.284       -106.257        49.9384               0           1        1976
         219    11.0200        9.01118        9.62041       -81.6208        147.989        83.8383       0.157218E+09    4.58494       0.458494        11.5800       0.154221E+09   0.299635E+07    0.00000        0.00000        329.599       -49.9769        181.689               1           1        1954
         221    9.90317        9.76802        9.67928       -2.74121        203.634        134.694       0.150834E+09    4.48465       0.448465        11.8300       0.146905E+09   0.392869E+07    0.00000        0.00000       -101.219        241.969        204.398               1           1        1923
         222    9.88793        9.77068        8.93490        26.0236        137.823        232.517       0.154219E+09    4.31839       0.431839        11.6300       0.148402E+09   0.581723E+07    0.00000        0.00000       -107.098        242.995       -82.7420               1           1        1905
         223    9.68529        9.23464        8.85670        41.5886        110.506        200.828       0.134765E+09    4.37895       0.437895        10.9000       0.134019E+09    746144.        0.00000        0.00000       -185.265        36.2213       -112.907               1           1        1904
         224    9.50034        9.61069        8.91156        68.4230        91.3230        183.607       0.228787E+09    4.09543       0.409543        11.4400       0.220732E+09   0.797698E+07    78436.3        551208.       -256.608        181.280       -91.7452               0           1        1901
         225    9.94250        9.54692        9.41558        33.1201        189.205        90.2377       0.126146E+09    4.23623       0.423623        12.3400       0.125456E+09    647028.        43609.8        166780.       -86.0478        156.681        102.677               0           1        1901
         226    10.6618        9.89190        9.55130       -141.951        86.6051        145.762       0.190364E+09    4.97647       0.497647        12.9800       0.189555E+09    808635.        0.00000        0.00000        191.418        289.755        155.030               1           1        1900
         227    9.92216        9.77914        9.16089       -23.1598        85.6348        207.009       0.372802E+09    4.93211       0.493211        12.6800       0.370713E+09   0.196445E+07    124670.        601847.       -93.8938        246.259        4.43219               0           1        1899
         228    9.43448        8.92150        9.44476        81.5499        178.007        149.587       0.162109E+09    4.58957       0.458957        12.1500       0.161122E+09    987080.        0.00000        0.00000       -282.013       -84.5704        113.933               1           1        1894
         229    10.0249        8.80799        8.72339        74.9850        118.827        205.950       0.196474E+09    4.87386       0.487386        13.5900       0.194294E+09   0.217979E+07    0.00000        0.00000       -54.2703       -128.356       -164.331               1           1        1888
         230    9.75349        8.56828        9.71725       -2.96038        208.829        68.4085       0.150871E+09    4.64859       0.464859        11.5800       0.150480E+09    390812.        0.00000        0.00000       -158.957       -220.823        219.044               1           1        1887
         231    9.84557        9.83176        8.98439        34.3244        131.695        222.675       0.109903E+09    4.13131       0.413131        10.8900       0.107415E+09   0.248803E+07    0.00000        0.00000       -123.438        266.557       -63.6515               1           1        1881
         232    9.46248        9.64217        8.92146        60.7694        117.330        182.101       0.169471E+09    4.31839       0.431839        12.2500       0.160124E+09   0.934723E+07    0.00000        0.00000       -271.212        193.423       -87.9264               1           1        1870
         234    10.5315        8.99459        9.13155       -109.558        97.8201        175.405       0.130674E+09    4.38821       0.438821        11.3400       0.130195E+09    479432.        0.00000        0.00000        141.163       -56.3764       -6.88552               1           1        1853
         235    9.87562        8.97841        8.85947        57.1089        111.214        203.722       0.155969E+09    4.68176       0.468176        12.6300       0.154305E+09   0.166397E+07    0.00000        0.00000       -111.846       -62.6178       -111.839               1           1        1849
         236    9.85682        9.81200        8.96960        18.4400        124.676        220.228       0.151686E+09    4.56064       0.456064        11.3100       0.147654E+09   0.403252E+07    0.00000        0.00000       -119.098        258.934       -69.3567               1           1        1839
         237    10.0562        9.61450        9.10620       -8.23641        101.467        222.124       0.124567E+09    4.29332       0.429332        11.1800       0.124458E+09    108665.        0.00000        0.00000       -42.2042        182.750       -16.6641               1           1        1816
         238    10.2589        9.54777        9.94375       -144.257        143.775        136.261       0.131632E+09    4.42717       0.442717        11.5400       0.131608E+09    24382.0        0.00000        0.00000        36.0053        157.009        306.415               1           1        1806
         239    10.2969        8.70811        8.84860       -86.1123        201.036        95.6329       0.140776E+09    4.43527       0.443527        11.9800       0.138093E+09   0.266140E+07    22297.3        115508.        50.6713       -166.884       -116.032               0           1        1801
         240    10.6747        9.01716        9.24775       -94.6552        73.9694        155.946       0.138049E+09    4.22350       0.422350        11.3800       0.135432E+09   0.261687E+07    0.00000        0.00000        196.401       -47.6702        37.9379               1           1        1786
         241    10.2876        9.26839        9.63511       -52.0437        223.713        46.9656       0.164980E+09    4.67713       0.467713        11.5900       0.164447E+09    532873.        0.00000        0.00000        47.0607        49.2402        187.360               1           1        1765
         242    11.0290        8.75611        9.25594       -67.5609        178.449        99.6747       0.109210E+09    3.99244       0.399244        10.2400       0.107165E+09   0.204488E+07    0.00000        0.00000        333.043       -148.369        41.0971               1           1        1760
         243    9.85284        9.32517        9.35801        43.7683        200.909        99.5604       0.126420E+09    4.31415       0.431415        10.6900       0.123627E+09   0.279296E+07    0.00000        0.00000       -120.634        71.1427        80.4700               1           1        1737
         244    10.1065        8.75461        8.72897        27.1607        134.083        206.977       0.137139E+09    4.43411       0.443411        12.1300       0.134351E+09   0.270603E+07    81521.8        719785.       -22.7782       -148.947       -162.178               0           1        1733
         245    9.92989        9.35089        9.31456        52.4847        195.167        93.4809       0.118553E+09    4.25513       0.425513        11.6100       0.117225E+09   0.132774E+07    0.00000        0.00000       -90.9120        81.0640        63.7094               1           1        1728
         247    10.5248        9.96652        8.99674       -65.7334        70.5063        180.021       0.117704E+09    4.23430       0.423430        11.2800       0.116477E+09   0.122773E+07    0.00000        0.00000        138.586        318.539       -58.8876               1           1        1705
         248    10.9527        8.95961        9.48862       -71.1743        156.207        62.8783       0.130843E+09    4.37702       0.437702        11.5700       0.127784E+09   0.296860E+07    90766.5        850974.        303.615       -69.8697        130.852               0           1        1703
         249    10.1621        9.78950        8.48826       -27.6331        58.7636        206.974       0.120086E+09    4.24433       0.424433        11.3800       0.117142E+09   0.284184E+07    101961.        322693.       -1.35782        250.255       -255.030               0           1        1694
         250    10.1247        9.15389        9.29065        45.9207       0.549824        185.572       0.284130E+09    4.02368       0.402368        12.6900       0.277515E+09   0.631779E+07    296765.       0.101268E+07   -15.7615        5.07253        54.4863               0           1        1693
         251    10.2599        8.73724        8.79898       -52.9121        153.489        204.663       0.120503E+09    4.19650       0.419650        11.5200       0.118721E+09   0.176640E+07    14995.4        49279.0        36.4065       -155.648       -135.172               0           1        1664
         252    9.85804        9.60499        9.64464        21.2565        225.898        103.465       0.120125E+09    4.29332       0.429332        12.2000       0.119636E+09    406557.        82613.9        709884.       -118.628        179.081        191.036               0           1        1636
         253    9.23626        8.70242        9.35043        56.0849        199.676        127.468       0.220076E+09    5.16317       0.516317        13.6200       0.218570E+09   0.150542E+07    0.00000        0.00000       -358.475       -169.079        77.5460               1           1        1621
         254    10.0702        9.38756        9.08789       -95.0459        49.9364        220.125       0.110862E+09    4.14365       0.414365        10.9400       0.110241E+09    620187.        0.00000        0.00000       -36.7999        95.2092       -23.7271               1           1        1613
         255    10.7072        9.91133        8.87716       -102.764        68.7168        150.957       0.117881E+09    4.25706       0.425706        10.6700       0.116976E+09    905752.        0.00000        0.00000        208.942        297.250       -105.015               1           1        1613
         256    10.5010        9.85367        9.15398       -109.284        61.7495        204.938       0.137144E+09    4.13401       0.413401        11.6700       0.136264E+09    852856.        27536.9        100937.        129.378        275.008        1.76671               0           1        1570
         257    10.9025        8.95600        9.13450       -87.1498        60.0706        185.105       0.109174E+09    4.16718       0.416718        10.4100       0.109077E+09    96694.6        0.00000        0.00000        284.270       -71.2623       -5.74758               1           1        1558
         258    11.1511        9.53083        9.08413       -105.535        64.1391        125.878       0.113281E+09    4.23083       0.423083        12.4100       0.113068E+09    11.6231        212531.       0.129433E+07    380.162        150.475       -25.1775               0           1        1546
         259    10.2655        9.27847        9.65187       -38.2197        220.444        47.0342       0.108119E+09    4.12320       0.412321        10.2500       0.108080E+09    39635.1        0.00000        0.00000        38.5628        53.1285        193.825               1           1        1544
         260    9.93686        9.82834        8.84104       -30.8445        70.0273        256.330       0.503800E+09    3.67922       0.367922        11.6700       0.490598E+09   0.124514E+08    750234.       0.176913E+07   -88.2234        265.237       -118.948               0           1        1542
         261    9.52779        8.87011        8.64829        56.1351        140.708        144.921       0.121293E+09    4.29756       0.429756        11.1000       0.121216E+09    65851.4        11084.2        326165.       -246.020       -104.394       -193.300               0           1        1541
         262    10.8656        9.06815        9.56015       -113.690        71.1531        102.743       0.109741E+09    4.12089       0.412089        11.6300       0.109327E+09    414575.        0.00000        0.00000        270.028       -28.0011        158.444               1           1        1537
         263    9.26602        9.01203        9.33506        77.9253        162.473        158.066       0.116412E+09    4.23353       0.423353        11.0500       0.116144E+09    267758.        0.00000        0.00000       -346.996       -49.6491        71.6171               1           1        1525
         264    9.39382        9.26675        8.64690        47.6467        111.030        166.249       0.152685E+09    4.59111       0.459111        13.5000       0.151561E+09   0.107842E+07    45987.8       0.102056E+07   -297.698        48.6075       -193.836               0           1        1523
         265    10.6805        9.85075        9.61268       -146.027        97.0801        138.238       0.134815E+09    4.49043       0.449043        11.4500       0.134435E+09    380282.        0.00000        0.00000        198.635        273.882        178.707               1           1        1505
         266    10.4597        8.70791        8.60776       -34.1866        137.926        156.589       0.128669E+09    4.17528       0.417528        11.4200       0.127617E+09   0.103524E+07    16404.1        158178.        113.447       -166.961       -208.934               0           1        1505
         267    9.81271        8.38739        9.49083       -2.24648        201.391        89.2635       0.118511E+09    4.15946       0.415947        10.6800       0.117973E+09    537848.        0.00000        0.00000       -136.113       -290.600        131.704               1           1        1500
         268    10.4773        8.69497        8.58076       -37.0937        134.645        159.779       0.113263E+09    4.03333       0.403333        11.2800       0.112320E+09    943210.        0.00000        0.00000        120.240       -171.953       -219.349               1           1        1466
         269    10.8239        9.07076        9.64793       -68.7332        137.960        85.4793       0.114153E+09    4.22581       0.422581        11.0800       0.113151E+09   0.100157E+07    0.00000        0.00000        253.954       -26.9943        192.305               1           1        1466
         270    10.4699        9.86400        8.68391       -73.5764        64.6121        174.525       0.115218E+09    4.21926       0.421926        11.1900       0.115063E+09    154287.        0.00000        0.00000        117.405        278.993       -179.560               1           1        1461
         271    9.30616        9.04471        9.36975        74.1282        165.906        153.390       0.152194E+09    4.64434       0.464434        11.6700       0.151727E+09    466460.        0.00000        0.00000       -331.512       -37.0430        84.9986               1           1        1460
         272    10.6692        8.88224        9.10394       -53.1172        183.272        111.424       0.119060E+09    4.29023       0.429023        11.0000       0.118721E+09    338396.        0.00000        0.00000        194.280       -99.7147       -17.5359               1           1        1460
         273    10.2446        9.24129        9.29002        57.9584        127.953        154.181       0.123822E+09    3.88983       0.388983        11.2500       0.123377E+09    444730.        0.00000        0.00000        30.4969        38.7865        54.2433               1           1        1442
         274    9.89585        9.89427        9.82061       -111.801        202.690        159.697       0.102326E+09    3.83043       0.383043        10.5100       0.100098E+09   0.219775E+07    30105.4        193813.       -104.043        290.669        258.915               0           1        1432
         276    10.6605        10.0568        8.73931       -65.5844        58.9694        176.885       0.142556E+09    4.57453       0.457452        11.8100       0.142333E+09    223095.        0.00000        0.00000        190.931        353.364       -158.190               1           1        1415
         277    9.96426        9.59616        9.36218       -38.7853        79.5399        222.979       0.118499E+09    4.10508       0.410508        10.8200       0.118306E+09    109689.        83828.0        348685.       -77.6540        175.675        82.0785               0           1        1370
         278    9.44966        9.61999        8.91605        75.0186        138.860        219.454       0.183594E+09    4.68948       0.468948        12.8800       0.179911E+09   0.368286E+07    0.00000        0.00000       -276.158        184.868       -90.0133               1           1        1369
         279    10.3113        9.82356        8.46104       -67.3505        48.4330        170.690       0.189893E+09    5.01543       0.501543        13.6900       0.189056E+09    837071.        0.00000        0.00000        56.2298        263.393       -265.530               1           1        1354
         280    10.8371        9.17227        9.66663       -122.822        77.6211        109.589       0.116259E+09    4.24086       0.424086        11.8100       0.116061E+09    135392.        62948.7        290259.        259.035        12.1625        199.518               0           1        1331
         282    9.35495        9.76301        9.19431        81.3651        139.006        203.263       0.118461E+09    4.31415       0.431415        12.0400       0.118389E+09    570.904        71282.3        531381.       -312.691        240.037        17.3237               0           1        1310
         283    10.3574        9.86148        8.43569       -66.6811        61.8856        168.705       0.235127E+09    5.35565       0.535565        13.7500       0.234284E+09    843259.        0.00000        0.00000        73.9818        278.021       -275.309               1           1        1298
         286    10.8888        9.18103        9.09092       -98.7375        56.0294        151.009       0.161179E+09    4.70105       0.470105        13.3000       0.160124E+09   0.105456E+07    0.00000        0.00000        278.970        15.5416       -22.5583               1           1        1192
         289    9.86092        9.66822        9.61346        18.5969        218.788        118.486       0.162641E+09    4.33922       0.433922        11.7400       0.157048E+09   0.559257E+07    0.00000        0.00000       -117.517        203.472        179.008               1           1        1131
         290    10.9844        9.84972        9.71820       -131.583        90.0579        147.152       0.129125E+09    4.14133       0.414134        10.7800       0.128864E+09    261105.        0.00000        0.00000        315.866        273.484        219.411               1           1        1122
         291    9.86631        9.89235        9.00457       -1.32402        73.1581        209.991       0.188268E+09    4.90318       0.490318        12.9300       0.185897E+09   0.237040E+07    0.00000        0.00000       -115.438        289.929       -55.8672               1           1        1120
         294    10.3232        10.0312        9.11973       -81.6896        59.9474        201.905       0.107135E+09    4.15715       0.415715        10.7200       0.106916E+09    219132.        0.00000        0.00000        60.8048        343.478       -11.4450               1           1        1000
         297    10.8983        8.93917        9.29813       -25.1863        142.979        54.4787       0.650008E+09    3.70159       0.370159        11.7000       0.585958E+09   0.620505E+08   0.199909E+07   0.875514E+07    282.627       -77.7543        57.3716               0           1         921
         301    9.60818        9.06919        9.73954       -9.46184        244.145        75.8357       0.108467E+09    4.13902       0.413902        11.7900       0.108246E+09    220877.        0.00000        0.00000       -215.010       -27.6000        227.643               1           1         866
         306    9.99175        9.44348        9.41390       -16.5626        95.5099        191.917       0.314287E+09    4.10816       0.410816        13.7500       0.281090E+09   0.329200E+08    276136.        908478.       -67.0499        116.780        102.029               0           1         748
         310    9.95905        8.51000        9.11771        28.0735        211.210        70.7492       0.200785E+09    4.08617       0.408617        10.7800       0.199781E+09   0.100410E+07    0.00000        0.00000       -79.6638       -243.304       -12.2242               1           1         636
         311    9.91820        9.68460        9.58787        59.3154        186.085        170.941       0.118788E+09    3.97277       0.397277        9.87000       0.113401E+09   0.538774E+07    0.00000        0.00000       -95.4214        209.790        169.137               1           1         628
         330    9.61680        9.12825        9.53304        110.009        153.217        106.787       0.810633E+09    3.94653       0.394654        12.9900       0.736690E+09   0.724174E+08   0.152509E+07   0.302305E+07   -211.684       -4.81794        147.987               0           1         379
