#          i      x              y              z              v_x            v_y            v_z            Mvir           Rvir     Rs (Rockstar)       v_max           Mdm           Mgas           Mstars    Avg age of stars     xc             yc             zc      flag DM only  flag outside Rvir  Np bound
# (h^-1 comoving Mpc) (h^-1 comoving Mpc) (h^-1 comoving Mpc) (km/s)         (km/s)         (km/s)         (Msun)         (kpc)         (kpc)           (km/s)         (Msun)         (Msun)         (Msun)         (yrs)          (kpc)          (kpc)          (kpc)
           1    9.40936        10.5180        9.62957        79.5705       -81.6829        40.1693       0.684717E+11    23.2629        2.32629        110.880       0.593960E+11   0.790415E+10   0.117161E+10   0.100403E+11    0.00000        0.00000        0.00000               0           0      535323
           2    9.70572        10.0054        9.90841        21.2490        16.0142        23.7261       0.130264E+11    13.2661        1.32661        61.7800       0.119506E+11   0.940357E+09   0.135451E+09   0.245545E+10    76.2743       -131.913        71.7652               0           1      142654
           3    9.53738        10.5853        9.88983        45.1698       -108.135       -21.3093       0.807743E+10    10.6816        1.06816        48.0900       0.677461E+10   0.124857E+10   0.542529E+08   0.104592E+10    32.9486        17.3236        66.9832               0           1       68071
           4    9.78714        10.7005        9.40495       -3.89068       -67.5921        86.6143       0.754610E+10    11.0165        1.10165        50.0400       0.688099E+10   0.634466E+09   0.306517E+08   0.774462E+09    97.2294        46.9881       -57.8105               0           1       55598
           5    9.43663        10.4995        9.89688        87.8021       -20.2680       -27.8932       0.554885E+10    10.0125        1.00125        45.9200       0.511436E+10   0.412056E+09   0.224331E+08   0.453115E+09    7.01849       -4.74591        68.7977               0           1       51431
           6    9.36693        10.3226        9.26481        77.8011       -34.5075        84.5446       0.531118E+10    9.58369       0.958369        43.1500       0.462267E+10   0.664741E+09   0.237722E+08   0.406405E+09   -10.9202       -50.2824       -93.8784               0           1       45928
           7    9.68984        10.0356        9.86114        67.9810        46.0842        69.4517       0.336372E+10    7.71956       0.771956        38.7400       0.306353E+10   0.282759E+09   0.174388E+08   0.293709E+09    72.1872       -124.153        59.5993               0           1       28508
           8    9.38985        10.4870        9.54189        35.3421       -67.3875        141.170       0.239093E+10    6.59588       0.659588        30.9300       0.199875E+10   0.382671E+09   0.950918E+07   0.187986E+09   -5.02130       -7.97591       -22.5662               0           1       24000
           9    9.95228        10.9323        9.74297        27.9628       -107.078        62.5697       0.247126E+10    7.65058       0.765058        35.4200       0.229978E+10   0.157462E+09   0.140133E+08   0.178128E+09    139.732        106.647        29.1858               0           1       23367
          10    9.41922        10.5166        9.64872        156.216        16.1634        164.717       0.924328E+10    5.07765       0.507765        28.3400       0.793290E+10   0.852893E+09   0.457492E+09   0.283884E+10    2.53767      -0.355171        4.92864               0           0       20956
          11    9.39116        10.5062        9.61699        44.0148       -155.508       -94.8211       0.625538E+10    5.32241       0.532241        29.7500       0.570792E+10   0.397953E+09   0.149505E+09   0.817727E+09   -4.68414       -3.01895       -3.23772               0           0       20329
          12    9.89772        10.8705        9.61474        27.1776       -113.897        54.5654       0.170556E+10    6.69805       0.669805        30.5300       0.153590E+10   0.161523E+09   0.813870E+07   0.103889E+09    125.689        90.7231       -3.81680               0           1       19403
          13    9.34581        10.2765        9.53670        98.8118        5.61833        28.8214       0.324347E+10    8.41471       0.841471        39.1600       0.295561E+10   0.279244E+09   0.861661E+07   0.659912E+08   -16.3559       -62.1524       -23.9020               0           1       18937
          14    9.76011        10.0499        10.0434       -15.3365        32.2960        30.9874       0.160760E+10    6.55779       0.655779        31.3900       0.147155E+10   0.133402E+09   0.265776E+07   0.898094E+08    90.2727       -120.470        106.500               0           1       17301
          15    9.70812        10.6767        9.52196        16.8675       -59.3832        53.8052       0.200361E+10    6.87770       0.687770        30.9600       0.171774E+10   0.281585E+09   0.428985E+07   0.508995E+08    76.8920        40.8473       -27.6956               0           1       16953
          16    9.54467        10.5671        9.85130        58.2830       -73.7932        35.2311       0.245131E+10    6.12386       0.612386        29.9900       0.188676E+10   0.550642E+09   0.139153E+08   0.211063E+09    34.8248        12.6395        57.0667               0           1       16459
          17    9.52493        10.5571        9.63159       -5.83259       -130.700        73.0167       0.144374E+10    6.08835       0.608834        29.6600       0.123884E+10   0.197239E+09   0.765710E+07   0.182717E+09    29.7443        10.0658       0.519888               0           1       15438
          18    9.56090        10.4699        9.66681       -26.7614       -19.9438        34.0001       0.163996E+10    6.73306       0.673306        30.9100       0.152925E+10   0.108411E+09   0.229684E+07   0.778370E+08    39.0019       -12.3692        9.58447               0           1       15429
          19    9.37897        10.3463        9.32492        110.323       -64.4983        73.8951       0.271298E+10    6.83317       0.683317        30.7600       0.226929E+10   0.434898E+09   0.878799E+07   0.105171E+09   -7.82149       -44.1956       -78.4079               0           1       15390
          20    9.18976        10.4969        9.36471        116.561       -80.0229        67.8104       0.151837E+10    6.51635       0.651635        30.2600       0.139706E+10   0.118719E+09   0.259153E+07   0.862970E+08   -56.5185       -5.42022       -68.1671               0           1       14505
          21    9.78176        10.6799        9.42917        13.7809       -98.4889        32.5988       0.138447E+10    5.00739       0.500739        23.0900       0.116710E+10   0.213631E+09   0.373669E+07   0.365968E+08    95.8447        41.6734       -51.5770               0           1       12475
          22    9.37832        10.2627        9.57848        55.7086        31.8581        4.22823       0.109422E+10    5.94242       0.594242        28.3500       0.105070E+10   0.416830E+08   0.183768E+07   0.379054E+08   -7.98878       -65.7118       -13.1491               0           1       12286
          23    9.59376        10.4195        9.66327       -21.9965        6.74648        36.5509       0.116259E+10    5.97536       0.597536        26.9700       0.108204E+10   0.791574E+08   0.138741E+07   0.437856E+08    47.4591       -25.3536        8.67338               0           1       12102
          24    9.10306        10.2288        10.0483        98.5637       -4.92180        22.0022       0.887200E+09    5.46088       0.546088        24.5900       0.839115E+09   0.464594E+08   0.162631E+07   0.464115E+08   -78.8325       -74.4367        107.774               0           1       11858
          26    9.82792        10.7253        9.37581        24.2828       -128.003        95.0880       0.135238E+10    6.07007       0.607007        27.6000       0.128790E+10   0.618481E+08   0.262864E+07   0.631812E+08    107.725        53.3554       -65.3103               0           1       11534
          27    9.39002        10.5100        9.61620        237.168       -197.056        52.7551       0.519965E+10    4.95206       0.495206        24.4400       0.474095E+10   0.352699E+09   0.106001E+09   0.562462E+09   -4.97754       -2.05639       -3.44104               0           0       11181
          28    9.73599        10.6603        9.49773        16.3142       -113.847        60.1096       0.861147E+09    5.06659       0.506659        23.6400       0.789231E+09   0.701252E+08   0.179075E+07   0.668831E+08    84.0649        36.6187       -33.9317               0           1       11118
          29    9.44411        10.3579        9.19346        16.6005       -79.9031        85.9539       0.101923E+10    5.59831       0.559831        26.1000       0.896728E+09   0.119491E+09   0.300744E+07   0.224566E+08    8.94362       -41.2050       -112.242               0           1       10728
          30    9.38408        10.1706        9.01715        60.1380       -63.8057        26.1418       0.151803E+10    6.08345       0.608345        28.2200       0.131184E+10   0.200598E+09   0.559731E+07   0.119473E+09   -6.50632       -89.4105       -157.619               0           1       10026
          31    9.72247        10.6445        9.52680        27.4572       -94.2711        26.1833       0.964813E+09    4.95309       0.495309        24.5100       0.861893E+09   0.100593E+09   0.232670E+07   0.554775E+08    80.5852        32.5496       -26.4500               0           1        9230
          32    9.37307        10.4321        9.39408        107.936       -57.5508        58.9748       0.529627E+09    4.60281       0.460281        23.2000       0.502903E+09   0.257563E+08    967800.       0.361301E+08   -9.33997       -22.1107       -60.6081               0           1        9172
          33    9.93427        10.7366        9.12774       -1.90881       -69.7409        69.0773       0.830182E+09    5.38830       0.538830        24.2600       0.801369E+09   0.277392E+08   0.107367E+07   0.267694E+08    135.096        56.2560       -129.156               0           1        9141
          34    9.38190        10.4032        9.44104        61.1336       -4.33036        47.7926       0.648539E+09    4.34724       0.434724        19.5700       0.497998E+09   0.149782E+09    758361.       0.222890E+08   -7.06739       -29.5281       -48.5220               0           1        8353
          35    9.73517        10.7041        9.48161       -2.20696       -64.7575        61.7424       0.584849E+09    4.42213       0.442213        20.5500       0.488686E+09   0.942778E+08   0.188526E+07   0.852865E+08    83.8538        47.9069       -38.0805               0           1        8144
          36    9.47489        10.5568        9.66343       -64.7063       -64.5136        15.6632       0.710973E+09    4.46357       0.446357        21.4000       0.646399E+09   0.640800E+08    493262.       0.195330E+08    16.8655        9.99884        8.71456               0           0        7914
          37    9.37874        10.2596        9.16074        42.5075       -27.5377        55.4485       0.581337E+09    4.27440       0.427440        19.2400       0.435893E+09   0.143727E+09   0.171685E+07   0.186022E+08   -7.88068       -66.4942       -120.663               0           1        7491
          38    9.37606        10.3697        9.33998        41.8022       -39.4593        46.5357       0.115062E+10    5.10390       0.510390        23.3500       0.935642E+09   0.212285E+09   0.269712E+07   0.141141E+08   -8.57043       -38.1577       -74.5319               0           1        7452
          39    9.52056        10.6352        9.87814        16.1773       -71.2328       -36.7861       0.635948E+09    4.62957       0.462957        20.8500       0.634760E+09    588058.        599425.       0.124274E+08    28.6196        30.1612        63.9746               0           1        7175
          40    9.74780        10.0324        9.96725        11.6509        25.8300       0.878180       0.802660E+09    4.68542       0.468542        22.1800       0.675664E+09   0.124577E+09   0.241882E+07   0.237311E+08    87.1044       -124.974        86.9088               0           1        7133
          41    9.35653        10.3729        9.39682        33.7371       -29.5087        57.2514       0.468816E+09    4.40206       0.440206        20.0700       0.445537E+09   0.224477E+08    831303.       0.242362E+08   -13.5969       -37.3496       -59.9030               0           1        6535
          42    9.59822        9.96281        9.12171        9.35257        6.08369        17.0699       0.447902E+09    4.30889       0.430889        19.6600       0.429492E+09   0.181223E+08    287598.       0.796584E+07    48.6070       -142.884       -130.708               0           1        6387
          43    9.31570        10.5178        9.44912        94.4533       -123.332        101.282       0.489831E+09    4.36474       0.436474        19.6900       0.452438E+09   0.366088E+08    784367.       0.180163E+08   -24.1053      -0.437530E-01   -46.4425               0           1        6346
          44    9.41064        10.5536        9.62380        82.2717       -149.373        18.6443       0.141960E+10    3.79260       0.379260        18.6100       0.139533E+10   0.693778E+07   0.173393E+08   0.304160E+09   0.329434        9.17525       -1.48503               0           0        6335
          45    9.75110        10.8157        9.04892        30.2926       -96.5854        59.2401       0.835817E+09    5.37620       0.537620        24.3800       0.786321E+09   0.488315E+08    664629.       0.127365E+08    87.9537        76.6346       -149.442               0           1        6331
          46    9.37980        10.5185        9.57763        64.3837       -86.6906        162.015       0.138242E+10    4.48313       0.448313        22.0400       0.126521E+10   0.113749E+09   0.346334E+07   0.767747E+08   -7.60787       0.144127       -13.3678               0           0        6245
          47    9.28306        10.1770        9.28147        90.7901        10.1574        24.4809       0.408178E+09    4.19822       0.419822        19.6100       0.374205E+09   0.337348E+08    237794.       0.105731E+08   -32.5059       -87.7633       -89.5906               0           1        6147
          48    9.53751        10.1353        9.29462       -2.43981        5.48030        37.8758       0.388475E+09    4.24969       0.424969        20.4800       0.381189E+09   0.702262E+07    264191.       0.786457E+07    32.9820       -98.4853       -86.2062               0           1        5687
          49    9.37889        9.61232        9.48392        36.2544        36.6783        17.6076       0.541855E+09    4.65660       0.465660        21.2600       0.508723E+09   0.326666E+08    465629.       0.741834E+07   -7.84207       -233.090       -37.4860               0           1        5670
          50    9.12229        10.5134        9.52066        135.559       -45.5066        14.5589       0.396327E+09    4.24069       0.424069        20.0700       0.386925E+09   0.882036E+07    581185.       0.279449E+08   -73.8833       -1.18133       -28.0302               0           1        5411
          51    9.55543        9.72293        9.18357        23.0637        21.5248        8.66871       0.482387E+09    4.46974       0.446974        20.6900       0.457592E+09   0.245454E+08    249300.       0.107716E+08    37.5941       -204.622       -114.787               0           1        5131
          52    9.57089        10.6075        9.86406        76.2387       -76.1589        5.31320       0.461085E+09    4.10711       0.410711        19.5500       0.454766E+09   0.583718E+07    482427.       0.318096E+08    41.5730        23.0346        60.3508               0           1        4878
          53    9.46559        10.3067        9.46338        23.0395        12.9065        47.6944       0.337701E+09    3.97817       0.397817        18.6900       0.320997E+09   0.164511E+08    253664.       0.702644E+07    14.4719       -54.3849       -42.7724               0           1        4850
          54    9.64194        10.6706        10.0723        20.8365       -44.8228        24.7559       0.208419E+09    3.31287       0.331287        15.5700       0.193047E+09   0.153062E+08    65859.1       0.279449E+07    59.8592        39.2773        113.953               0           1        4833
          55    10.0083        10.4891        9.78988       -3.46669       -31.1788        54.9241       0.531988E+09    4.72119       0.472120        21.5500       0.520112E+09   0.117220E+08    153876.       0.999136E+07    154.152       -7.42256        41.2590               0           1        4789
          56    9.46712        10.5278        9.68589        146.843       -1.93973        75.2686       0.483093E+09    3.59314       0.359314        17.4400       0.465823E+09   0.160934E+08   0.117633E+07   0.267566E+08    14.8657        2.52995        14.4951               0           0        4749
          57    9.35786        10.3554        9.34808        2.29186       -44.8976        49.7359       0.589506E+09    4.10042       0.410042        20.6000       0.577561E+09   0.117588E+08    185960.       0.149530E+08   -13.2546       -41.8304       -72.4472               0           1        4732
          58    9.59852        9.90640        9.86231        60.1481        62.8571        6.25046       0.447755E+09    4.41853       0.441853        19.9600       0.430240E+09   0.171349E+08    379848.       0.755941E+07    48.6842       -157.403        59.9004               0           1        4702
          59    9.05328        10.5215        9.45215        129.844       -47.0629        20.5023       0.299786E+09    3.82812       0.382812        17.4900       0.286494E+09   0.129337E+08    357714.       0.206586E+08   -91.6444       0.916238       -45.6626               0           1        4631
          60    9.12333        10.5187        9.42260        129.697       -73.9160        28.8864       0.304795E+09    3.75220       0.375220        17.6400       0.271197E+09   0.333255E+08    272739.       0.137515E+08   -73.6156       0.195601       -53.2679               0           1        4584
          61    9.63355        9.96871        9.78707        45.8700        52.8587        56.9294       0.264934E+09    3.40423       0.340423        15.3500       0.220483E+09   0.443630E+08    88252.6       0.255360E+07    57.6999       -141.366        40.5358               0           1        4484
          62    9.37981        10.4848        9.62863        123.212       -56.5827      -0.204215       0.524764E+09    3.48608       0.348608        17.1000       0.520861E+09   0.114990E+07   0.275360E+07   0.127726E+09   -7.60529       -8.54212      -0.241928               0           0        4434
          63    9.32878        10.1294        9.07717        99.2543       -5.54375        35.7541       0.779458E+09    5.16593       0.516593        23.9200       0.746248E+09   0.326463E+08    563201.       0.179811E+08   -20.7389       -100.019       -142.171               0           1        4385
          64    9.73956        10.8400        8.99983        56.2634       -119.460        73.1041       0.426038E+09    4.25510       0.425510        19.2000       0.396819E+09   0.290873E+08    132616.       0.443515E+07    84.9837        82.8758       -162.076               0           1        4330
          65    9.75758        10.0876        9.97480        16.7377        8.29421        4.30775       0.349896E+09    3.84639       0.384639        17.4200       0.337292E+09   0.124005E+08    203451.       0.913402E+07    89.6215       -110.767        88.8520               0           1        4178
          66    9.93447        10.6500        9.36048       -25.9584       -36.6422        59.6448       0.252361E+09    3.63329       0.363329        17.1400       0.247004E+09   0.508649E+07    270757.       0.847255E+07    135.148        33.9858       -69.2558               0           1        4168
          67    9.41181        10.4597        9.45915        20.6143       -78.2976        123.892       0.262781E+09    3.37927       0.337927        16.8400       0.234200E+09   0.280925E+08    488523.       0.176938E+08   0.630557       -15.0073       -43.8611               0           1        4129
          68    9.53483        10.4808        9.65116       -16.4457       -14.7963        69.8942       0.311921E+09    3.74499       0.374499        17.7500       0.306447E+09   0.532350E+07    150198.       0.518247E+07    32.2923       -9.56903        5.55663               0           1        4035
          69    9.34349        10.2695        9.53994        126.543        40.6099        13.4159       0.111646E+10    3.40140       0.340140        17.8100       0.103083E+10   0.778349E+08   0.778700E+07   0.502374E+08   -16.9530       -63.9617       -23.0681               0           1        3996
          70    9.22092        10.3194        10.0349        97.7512       -24.2193        18.7634       0.305643E+09    3.84639       0.384639        19.7100       0.291649E+09   0.137283E+08    265634.       0.932590E+07   -48.4989       -51.1112        104.320               0           1        3892
          71    9.78871        10.0357        9.97576        53.8718       -49.6071        12.7089       0.297403E+09    3.64076       0.364076        17.1100       0.292065E+09   0.524810E+07    90959.1       0.195290E+07    97.6334       -124.117        89.0990               0           1        3865
          72    9.66927        10.2091        9.78040        15.7530       -12.3388        34.3461       0.368981E+09    4.15756       0.415755        18.7800       0.361817E+09   0.700249E+07    161016.       0.422416E+07    66.8931       -79.5043        38.8192               0           1        3804
          73    10.0499        10.8912        9.08316        9.31110       -102.774        61.3685       0.353400E+09    4.07391       0.407391        18.7200       0.340784E+09   0.124503E+08    166433.       0.908192E+07    164.853        96.0583       -140.630               0           1        3708
          74    9.45218        11.2066        9.72039        60.4569       -121.202        49.1198       0.340363E+09    4.08137       0.408137        18.6000       0.339453E+09    584314.        325684.       0.100983E+08    11.0206        177.220        23.3744               0           1        3697
          75    9.35772        10.3592        9.32358        16.7770       -1.05234        50.2537       0.422842E+09    3.47398       0.347398        18.4600       0.408624E+09   0.141762E+08    41302.7        393708.       -13.2906       -40.8524       -78.7528               0           1        3693
          76    9.13652        10.7981        9.65272        90.4382       -132.396        32.9541       0.298168E+09    3.78823       0.378823        17.2500       0.283002E+09   0.150874E+08    78744.7       0.470276E+07   -70.2209        72.1049        5.95812               0           1        3682
          77    9.86234        10.8872        9.57392       -7.78952       -101.060        78.0269       0.424643E+09    4.27054       0.427054        20.6700       0.409622E+09   0.149046E+08    116350.       0.696352E+07    116.584        95.0211       -14.3227               0           1        3675
          78    9.64307        10.6343        9.66403       -6.35879       -77.0494        32.0551       0.217273E+09    3.41376       0.341376        16.0700       0.211088E+09   0.594494E+07    240332.       0.770442E+07    60.1500        29.9373        8.86898               0           1        3613
          79    9.45979        10.3373        9.50299        19.4227        16.9450        23.8436       0.361791E+09    3.93261       0.393261        17.7000       0.337458E+09   0.242921E+08    41551.4        415765.        12.9792       -46.5094       -32.5779               0           1        3588
          80    9.91075        10.7554        9.20049       -1.18986       -84.9948        67.5079       0.420049E+09    4.26436       0.426436        20.4800       0.402638E+09   0.170777E+08    333127.       0.465840E+07    129.043        61.1177       -110.432               0           1        3560
          81    9.27678        10.6239        9.28977        52.4499       -136.266        70.1714       0.429675E+09    4.35985       0.435985        19.6300       0.421843E+09   0.758755E+07    244086.       0.686596E+07   -34.1222        27.2684       -87.4544               0           1        3532
          82    9.84617        10.8098        9.15374        29.0345       -101.623        73.6931       0.303863E+09    3.86081       0.386081        17.3900       0.294891E+09   0.892760E+07    44132.1       0.231529E+07    112.422        75.1161       -122.465               0           1        3363
          83    9.36516        10.2909        9.20286      -0.890873       -6.14165        51.3348       0.211592E+09    3.04675       0.304675        13.7500       0.177750E+09   0.337567E+08    86181.8       0.182726E+07   -11.3758       -58.4334       -109.823               0           1        3341
          84    9.80672        10.0367        10.0233       -30.0503        23.3212       -4.14968       0.238128E+09    3.32728       0.332728        15.3000       0.214330E+09   0.235795E+08    218263.       0.119132E+08    102.269       -123.872        101.322               0           1        3324
          85    9.18094        10.6315        9.10146        64.8588       -108.408        77.0377       0.349447E+09    4.03093       0.403093        18.2300       0.333966E+09   0.153898E+08    90698.0       0.242520E+07   -58.7885        29.2167       -135.920               0           1        3312
          86    9.44859        10.5071        9.98446        84.1186       -35.7044       -32.1032       0.239154E+09    3.42791       0.342791        15.6800       0.208511E+09   0.304693E+08    174601.       0.453131E+07    10.0966       -2.80534        91.3382               0           1        3311
          87    9.62146        10.6156        9.61566        22.8622       -127.338        64.6915       0.222217E+09    3.28147       0.328147        14.7900       0.195874E+09   0.256340E+08    709062.       0.284688E+08    54.5883        25.1271       -3.58002               0           1        3243
          88    9.62614        10.4492        9.70203       -46.1776       -22.5118        36.0056       0.162593E+09    3.10363       0.310362        15.0900       0.160041E+09   0.234671E+07    204972.       0.104351E+08    55.7927       -17.7097        18.6491               0           1        3229
          89    9.05380        11.2780        9.63102        59.8299       -122.116        43.8940       0.238703E+09    3.60859       0.360858        16.5600       0.237692E+09    844787.        165988.       0.105384E+08   -91.5106        195.612       0.373187               0           1        3191
          91    9.35843        10.4646        9.65535        39.0297       -145.586        53.9764       0.259865E+09    3.26345       0.326345        15.1000       0.255401E+09   0.403624E+07    427737.       0.208296E+08   -13.1079       -13.7462        6.63501               0           0        3111
          92    9.04564        10.1012        9.65023        98.8800       -9.55250        26.5134       0.205690E+09    3.45185       0.345185        15.6800       0.205102E+09    407662.        179888.       0.340559E+07   -93.6107       -107.267        5.31727               0           1        3110
          93    9.40102        10.2622        9.10033        14.3459       -62.4800        90.4107       0.280043E+09    3.65800       0.365800        16.4800       0.260056E+09   0.198806E+08    105620.       0.807861E+07   -2.14647       -65.8250       -136.211               0           1        3102
          94    9.51070        9.82441        9.62877        23.6180        53.3021        23.4017       0.231087E+09    3.49586       0.349586        15.8200       0.220067E+09   0.107191E+08    300677.       0.535798E+07    26.0819       -178.504      -0.205896               0           1        3100
          95    8.91699        10.5962        9.17539        90.4162       -77.0359        50.7236       0.193796E+09    3.37052       0.337052        15.6700       0.192798E+09    583196.        415120.       0.214296E+08   -126.721        20.1264       -116.892               0           1        3058
          96    9.37547        10.1667        9.01254        42.0285       -47.7697        48.8627       0.713887E+09    3.30077       0.330077        18.2300       0.627111E+09   0.819266E+08   0.484896E+07   0.106661E+09   -8.72228       -90.4194       -158.805               0           1        3000
          97    9.39196        10.5007        9.65870        219.008       -19.9685       -79.4704       0.349050E+09    3.01097       0.301097        14.9800       0.346104E+09   0.267064E+07    275207.       0.105647E+08   -4.47824       -4.46023        7.49720               0           0        2956
          98    9.60739        10.6584        10.0052        25.4098       -38.5336       0.435900E-01   0.118604E+09    2.76235       0.276235        13.4700       0.115728E+09   0.283431E+07    41342.7       0.125640E+07    50.9671        36.1451        96.6735               0           1        2946
          99    8.88432        10.5921        9.27682        92.3433       -83.2363        34.3985       0.225635E+09    3.52211       0.352211        15.8900       0.222145E+09   0.327940E+07    210191.       0.752178E+07   -135.130        19.0711       -90.7874               0           1        2925
         100    9.56605        9.85460        9.60150       0.844093        48.4164        39.3130       0.158375E+09    3.10671       0.310671        14.2200       0.152974E+09   0.537165E+07    28941.6        398363.        40.3274       -170.734       -7.22439               0           1        2865
         102    9.37054        10.3093        9.29392        54.1412       -34.4969        68.8910       0.182118E+09    2.73790       0.273790        14.5800       0.176835E+09   0.504110E+07    241479.       0.175041E+08   -9.99112       -53.7209       -86.3864               0           1        2760
         103    9.44381        10.3107        9.16320        18.5262       -64.3112        89.1826       0.166899E+09    3.11186       0.311186        14.2300       0.154055E+09   0.126677E+08    175741.       0.755544E+07    8.86641       -53.3477       -120.030               0           1        2753
         104    9.61691        9.89398        9.72672        49.3281        41.2173        43.8050       0.205510E+09    3.35996       0.335997        15.2100       0.198285E+09   0.715337E+07    72158.8       0.474178E+07    53.4172       -160.599        25.0035               0           1        2722
         105    9.72719        10.7920        8.83792        39.1255       -89.8706        56.4239       0.343518E+09    3.96993       0.396993        17.8700       0.333135E+09   0.101546E+08    229183.       0.549459E+07    81.8000        70.5272       -203.747               0           1        2703
         106    9.38976        10.4287        9.43380        43.5665       -17.0627        64.7021       0.248845E+09    3.03002       0.303002        13.9400       0.213416E+09   0.351048E+08    324084.       0.272122E+07   -5.04446       -22.9677       -50.3854               0           1        2693
         107    9.19192        10.5264        9.45651        128.798       -73.7191        49.8307       0.177922E+09    3.24775       0.324775        14.9000       0.173510E+09   0.411028E+07    302188.       0.928567E+07   -55.9626        2.17221       -44.5405               0           1        2681
         108    9.33097        10.1227        9.07881        69.3518       -6.08357        12.4109       0.456857E+09    3.25805       0.325805        15.6900       0.441297E+09   0.149968E+08    563201.       0.179811E+08   -20.1753       -101.728       -141.749               0           1        2628
         109    9.48975        10.5201        10.1739        76.9265       -28.1383       -3.37545       0.160044E+09    3.10105       0.310105        14.2500       0.150896E+09   0.890179E+07    246525.       0.573146E+07    20.6900       0.537904        140.097               0           1        2623
         110    9.55900        10.3628        9.49993       -29.2971       -11.7131        67.3502       0.163202E+09    3.15433       0.315433        14.2200       0.161870E+09   0.126403E+07    68020.0       0.387818E+07    38.5129       -39.9284       -33.3655               0           1        2590
         111    9.45924        10.3632        9.49715       -6.77191       -17.0871        60.7695       0.176495E+09    3.14172       0.314172        14.2800       0.167357E+09   0.901145E+07    126543.       0.276893E+07    12.8376       -39.8409       -34.0810               0           1        2550
         112    9.63008        10.2020        9.75944        1.89258       -8.34865        52.1124       0.193368E+09    3.33062       0.333063        15.3500       0.185980E+09   0.732278E+07    65374.5       0.364160E+07    56.8068       -81.3316        33.4247               0           1        2458
         113    9.86559        10.7086        9.28164      -0.542678       -60.6647        87.3231       0.142911E+09    2.96181       0.296181        13.7200       0.133936E+09   0.893332E+07    42367.9       0.138818E+07    117.420        49.0651       -89.5469               0           1        2426
         114    9.26203        10.3818        10.0621        93.2068       -22.0000        2.46211       0.171773E+09    3.12859       0.312859        15.2800       0.168521E+09   0.320348E+07    48520.1        850214.       -37.9184       -35.0384        111.328               0           1        2426
         115    9.34292        10.3142        9.25024        64.1986       -77.0663        55.4864       0.302262E+09    3.11855       0.311855        15.5400       0.292813E+09   0.920612E+07    242963.       0.867268E+07   -17.0997       -52.4392       -97.6283               0           1        2411
         116    9.39354        10.3106        9.29478       -7.33355        3.34344        55.5384       0.191929E+09    3.01303       0.301303        13.7900       0.185980E+09   0.583348E+07    115393.       0.485761E+07   -4.07160       -53.3632       -86.1650               0           1        2396
         117    9.47128        10.5158        9.64672        114.356       -85.6356       -39.8976       0.283834E+09    2.60690       0.260690        12.3000       0.265793E+09   0.170469E+08    994533.       0.256967E+08    15.9364      -0.550773        4.41390               0           0        2396
         118    9.60131        10.6050        9.58484        13.1709       -118.953        71.4461       0.119452E+09    2.71422       0.271422        12.7500       0.111904E+09   0.743135E+07    116255.       0.512469E+07    49.4022        22.3964       -11.5122               0           1        2356
         119    9.18541        10.3566        10.2629        94.8402       -38.9956        10.8808       0.183710E+09    3.28456       0.328456        14.7900       0.181823E+09   0.184197E+07    45164.8       0.100260E+07   -57.6381       -41.5422        162.990               0           1        2337
         120    9.37319        10.5319        9.60127       -41.8257       -83.0488       -35.8520       0.320012E+09    2.72375       0.272375        14.4000       0.290235E+09   0.293905E+08    386255.       0.554070E+07   -9.30909        3.58774       -7.28358               0           0        2332
         121    9.51524        10.1138        9.20675        12.4310       -7.88229        39.9252       0.113708E+09    2.81280       0.281280        12.7200       0.112569E+09   0.102762E+07    111190.       0.241968E+07    27.2504       -104.016       -108.821               0           1        2324
         122    9.68040        10.9672        9.70805        68.0948       -136.882        54.0343       0.266574E+09    3.78077       0.378077        18.8200       0.262800E+09   0.377411E+07    0.00000        0.00000        69.7577        115.618        20.1984               1           1        2322
         123    9.45446        10.1194        9.46391        47.7976        26.7640        37.8983       0.175878E+09    3.25187       0.325187        14.6500       0.174091E+09   0.178644E+07    0.00000        0.00000        11.6074       -102.578       -42.6360               1           1        2322
         124    9.39050        10.4229        9.64153        105.219        55.1898       -9.43088       0.114180E+09    2.77728       0.277728        12.9400       0.114149E+09    14285.9        16966.2        190040.       -4.85401       -24.4759        3.07815               0           1        2297
         125    9.91084        10.8260        9.33440       -12.8392       -116.640        65.5583       0.288584E+09    3.70587       0.370587        16.6900       0.273192E+09   0.153536E+08    38400.1        682859.        129.066        79.2829       -75.9680               0           1        2268
         126    9.26814        10.0965        9.15108        73.8046        19.9986        22.7693       0.140666E+09    2.91060       0.291060        13.3100       0.135432E+09   0.519468E+07    39429.8       0.206085E+07   -36.3458       -108.484       -123.149               0           1        2262
         127    9.22112        9.56912        9.74189        33.1800        24.8151        14.0972       0.206111E+09    3.37489       0.337489        15.2000       0.202442E+09   0.360694E+07    62526.3        479797.       -48.4474       -244.208        28.9078               0           1        2253
         128    9.68114        10.6549        9.72026       -11.7869       -78.8995        31.3938       0.136036E+09    2.97906       0.297906        14.1300       0.133936E+09   0.197923E+07    120818.       0.364653E+07    69.9481        35.2417        23.3409               0           1        2242
         129    9.15903        9.77794        9.60832        59.5678        4.69445        20.9901       0.154367E+09    3.12524       0.312524        14.2800       0.153473E+09    881035.        12886.1       0.124371E+07   -64.4275       -190.464       -5.46912               0           1        2158
         130    9.37727        10.3015        9.59756        60.1130        11.7735        3.96274       0.175504E+09    3.06193       0.306193        13.7900       0.169851E+09   0.558428E+07    68278.3       0.194231E+07   -8.25901       -55.7104       -8.23843               0           1        2148
         131    9.46051        10.3201        9.49007        5.03927        22.4406        34.2800       0.166939E+09    2.98678       0.298678        14.1200       0.157547E+09   0.937405E+07    17798.4        573019.        13.1645       -50.9362       -35.9032               0           1        2132
         132    10.0164        10.4636        8.76017       -10.1543       -75.2790        27.7200       0.298843E+09    3.51696       0.351696        16.4200       0.284665E+09   0.141274E+08    50219.7       0.178234E+07    156.242       -13.9881       -223.758               0           1        2132
         133    9.41941        10.4588        9.66841        67.1342       -131.516        36.4629       0.130532E+09    2.39200       0.239200        11.0800       0.129696E+09    343262.        492764.       0.312215E+08    2.58657       -15.2312        9.99626               0           0        2124
         134    9.41116        10.3901        9.46541        36.0201        27.8412        40.0051       0.133124E+09    2.87379       0.287379        13.1500       0.131940E+09   0.116310E+07    20930.9        887732.       0.463267       -32.9048       -42.2499               0           1        2124
         135    9.63439        10.0539        9.75979        37.8247       -18.9574        50.4620       0.146043E+09    2.97443       0.297443        13.4300       0.137178E+09   0.883769E+07    27652.5        383099.        57.9161       -119.440        33.5148               0           1        2097
         136    9.76634        10.0585        9.99177       -10.5458        9.54102        8.18226       0.230157E+09    2.98086       0.298086        13.4800       0.180909E+09   0.490620E+08    185809.       0.124974E+07    91.8761       -118.269        93.2195               0           1        2093
         137    9.70994        10.6768        9.49367        22.5429       -37.0030        56.8462       0.237188E+09    3.00145       0.300145        13.5400       0.215162E+09   0.214246E+08    602031.       0.870319E+07    77.3604        40.8884       -34.9766               0           1        2091
         139    9.40862        10.3097        9.32709       -13.2070        5.30761        45.4127       0.220027E+09    3.43357       0.343357        15.4600       0.214497E+09   0.547994E+07    50659.6        690868.      -0.190454       -53.5948       -77.8494               0           1        2067
         140    9.72283        10.7815        8.82709        38.4918       -88.8027        76.0769       0.201719E+09    3.15227       0.315227        14.4400       0.196788E+09   0.483856E+07    92503.1       0.357312E+07    80.6779        67.8222       -206.535               0           1        2062
         141    9.53283        10.6989        9.21624        51.2786       -114.197        75.7862       0.165234E+09    3.19885       0.319885        14.4600       0.164115E+09   0.109212E+07    27025.5        753682.        31.7775        46.5609       -106.379               0           1        2054
         142    9.40511        10.4059        9.32751       0.321997       -87.8278        92.1994       0.111436E+09    2.59661       0.259661        11.6900       0.104422E+09   0.699264E+07    22099.8        437818.       -1.09382       -28.8435       -77.7413               0           1        2053
         143    9.77850        10.0875        10.0115        7.83708        22.0175       -9.54185       0.196791E+09    3.08098       0.308098        14.0000       0.184234E+09   0.124868E+08    69997.6       0.207171E+07    95.0057       -110.798        98.2975               0           1        2048
         144    9.34311        10.5331        9.54258        166.974       -84.8095        86.7934       0.140589E+09    2.73481       0.273481        13.6300       0.117308E+09   0.231675E+08    113449.       0.551643E+07   -17.0508        3.89916       -22.3886               0           1        2046
         145    9.65148        9.92471        10.0533        58.9033        39.9914        3.63950       0.147117E+09    3.06425       0.306425        13.8200       0.144494E+09   0.256511E+07    57595.1       0.128458E+07    62.3145       -152.690        109.058               0           1        2039
         146    9.60578        9.87294        10.0958        61.4022        40.3999        10.5145       0.196401E+09    3.37129       0.337129        15.2000       0.193047E+09   0.330655E+07    47914.2        909535.        50.5527       -166.014        119.991               0           1        2016
         147    9.92469        10.8571        9.05444        22.0722       -101.457        77.3007       0.156908E+09    3.13889       0.313888        14.1400       0.156383E+09    448061.        76516.0       0.229611E+07    132.631        87.2691       -148.021               0           1        1961
         148    9.29225        10.1686        9.34119        108.881        7.80884        15.0226       0.155731E+09    3.13245       0.313245        14.8200       0.153307E+09   0.234773E+07    76829.4       0.303522E+07   -30.1406       -89.9149       -74.2205               0           1        1960
         149    9.30213        10.3323        9.19483        106.281       -71.7527        86.3809       0.143667E+09    3.02487       0.302487        13.8400       0.140919E+09   0.253049E+07    216842.       0.539815E+07   -27.5978       -47.8014       -111.889               0           1        1959
         150    9.34106        9.65714        9.67890        46.4731        32.7586        13.8567       0.145016E+09    3.04855       0.304855        13.7400       0.144328E+09    612859.        75518.5       0.165752E+07   -17.5784       -221.555        12.6961               0           1        1927
         151    9.02831        11.1520        9.66351        63.1848       -110.808        36.6829       0.110472E+09    2.79581       0.279581        13.7900       0.110241E+09    10035.5        220326.       0.993790E+07   -98.0710        163.170        8.73515               0           1        1907
         152    9.30562        10.4802        9.44045        106.526       -80.0526        89.9682       0.120667E+09    2.78423       0.278423        12.5700       0.116227E+09   0.442940E+07    10006.9        221460.       -26.6996       -9.71316       -48.6739               0           1        1905
         155    9.38663        10.3638        9.31763        76.0481       -10.7206        37.4943       0.211213E+09    2.76364       0.276364        13.4500       0.194959E+09   0.162346E+08    19252.3        544336.       -5.85003       -39.6814       -80.2841               0           1        1886
         156    9.17964        10.1824        9.67825        101.408       -7.44062        10.5730       0.125503E+09    2.88254       0.288254        12.9900       0.123710E+09   0.176821E+07    24906.4        883804.       -59.1231       -86.3683        12.5288               0           1        1870
         157    9.56666        10.0728        9.65914        59.6826        14.8396        35.7931       0.203193E+09    3.34633       0.334632        15.0700       0.200779E+09   0.234352E+07    71035.4       0.122801E+07    40.4844       -114.584        7.61044               0           1        1793
         158    9.27234        10.5724        9.31923        85.0705       -128.987        72.8887       0.181120E+09    3.24286       0.324286        14.8500       0.172429E+09   0.869111E+07    0.00000        0.00000       -35.2649        13.9984       -79.8723               1           1        1787
         159    9.10894        10.8522        9.71927        99.0410       -106.535        19.3558       0.139586E+09    3.01355       0.301355        13.9700       0.138093E+09   0.149345E+07    0.00000        0.00000       -77.3192        86.0183        23.0861               1           1        1783
         160    9.34463        10.2889        9.53510        81.6293       -34.1478        64.9238       0.587489E+09    3.00196       0.300196        15.1500       0.579973E+09   0.558562E+07   0.193052E+07   0.928027E+07   -16.6596       -58.9481       -24.3138               0           1        1763
         161    8.95014        9.94172        10.0767        55.5782       -10.3040        21.8308       0.114154E+09    2.82412       0.282412        13.2000       0.113567E+09    525343.        61657.5       0.324551E+07   -118.190       -148.312        115.070               0           1        1745
         162    9.59526        10.5253        9.71105       -37.4996       -51.3446        26.3271       0.165918E+09    3.21584       0.321584        14.8200       0.164946E+09    963861.        7507.05        273553.        47.8452        1.87623        20.9705               0           1        1744
         163    9.64775        10.3011        9.28607       -12.2369       -29.2611        60.5573       0.113474E+09    2.82026       0.282026        12.8500       0.112735E+09    713247.        25028.0        960242.        61.3545       -55.8133       -88.4067               0           1        1732
         164    9.45508        10.0103        9.61059        67.0993        20.1383        23.9154       0.165697E+09    3.20451       0.320451        14.4300       0.164780E+09    916701.        0.00000        0.00000        11.7670       -130.672       -4.88489               1           1        1732
         165    9.51169        10.1622        9.31137        8.30409       -12.5444        37.7357       0.118038E+09    2.80405       0.280405        12.6200       0.116892E+09   0.110411E+07    41963.0        727545.        26.3367       -91.5672       -81.8952               0           1        1731
         166    9.29137        10.6416        9.25138        51.2140       -124.302        88.2934       0.147596E+09    3.09462       0.309462        14.2300       0.146323E+09   0.121763E+07    55435.9       0.249569E+07   -30.3671        31.8264       -97.3349               0           1        1725
         167    9.60024        10.8203        9.12505        62.6214       -121.378        60.8481       0.109627E+09    2.77805       0.277805        12.5100       0.108994E+09    632307.        0.00000        0.00000        49.1269        77.8159       -129.848               1           1        1713
         168    9.73489        10.8077        8.89603        42.7534       -102.458        62.4202       0.127703E+09    2.91729       0.291729        13.1800       0.126121E+09   0.150035E+07    82019.8       0.118725E+07    83.7818        74.5756       -188.791               0           1        1709
         169    9.40964        9.70738        9.70688        47.5031        37.7017        8.45946       0.111488E+09    2.77908       0.277908        12.5800       0.110241E+09   0.119666E+07    49940.6       0.115609E+07   0.720637E-01   -208.624        19.8973               0           1        1685
         170    9.77621        10.0205        9.96650        27.7661       -26.1837        9.86453       0.173837E+09    2.80791       0.280791        13.2200       0.171680E+09   0.209344E+07    62963.7       0.167890E+07    94.4163       -128.042        86.7158               0           1        1682
         171    9.42178        9.71679        9.56231        25.4880        49.9562        10.6026       0.130765E+09    2.93376       0.293376        13.5200       0.127784E+09   0.296463E+07    17160.7        221460.        3.19654       -206.203       -17.3107               0           1        1682
         172    9.80950        10.6640        9.44119        51.4747       -110.853        37.7981       0.144404E+09    2.59995       0.259995        12.3500       0.144162E+09    241822.        0.00000        0.00000        102.984        37.5786       -48.4834               1           1        1670
         173    8.99125        10.6154        9.09304        82.6218       -83.4052        60.4553       0.138763E+09    2.98060       0.298060        13.5100       0.138425E+09    268725.        69280.4       0.360016E+07   -107.609        25.0627       -138.087               0           1        1602
         174    10.0277        9.85309        9.70356        3.02625        26.1346        37.9634       0.111660E+09    2.81383       0.281383        13.1300       0.111405E+09    210662.        44227.1       0.101431E+07    159.135       -171.123        19.0428               0           1        1599
         175    9.55369        10.6770        9.84306        77.3731       -167.132        25.2484       0.109693E+09    2.77342       0.277342        12.5000       0.109659E+09    18825.6        14633.2        885213.        37.1463        40.9373        54.9460               0           1        1595
         176    9.29009        10.2985        9.17137        114.532       -62.6192        91.5678       0.148990E+09    2.99887       0.299888        13.7200       0.146490E+09   0.237120E+07    129634.       0.226304E+07   -30.6966       -56.4954       -117.927               0           1        1590
         177    9.55154        10.6116        9.80836        46.5905       -156.822        36.8242       0.124253E+09    2.84059       0.284059        12.8000       0.124125E+09    127323.        0.00000        0.00000        36.5929        24.0976        46.0152               1           1        1528
         178    9.46661        10.5315        9.86819        114.501       -30.5363        18.2100       0.189923E+09    2.85449       0.285449        13.1800       0.187560E+09   0.234747E+07    16005.6        605907.        14.7345        3.47193        61.4137               0           1        1454
         179    8.98190        11.2133        9.64533        61.8867       -113.081        36.5117       0.179979E+09    3.28275       0.328275        15.7100       0.178415E+09   0.156469E+07    0.00000        0.00000       -110.016        178.944        4.05616               1           1        1441
         180    9.10014        10.4295        10.2041        103.492       -72.7294        20.2072       0.118489E+09    2.83750       0.283750        12.7800       0.117474E+09   0.101506E+07    0.00000        0.00000       -79.5841       -22.7644        147.875               1           1        1400
         181    9.75826        10.2627        9.94503        27.7882       -13.4185        22.7895       0.122190E+09    2.86504       0.286504        12.9100       0.120301E+09   0.188867E+07    0.00000        0.00000        89.7965       -65.6912        81.1901               1           1        1377
         182    9.16888        10.3295        10.1873        93.9178       -20.9653        8.82683       0.110196E+09    2.78886       0.278886        12.7600       0.109410E+09    756314.        29874.1        396402.       -61.8924       -48.5014        143.546               0           1        1351
         184    9.59356        9.99645        9.19076       -12.1464       -9.48545        30.7461       0.115902E+09    2.74408       0.274408        12.3500       0.113650E+09   0.225209E+07    0.00000        0.00000        47.4076       -134.226       -112.937               1           1        1300
         185    9.22909        10.3905        10.2650        83.4089       -38.0565        6.86328       0.119824E+09    2.82232       0.282232        12.8400       0.118888E+09    918763.        17133.8        550094.       -46.3962       -32.8070        163.533               0           1        1287
         186    9.15263        10.1548        9.58448        100.147       -14.7080        33.0527       0.171078E+09    3.18675       0.318676        14.3500       0.166443E+09   0.461698E+07    18753.4        795960.       -66.0747       -93.4743       -11.6048               0           1        1269
         189    8.83453        10.6114        9.17263        91.0799       -73.0765        48.2782       0.112307E+09    2.79118       0.279118        12.5700       0.111904E+09    351566.        50817.1        784594.       -147.944        24.0487       -117.603               0           1        1183
         190    9.47333        10.9676        9.04593        62.1577       -127.280        54.1027       0.125488E+09    2.90751       0.290751        13.3700       0.124957E+09    531497.        0.00000        0.00000        16.4640        115.724       -150.212               1           1        1168
         191    10.1312        11.2522        9.47484        35.4904       -105.924        63.9821       0.126801E+09    2.89824       0.289824        13.3100       0.126703E+09    24591.2        73536.0       0.129445E+07    185.770        188.969       -39.8229               0           1         881
