#          i      x              y              z              v_x            v_y            v_z            Mvir           Rvir     Rs (Rockstar)       v_max           Mdm           Mgas           Mstars    Avg age of stars     xc             yc             zc      flag DM only  flag outside Rvir  Np bound
# (h^-1 comoving Mpc) (h^-1 comoving Mpc) (h^-1 comoving Mpc) (km/s)         (km/s)         (km/s)         (Msun)         (kpc)         (kpc)           (km/s)         (Msun)         (Msun)         (Msun)         (yrs)          (kpc)          (kpc)          (kpc)
           1    9.48527        10.4463        9.65952        72.5435       -86.4592        33.4252       0.849600E+11    27.4464        2.74464        115.480       0.762299E+11   0.700906E+10   0.172095E+10   0.113080E+11    0.00000        0.00000        0.00000               0           0      760514
           2    9.72738        10.0322        9.92893        32.2480        44.3068        25.1217       0.176398E+11    16.5135        1.65135        64.9400       0.166285E+11   0.850209E+09   0.161097E+09   0.255314E+10    69.2378       -118.434        77.0450               0           1      167515
           3    9.58233        10.4915        9.86652        42.3774       -108.378       -17.0887       0.145475E+11    14.5600        1.45599        57.8900       0.130020E+11   0.142929E+10   0.116194E+09   0.120157E+10    27.7569        12.9319        59.1972               0           1      104648
           4    9.78309        10.6377        9.48656       -1.71102       -80.3855        89.9375       0.828717E+10    12.6187        1.26187        48.7800       0.747977E+10   0.772114E+09   0.352880E+08   0.683275E+09    85.1696        54.7302       -49.4625               0           1       77744
           5    9.51881        10.4811        9.86941        109.970       -21.0955       -38.0951       0.693325E+10    11.4560        1.14560        45.5000       0.650808E+10   0.391380E+09   0.337869E+08   0.435548E+09    9.59166        9.94913        60.0237               0           1       63612
           6    9.43981        10.2925        9.34201        84.3325       -25.0362        96.8702       0.587495E+10    10.7499        1.07499        41.3800       0.487034E+10   0.973158E+09   0.314611E+08   0.381137E+09   -13.0005       -43.9918       -90.8005               0           1       63143
           7    9.43969        10.2956        9.57025        110.585        48.8778        46.1526       0.581725E+10    10.8151        1.08151        43.8400       0.525163E+10   0.551212E+09   0.144059E+08   0.111558E+09   -13.0348       -43.1024       -25.5291               0           1       36544
           8    9.42548        10.1181        9.04613        52.0071       -36.5633        69.8464       0.493239E+10    10.2960        1.02960        46.8600       0.442340E+10   0.480408E+09   0.285800E+08   0.263468E+09   -17.0985       -93.8690       -175.415               0           1       29326
           9    9.74163        10.0545        9.93409        54.9343       -12.1117        90.3262       0.621944E+10    7.71452       0.771452        31.8900       0.591509E+10   0.190835E+09   0.113515E+09   0.123251E+10    73.3130       -112.057        78.5206               0           1       28838
          10    9.97535        10.8356        9.79599        26.8617       -111.760        58.9993       0.258251E+10    8.60791       0.860791        35.6900       0.241268E+10   0.153697E+09   0.161302E+08   0.170967E+09    140.151        111.319        39.0272               0           1       24556
          11    9.92012        10.7737        9.66375        24.4246       -111.589        60.8239       0.199913E+10    7.75112       0.775112        31.0500       0.174882E+10   0.241643E+09   0.866474E+07   0.105918E+09    124.357        93.6345        1.20968               0           1       21789
          12    9.47942        10.4563        9.68822        219.291       -23.3097        115.583       0.766686E+10    6.45908       0.645908        30.7200       0.735458E+10   0.203816E+09   0.108458E+09   0.632074E+09   -1.67296        2.86263        8.20753               0           0       20499
          13    9.50828        10.4592        9.68712       -108.053       -16.8509        6.58090       0.673683E+10    6.70216       0.670216        28.9700       0.632342E+10   0.323569E+09   0.898384E+08   0.457687E+09    6.58032        3.69196        7.89296               0           0       17831
          14    9.29495        10.4299        9.42563        128.116       -76.9037        73.8640       0.157072E+10    7.31301       0.731301        29.0600       0.144154E+10   0.126236E+09   0.294882E+07   0.797327E+08   -54.4271       -4.70718       -66.8871               0           1       16655
          15    9.72319        10.6156        9.55850        23.6750       -79.2366        33.2123       0.212446E+10    7.51433       0.751434        28.9300       0.177435E+10   0.345193E+09   0.491435E+07   0.538758E+08    68.0396        48.4101       -28.8894               0           1       16611
          16    9.74440        10.5647        9.55844        14.8703       -103.458        70.4722       0.177989E+10    7.01473       0.701473        29.0700       0.160050E+10   0.174782E+09   0.460410E+07   0.107071E+09    74.1052        33.8596       -28.9065               0           1       16220
          17    9.55974        10.4359        9.69444       -67.1665        29.5132        29.9887       0.273205E+10    6.72990       0.672990        26.2100       0.253950E+10   0.186506E+09   0.604169E+07   0.139798E+09    21.2967       -2.98274        9.98631               0           0       15400
          18    9.45443        10.2827        9.27287        6.59728       -86.5675        102.228       0.188100E+10    7.42225       0.742225        29.0100       0.176828E+10   0.108788E+09   0.392849E+07   0.384440E+08   -8.81952       -46.8030       -110.573               0           1       15275
          19    9.46417        10.2985        9.38338        78.6308       -46.7436        65.1388       0.195950E+10    6.94867       0.694867        27.9100       0.180437E+10   0.146251E+09   0.888235E+07   0.100766E+09   -6.03411       -42.2559       -78.9696               0           1       15040
          20    9.75262        10.0766        10.0550       -1.35903        27.8952       -1.51266       0.113753E+10    6.39359       0.639359        26.7100       0.104987E+10   0.844740E+08   0.318255E+07   0.789890E+08    76.4559       -105.726        113.101               0           1       14716
          21    9.47960        10.4340        9.68695       -96.1161       -107.300        1.26931       0.407558E+10    5.51335       0.551335        25.7800       0.389667E+10   0.140564E+09   0.383448E+08   0.469412E+09   -1.62149       -3.52895        7.84434               0           0       13784
          22    9.83130        10.6106        9.45971       -12.2455       -124.509        103.415       0.120814E+10    6.49397       0.649397        25.9400       0.115687E+10   0.486486E+08   0.262523E+07   0.545270E+08    98.9565        46.9917       -57.1410               0           1       13770
          23    9.19535        10.2200        10.0700        98.1477       -13.7074        22.1957       0.105076E+10    6.45307       0.645307        25.5100       0.100215E+10   0.469252E+08   0.168854E+07   0.386264E+08   -82.9104       -64.7280        117.376               0           1       12389
          24    9.43942        10.4027        9.49134        63.7124       -10.6060        82.3463       0.132340E+10    6.10161       0.610161        24.4400       0.102526E+10   0.289837E+09   0.829826E+07   0.283709E+08   -13.1120       -12.4829       -48.0956               0           1       11904
          25    9.42067        10.2365        9.21470        55.0504       -26.8607        69.8812       0.841750E+09    5.28200       0.528200        20.3400       0.620710E+09   0.213941E+09   0.709926E+07   0.229719E+08   -18.4741       -59.9893       -127.208               0           1       11287
          26    9.93148        10.6755        9.19089       -3.24778       -70.5139        76.4811       0.719861E+09    5.71039       0.571039        22.3000       0.700772E+09   0.180428E+08   0.104657E+07   0.235122E+08    127.606        65.5401       -134.017               0           1        9698
          27    9.46487        10.3770        9.46173        96.5796       -67.4003        94.3521       0.691015E+09    5.33776       0.533776        23.4100       0.624867E+09   0.651605E+08    987929.       0.308476E+08   -5.83393       -19.8096       -56.5633               0           1        9538
          28    9.77881        10.7293        9.10965        43.6894       -108.742        72.1786       0.108128E+10    6.45107       0.645107        25.3300       0.100531E+10   0.752161E+08    752156.       0.113250E+08    83.9456        80.9314       -157.250               0           1        9081
          29    9.41303        10.4067        9.54484        132.529       -125.624        117.316       0.993192E+09    5.26227       0.526227        20.5200       0.857075E+09   0.135285E+09    833455.       0.167142E+08   -20.6590       -11.3333       -32.7958               0           1        9044
          30    9.57455        10.4293        9.69315        141.522       -38.2169        95.1620       0.133512E+10    4.84760       0.484760        19.4100       0.119845E+10   0.131476E+09   0.518942E+07   0.128422E+09    25.5320       -4.86446        9.61740               0           1        8342
          31    9.41234        10.1270        9.10275        91.0087        4.48451        22.0909       0.981863E+09    5.95776       0.595776        23.5200       0.898890E+09   0.823237E+08    649732.       0.150975E+08   -20.8563       -91.3067       -159.223               0           1        7562
          32    9.42829        10.3036        9.57162        79.8489        52.7726       -22.7180       0.259408E+10    5.29143       0.529144        23.9300       0.247590E+10   0.104747E+09   0.134369E+08   0.971267E+08   -16.2950       -40.8203       -25.1374               0           1        7311
          33    9.52993        10.4893        9.71801        106.086       -87.4999        17.2195       0.865830E+09    4.57220       0.457220        19.1600       0.840447E+09   0.164036E+08   0.897870E+07   0.142694E+09    12.7717        12.3056        16.7268               0           0        7286
          34    9.53335        10.1410        9.33088       -7.08375        9.95284        46.4341       0.499275E+09    5.04950       0.504950        21.0300       0.487356E+09   0.116579E+08    261199.       0.655407E+07    13.7498       -87.3201       -93.9834               0           1        6826
          35    9.41529        9.64778        9.50100        44.8838        43.7846        21.1851       0.678980E+09    5.54481       0.554481        21.3500       0.644653E+09   0.338698E+08    456879.       0.658243E+07   -20.0127       -228.361       -45.3330               0           1        6798
          36    9.60730        9.96946        9.13911        4.20241        5.94229        18.8286       0.468861E+09    4.90479       0.490479        20.0300       0.448946E+09   0.196325E+08    282070.       0.699240E+07    34.8977       -136.368       -148.825               0           1        6725
          37    9.75804        10.0533        9.95706       -4.85304        5.79612       -19.6990       0.126009E+10    5.10126       0.510126        21.0300       0.112321E+10   0.134288E+09   0.259772E+07   0.221465E+08    78.0059       -112.403        85.0895               0           1        6677
          38    9.73694        10.6304        9.53806        3.37564       -98.5888        70.4028       0.121895E+10    5.43585       0.543585        21.3000       0.103192E+10   0.184153E+09   0.287877E+07   0.821228E+08    71.9718        52.6426       -34.7347               0           1        6600
          39    9.32783        10.5007        9.35825        66.3424       -148.535        84.5934       0.734687E+09    5.52222       0.552222        21.2700       0.705760E+09   0.286878E+08    239538.       0.650842E+07   -45.0242        15.5486       -86.1562               0           1        6373
          40    9.57633        9.74092        9.19248        27.8344        21.7146        7.25286       0.569045E+09    5.24940       0.524940        20.3100       0.551289E+09   0.175097E+08    245747.       0.888254E+07    26.0410       -201.725       -133.563               0           1        6370
          41    9.36807        10.1877        9.30385        103.146        16.6521        27.3716       0.465432E+09    4.86991       0.486990        19.0300       0.434397E+09   0.307857E+08    248876.       0.845680E+07   -33.5165       -73.9421       -101.713               0           1        6325
          42    9.48106        10.3264        9.51117        8.51981        33.1591        64.7068       0.379173E+09    4.32941       0.432941        17.6300       0.327315E+09   0.516091E+08    248948.       0.634922E+07   -1.20396       -34.3000       -42.4246               0           1        6044
          43    9.39955        10.3501        9.44673        67.0162       -25.3589        59.5163       0.475089E+09    4.75809       0.475809        19.1400       0.453353E+09   0.209218E+08    814579.       0.204400E+08   -24.5139       -27.5138       -60.8530               0           1        6027
          44    9.25053        10.4713        9.53291        156.781       -52.1381        12.4048       0.445107E+09    4.87705       0.487705        20.1400       0.435644E+09   0.888985E+07    573231.       0.247556E+08   -67.1302        7.13798       -36.2075               0           1        5971
          45    10.0035        10.4628        9.84080       -7.76871       -29.7448        57.9636       0.673752E+09    5.68494       0.568494        22.7700       0.663276E+09   0.103230E+08    152434.       0.826208E+07    148.193        4.72148        51.8419               0           1        5856
          46    9.65696        9.97120        9.86996        71.3087        81.5591        9.69404       0.494803E+09    5.00460       0.500460        19.3500       0.471061E+09   0.233673E+08    374540.       0.651809E+07    49.0993       -135.870        60.1809               0           1        5807
          47    9.46568        10.3495        9.52570        5.52244        46.7153        58.7300       0.546142E+09    4.59394       0.459394        17.7300       0.432817E+09   0.113275E+09    49788.1        898064.       -5.60228       -27.6825       -38.2694               0           1        5733
          48    9.90795        10.6748        9.26544       -7.05892       -91.3811        67.9018       0.628528E+09    5.38552       0.538552        21.1000       0.594854E+09   0.333449E+08    329140.       0.401107E+07    120.877        65.3485       -112.698               0           1        5683
          49    9.43672        10.4275        9.64380        68.1589       -189.506       -52.2425       0.909315E+09    4.45438       0.445438        19.8900       0.895152E+09   0.135515E+08    611313.       0.183291E+08   -13.8842       -5.39066       -4.49555               0           0        5581
          50    9.42076        10.3235        9.37944        65.8564       -57.5073        50.5689       0.803643E+09    5.05007       0.505007        19.4400       0.716902E+09   0.820469E+08   0.469391E+07   0.169447E+08   -18.4484       -35.1322       -80.0964               0           1        5553
          51    9.17390        10.4793        9.46884        149.181       -52.1623        17.2544       0.431586E+09    4.72606       0.472606        18.4200       0.415358E+09   0.158741E+08    353463.       0.172526E+08   -89.0446        9.44009       -54.5300               0           1        5544
          52    9.40399        10.3219        9.36259        20.4697        7.72275        44.0571       0.489030E+09    4.38775       0.438775        17.3900       0.474553E+09   0.144211E+08    56722.5        758244.       -23.2442       -35.5812       -84.9151               0           1        5515
          53    9.79527        10.6215        9.46453        9.87571       -39.9874        59.6550       0.940687E+09    4.62740       0.462740        19.0400       0.860732E+09   0.763185E+08   0.363669E+07   0.389056E+08    88.6528        50.0974       -55.7626               0           1        5463
          54    9.38587        10.3188        9.38766        59.2245       -35.0365        47.1043       0.343330E+09    4.32598       0.432598        16.8200       0.338539E+09   0.466114E+07    129867.       0.117232E+08   -28.4261       -36.4592       -77.7456               0           1        5375
          55    9.91173        10.6138        9.41058       -30.9079       -41.9534        62.2518       0.392847E+09    4.64055       0.464055        18.2400       0.387424E+09   0.513533E+07    287682.       0.772602E+07    121.958        47.8982       -71.1910               0           1        5016
          56    9.76043        10.7048        8.89021        36.1115       -103.222        71.9830       0.619556E+09    5.46159       0.546159        22.7100       0.604248E+09   0.150422E+08    265217.       0.727296E+07    78.6894        73.9307       -220.005               0           1        4979
          57    9.78790        10.7361        9.06016        47.6441       -123.721        74.7716       0.420491E+09    4.69031       0.469031        18.0600       0.391082E+09   0.292777E+08    131091.       0.379003E+07    86.5451        82.8732       -171.403               0           1        4954
          58    9.30256        10.2999        10.0483        98.9826       -21.1960        13.6194       0.430623E+09    4.77839       0.477839        18.9500       0.413031E+09   0.173294E+08    263298.       0.763249E+07   -52.2508       -41.8556        111.193               0           1        4889
          59    9.24508        10.4522        9.44885        148.264       -77.1852        33.9777       0.419989E+09    4.56562       0.456563        17.5800       0.380690E+09   0.388298E+08    469333.       0.125573E+08   -68.6888        1.68726       -60.2467               0           1        4816
          60    9.41562        10.2032        9.18572        15.2732       -65.2045        100.013       0.493102E+09    4.78840       0.478840        18.4600       0.427330E+09   0.656317E+08    139760.       0.798685E+07   -19.9183       -69.5181       -135.496               0           1        4692
          61    9.86028        10.7872        9.64685        7.32414       -122.054        82.7888       0.358675E+09    4.47068       0.447068        17.2400       0.348515E+09   0.100519E+08    107960.       0.501623E+07    107.244        97.4723       -3.62333               0           1        4682
          62    9.53225        10.4510        9.69201        184.603       -56.5449        32.9004       0.101433E+10    4.13380       0.413380        17.9800       0.921674E+09   0.908128E+08   0.184032E+07   0.234139E+08    13.4352        1.34695        9.29138               0           0        4661
          63    9.53800        9.86815        9.65056        34.1877        51.4748        23.7034       0.338732E+09    4.46010       0.446010        17.2000       0.328895E+09   0.951617E+07    321112.       0.485032E+07    15.0796       -165.340       -2.56235               0           1        4541
          65    9.77216        10.0633        10.0170       -42.7986        36.4258       -17.2606       0.568051E+09    4.16469       0.416469        16.5100       0.459837E+09   0.107583E+09    630727.       0.118363E+08    82.0439       -109.523        102.242               0           1        4520
          66    9.50836        11.0963        9.76431        70.1271       -130.243        50.7896       0.368240E+09    4.63598       0.463598        17.8800       0.367803E+09    114458.        322076.       0.861303E+07    6.60320        185.873        29.9675               0           1        4479
          67    9.45717        10.4212        9.57346        104.762       -63.7385        5.38405       0.685598E+09    4.15096       0.415096        16.2500       0.618300E+09   0.641437E+08   0.315447E+07   0.285565E+08   -8.03595       -7.17230       -24.6112               0           0        4424
          68    9.77026        10.0807        9.98274        12.1195       -22.4040        12.5110       0.361444E+09    3.93419       0.393419        15.6900       0.314179E+09   0.469838E+08    280808.       0.806016E+07    81.5005       -104.570        92.4334               0           1        4394
          69    9.57056        10.4964        9.88338        30.9676       -104.186       -10.2202       0.187880E+10    4.20615       0.420615        20.4500       0.176197E+10   0.863529E+08   0.304718E+08   0.243126E+09    24.3910        14.3131        64.0188               0           1        4375
          70    9.86429        10.6511        9.36050       -5.18362       -64.0219        95.5914       0.169139E+09    3.38082       0.338082        13.2200       0.161787E+09   0.730996E+07    41926.3       0.114786E+07    108.391        58.5623       -85.5128               0           1        4331
          71    9.43087        10.3971        9.58069        39.5152       -53.3677        154.267       0.367540E+09    3.82266       0.382266        16.5900       0.358575E+09   0.846079E+07    504226.       0.147507E+08   -15.5571       -14.0786       -22.5435               0           1        4319
          72    9.87127        10.7165        9.22116        31.9688       -107.545        79.4706       0.298213E+09    4.25448       0.425448        16.4000       0.290734E+09   0.743512E+07    43693.6       0.193461E+07    110.387        77.2795       -125.361               0           1        4287
          73    9.68100        10.1985        9.81157        9.15869       -17.3927        32.7185       0.329621E+09    4.39633       0.439633        17.0200       0.325652E+09   0.380947E+07    158973.       0.363872E+07    55.9742       -70.8736        43.4828               0           1        4194
          74    9.63239        10.5574        9.69169       -18.1954       -104.284        30.6450       0.328733E+09    4.44380       0.444380        17.3800       0.319833E+09   0.866263E+07    237973.       0.637828E+07    42.0729        31.7749        9.19987               0           1        4149
          75    9.22235        10.6807        9.68330        103.534       -139.706        33.5601       0.303898E+09    4.26306       0.426306        16.7500       0.290817E+09   0.130026E+08    78179.9       0.376861E+07   -75.1890        67.0215        6.80053               0           1        4084
          76    9.54400        10.5492        9.84936        40.3823       -122.641       -31.2678       0.212843E+09    3.67395       0.367395        15.8500       0.209591E+09   0.284033E+07    411501.       0.768507E+07    16.7954        29.4156        54.2898               0           1        4053
          77    9.66306        10.6222        10.0894        30.6248       -64.3694        16.8868       0.232407E+09    3.92189       0.392189        15.6700       0.230709E+09   0.163289E+07    65188.9       0.233920E+07    50.8438        50.2919        122.944               0           1        4030
          78    9.24071        10.5361        9.16917        69.5227       -108.099        82.4581       0.342048E+09    4.44237       0.444237        17.1100       0.334299E+09   0.765942E+07    89842.8       0.201343E+07   -69.9385        25.6693       -140.229               0           1        3925
          79    9.74625        10.5698        9.55048        7.11002       -68.3034        30.7550       0.993458E+09    4.09062       0.409062        20.2800       0.917347E+09   0.716933E+08   0.441724E+07   0.101042E+09    74.6342        35.3038       -31.1829               0           1        3912
          80    9.40619        10.3233        9.41321        12.5190       -96.0192        95.9724       0.237377E+09    3.83810       0.383810        14.9600       0.235447E+09   0.190762E+07    21849.0        374917.       -22.6150       -35.1751       -70.4389               0           1        3848
          81    9.37586        10.2873        9.25988        26.9729       -7.25840        76.8749       0.269516E+09    4.02742       0.402742        15.5700       0.266125E+09   0.331487E+07    76190.8       0.117768E+07   -31.2887       -45.4846       -114.288               0           1        3841
          82    9.63116        10.5007        9.67212       -6.46176       -135.251        66.0723       0.181338E+09    3.59445       0.359445        14.6700       0.179329E+09   0.129079E+07    717640.       0.235836E+08    41.7211        15.5428        3.60331               0           1        3698
          83    10.0589        10.8001        9.13633        9.44420       -106.199        61.5145       0.346942E+09    4.48469       0.448469        18.0900       0.340451E+09   0.632649E+07    164816.       0.742705E+07    164.042        101.179       -149.620               0           1        3676
          84    9.10806        11.1687        9.67058        61.5425       -127.514        44.9898       0.259406E+09    4.14209       0.414209        16.2800       0.258726E+09    515417.        163977.       0.917246E+07   -107.873        206.578        3.16290               0           1        3673
          85    9.61649        10.5222        9.86670        22.6293       -122.877       -4.29171       0.555763E+09    3.95020       0.395020        16.6900       0.513295E+09   0.419782E+08    490168.       0.252195E+08    37.5259        21.7056        59.2487               0           1        3672
          86    9.68032        10.0109        9.84145        47.7041        58.4103        65.3079       0.834795E+09    5.18677       0.518677        20.2000       0.718147E+09   0.116408E+09    240342.       0.417814E+07    55.7798       -124.526        52.0277               0           1        3643
          87    9.81927        10.0035        9.98832        17.4581       -20.3361        14.0736       0.251382E+09    3.87499       0.387499        14.9900       0.249498E+09   0.179515E+07    89315.4       0.167474E+07    95.5162       -126.642        94.0291               0           1        3624
          88    9.00049        10.5281        9.22110        100.271       -78.3643        54.4386       0.228920E+09    3.94219       0.394219        16.2600       0.226967E+09   0.154120E+07    411178.       0.178056E+08   -138.636        23.3843       -125.378               0           1        3610
          89    9.74042        10.8439        9.75633        71.5419       -149.238        54.2397       0.269212E+09    4.16869       0.416869        16.1000       0.267456E+09   0.175620E+07    0.00000        0.00000        72.9670        113.690        27.6854               1           1        3555
          90    9.39519        10.3501        9.37958        66.3585       -24.8048        73.9100       0.210371E+09    3.45632       0.345632        13.3100       0.203190E+09   0.716563E+07    15699.2        0.00000       -25.7608       -27.5224       -80.0563               0           1        3526
          91    9.13548        10.0920        9.67450        107.134       -9.11290        27.2024       0.224445E+09    3.92561       0.392561        15.6000       0.223642E+09    625102.        178023.       0.286886E+07   -100.032       -101.339        4.28393               0           1        3514
          92    9.57279        10.4335        9.72560       -84.1533       -11.2238        11.5904       0.234938E+09    3.58444       0.358444        15.7900       0.232787E+09   0.192259E+07    228634.       0.904198E+07    25.0287       -3.66336        18.8973               0           1        3409
          93    8.97099        10.5148        9.30392        107.870       -91.2267        32.4089       0.291356E+09    4.27193       0.427193        16.7200       0.288739E+09   0.241988E+07    197361.       0.611208E+07   -147.072        19.5980       -101.693               0           1        3375
          95    9.63753        10.1945        9.80773        15.7664       -7.31493        56.7676       0.212311E+09    3.60875       0.360875        14.5200       0.205850E+09   0.639607E+07    64845.6       0.294668E+07    43.5428       -72.0118        42.3846               0           1        3234
          96    9.45445        10.3527        9.55551        1.73750        2.07293        69.7505       0.308358E+09    4.02513       0.402513        15.5200       0.299214E+09   0.901829E+07    125490.       0.225993E+07   -8.81380       -26.7588       -29.7444               0           1        3229
          97    9.66219        9.91188        10.1036        66.0037        47.1164        7.92941       0.373443E+09    4.68259       0.468259        19.5600       0.368302E+09   0.509369E+07    47386.1        774144.        50.5950       -152.835        126.999               0           1        3151
          98    9.34119        10.1127        9.17121        95.8313        18.2547        23.6012       0.218504E+09    3.83238       0.383238        14.7600       0.212002E+09   0.645095E+07    50258.2       0.191727E+07   -41.2035       -95.4190       -139.645               0           1        3070
          99    9.52515        10.3572        9.56451       -50.9321        4.42781        84.6832       0.175061E+09    3.47748       0.347748        14.2600       0.162452E+09   0.125413E+08    67317.3       0.323824E+07    11.4048       -25.4748       -27.1706               0           1        2929
         100    9.27090        10.3224        10.2736        99.8459       -40.3852        7.85621       0.198622E+09    3.66222       0.366222        14.3800       0.195707E+09   0.287028E+07    44672.5        840885.       -61.3048       -35.4497        175.627               0           1        2865
         101    9.61620        10.5154        9.86569        59.6004       -198.543        24.9989       0.459940E+09    3.26271       0.326271        13.7100       0.417936E+09   0.415141E+08    490168.       0.252195E+08    37.4429        19.7667        58.9598               0           1        2863
         102    9.54389        10.4755        9.72774       -82.8210       -64.0291       -1.04784       0.334085E+09    3.52038       0.352038        13.7400       0.331223E+09   0.279491E+07    68024.5        745860.        16.7640        8.34480        19.5093               0           0        2848
         103    9.25172        10.1461        9.61869        121.303       -3.59892        26.5192       0.276636E+09    4.15725       0.415725        16.1600       0.267871E+09   0.874606E+07    18570.7        662222.       -66.7899       -85.8617       -11.6764               0           1        2818
         104    9.65947        9.93653        9.76698        46.9087        55.9942        46.5618       0.182039E+09    3.58587       0.358587        14.1400       0.176752E+09   0.521565E+07    71451.4       0.394897E+07    49.8171       -145.785        30.7311               0           1        2805
         105    9.56712        9.89793        9.63754        4.54246        48.3118        42.0976       0.173548E+09    3.54955       0.354955        14.1700       0.167690E+09   0.582994E+07    28578.3        346623.        23.4072       -156.824       -6.28577               0           1        2796
         106    9.45461        10.2598        9.25010        6.46551       -52.5870        111.831       0.215476E+09    3.43544       0.343544        13.7900       0.208178E+09   0.712391E+07    173758.       0.654572E+07   -8.76805       -53.3375       -117.085               0           1        2781
         107    9.52229        10.4736        9.94619        89.4236       -38.6556       -57.4144       0.195467E+09    3.56928       0.356928        13.8100       0.179329E+09   0.159360E+08    202045.       0.420579E+07    10.5869        7.80716        81.9810               0           1        2770
         108    9.89873        10.7168        9.39433       -12.7141       -133.187        72.5211       0.193591E+09    3.60446       0.360446        14.2200       0.172928E+09   0.206257E+08    37940.2        581116.        118.240        77.3538       -75.8382               0           1        2672
         109    9.35145        10.4597        9.39053        96.1213       -130.620        88.8606       0.131279E+09    3.02850       0.302850        11.6600       0.120800E+09   0.104794E+08    0.00000        0.00000       -38.2694        3.84353       -76.9249               1           1        2640
         110    9.55894        10.4928        10.1696        79.5327       -34.0693       -8.49264       0.182253E+09    3.62505       0.362505        14.1900       0.176669E+09   0.532793E+07    256445.       0.503322E+07    21.0679        13.2922        145.877               0           1        2593
         111    9.25167        9.59187        9.75392        36.1325        26.6119        13.0058       0.214356E+09    3.82637       0.382637        14.7400       0.212751E+09   0.154388E+07    61588.2        435497.       -66.8042       -244.350        26.9962               0           1        2585
         112    9.34666        10.3606        10.0617        100.441       -26.3860       -3.14041       0.169952E+09    3.56184       0.356185        14.5500       0.165611E+09   0.429247E+07    47944.0        731604.       -39.6392       -24.5082        115.020               0           1        2543
         113    9.40522        10.2693        9.27911        129.772       -71.0357        102.360       0.211414E+09    3.54783       0.354783        14.0500       0.177833E+09   0.333613E+08    219572.       0.483477E+07   -22.8924       -50.6293       -108.788               0           1        2539
         114    9.49321        10.4694        9.69427       -81.1349       -42.3920       -10.5092       0.108600E+10    3.60017       0.360017        16.0500       0.102951E+10   0.439967E+08   0.124975E+08   0.455904E+08    2.27066        6.61464        9.93769               0           0        2536
         115    9.94224        10.7658        9.12544        20.8233       -106.348        84.7119       0.194842E+09    3.71570       0.371570        14.3400       0.192964E+09   0.180225E+07    75760.2       0.192085E+07    130.683        91.3610       -152.734               0           1        2514
         116    9.57840        10.5926        9.28475        53.3106       -121.979        83.2875       0.193071E+09    3.74315       0.374315        14.4100       0.192132E+09    912148.        26755.6        631904.        26.6330        41.8355       -107.176               0           1        2487
         117    9.58225        10.4636        9.85181        29.9650       -160.630        66.8135       0.198767E+09    3.03536       0.303536        12.1600       0.195042E+09   0.372500E+07    0.00000        0.00000        27.7340        4.94454        54.9905               1           1        2483
         118    9.49883        10.1488        9.49780        51.0225        41.5525        41.1097       0.149762E+09    3.39741       0.339741        13.0900       0.148901E+09    861006.        0.00000        0.00000        3.87784       -85.0666       -46.2482               1           1        2458
         119    9.78191        10.0938        9.99952       -2.19376       -10.7762       -15.9516       0.235586E+09    3.43859       0.343859        13.5100       0.218654E+09   0.168633E+08    69190.6       0.175994E+07    84.8321       -100.810        97.2321               0           1        2456
         120    9.56040        10.4986        9.71881        68.9817       -68.4972        15.3939       0.136808E+09    2.76454       0.276454        11.6200       0.134185E+09   0.173871E+07    883699.       0.194555E+08    21.4854        14.9652        16.9556               0           1        2451
         121    9.77186        10.2485        9.96592        13.4704       -25.2617        21.4598       0.238290E+09    3.92303       0.392303        15.1200       0.234616E+09   0.367382E+07    0.00000        0.00000        81.9581       -56.5776        87.6233               1           1        2418
         122    9.38246        9.68819        9.69092        49.3152        39.8849        11.4835       0.147749E+09    3.41657       0.341657        13.4300       0.147155E+09    519915.        74822.7       0.137149E+07   -29.4013       -216.805        8.97967               0           1        2408
         123    9.52190        10.1542        9.34708        5.91687       -5.51261        40.4596       0.242102E+09    3.61790       0.361790        15.2800       0.237193E+09   0.486699E+07    41453.2        613161.        10.4753       -83.5424       -89.3506               0           1        2388
         124    9.21480        9.78338        9.62651        65.4365        6.34254        21.5763       0.152995E+09    3.46118       0.346118        13.4700       0.152725E+09    256914.        12805.9        983313.       -77.3481       -189.583       -9.44009               0           1        2364
         125    9.61736        10.0857        9.69002        57.0997        14.2869        38.1693       0.288063E+09    4.01912       0.401912        15.4800       0.277183E+09   0.107978E+08    82506.8       0.112994E+07    37.7747       -103.115        8.72229               0           1        2363
         126    9.31063        10.4570        9.50217        145.892       -86.1859        52.8234       0.168668E+09    3.48749       0.348749        13.6000       0.161371E+09   0.699699E+07    299650.       0.757317E+07   -49.9430        3.06567       -44.9984               0           1        2359
         127    9.91474        10.7049        9.40627        12.7872       -137.773        91.0800       0.230565E+09    3.77032       0.377032        14.5800       0.218903E+09   0.116620E+08    0.00000        0.00000        122.818        73.9536       -72.4236               1           1        2357
         128    9.41570        10.4137        9.53258        146.517       -73.9226        128.341       0.304517E+09    3.23126       0.323126        12.8500       0.223309E+09   0.811644E+08    43465.5        434891.       -19.8954       -9.31712       -36.3019               0           1        2348
         129    9.60468        10.4949        9.65292       -12.8183       -131.652        85.1031       0.141567E+09    3.07025       0.307025        13.3600       0.108911E+09   0.325411E+08    114933.       0.440641E+07    34.1485        13.8927       -1.88745               0           1        2347
         130    9.41563        10.2615        9.31007        94.9791       -44.3103        77.3592       0.139385E+09    3.11601       0.311601        12.9300       0.136762E+09   0.247428E+07    148695.       0.676424E+07   -19.9154       -52.8571       -99.9346               0           1        2319
         131    9.66673        10.5785        9.74596       -20.6546       -97.5396        28.6521       0.154708E+09    3.47319       0.347319        14.4900       0.154471E+09    117667.        119680.       0.301116E+07    51.8933        37.7947        24.7198               0           1        2307
         133    9.33637        10.5277        9.33360        56.5425       -138.893        104.696       0.167577E+09    3.45603       0.345603        13.3100       0.165611E+09   0.190453E+07    61297.9       0.209446E+07   -42.5819        23.2699       -93.2055               0           1        2260
         134    9.51595        10.0335        9.63111        74.9714        28.5755        27.4350       0.161683E+09    3.52295       0.352295        13.6200       0.160956E+09    727366.        0.00000        0.00000        8.77377       -118.063       -8.12460               1           1        2251
         135    9.03983        11.1115        9.67922        69.6999       -122.652        38.6104       0.273436E+09    4.22674       0.422674        17.1900       0.270947E+09   0.248836E+07    0.00000        0.00000       -127.385        190.220        5.63374               1           1        2248
         136    9.70616        9.96417        10.0518        65.0805        49.5253       -6.83866       0.174457E+09    3.57214       0.357214        14.1200       0.167773E+09   0.662721E+07    56924.4       0.107357E+07    63.1694       -137.881        112.177               0           1        2226
         138    9.19872        10.7532        9.73694        107.810       -118.957        21.4705       0.135385E+09    3.27758       0.327758        12.7400       0.131608E+09   0.377749E+07    0.00000        0.00000       -81.9466        87.7777        22.1403               1           1        2167
         139    9.39575        10.3174        9.33928        27.4606      -0.875085        57.3143       0.218299E+09    3.52982       0.352982        14.5100       0.217323E+09    861678.        114329.       0.403203E+07   -25.6006       -36.8710       -91.5812               0           1        2156
         140    9.52399        10.1104        9.24545        10.0706       -1.10144        47.5479       0.141384E+09    3.32048       0.332048        13.1500       0.140254E+09   0.102012E+07    110118.       0.200947E+07    11.0730       -96.0653       -118.414               0           1        2147
         141    9.39890        10.2443        9.25161        132.616       -54.7049        94.5120       0.191569E+09    3.43916       0.343916        13.2600       0.173177E+09   0.182636E+08    128177.       0.192762E+07   -24.6998       -57.7616       -116.653               0           1        2139
         142    9.78661        10.0100        9.97358       -2.75684        6.81122        5.30528       0.131731E+09    3.00162       0.300162        12.2400       0.127035E+09   0.463480E+07    60671.4       0.122837E+07    86.1762       -124.766        89.8139               0           1        2135
         143    9.27252        10.1764        9.68681        109.857       -3.80219        6.47716       0.135722E+09    3.29646       0.329646        12.9500       0.135682E+09    15457.4        24690.7        725217.       -60.8416       -77.1937        7.80431               0           1        2133
         144    9.76210        10.0604        9.99704        4.86628        2.13847      -0.917115       0.261661E+09    3.35995       0.335995        13.5700       0.241766E+09   0.195986E+08    296051.       0.120645E+07    79.1669       -110.356        96.5229               0           1        2113
         145    9.44114        10.2700        9.57225        119.287        30.3849        30.6103       0.208129E+09    3.01506       0.301506        12.0200       0.202275E+09   0.566034E+07    193841.       0.332874E+07   -12.6202       -50.4263       -24.9572               0           1        2108
         146    9.08555        11.0522        9.69594        67.8214       -115.052        39.1290       0.142430E+09    3.37196       0.337196        14.2100       0.142166E+09    45479.0        217992.       0.840660E+07   -114.311        173.279        10.4153               0           1        2093
         147    9.44788        9.76242        9.57392        32.7198        53.9632        14.6272       0.170767E+09    3.50837       0.350837        13.6000       0.168022E+09   0.271697E+07    27386.3        378575.       -10.6927       -195.577       -24.4796               0           1        2072
         148    9.65722        10.7117        9.18125        67.8040       -126.380        66.3045       0.119062E+09    3.16662       0.316662        12.4400       0.118389E+09    673167.        0.00000        0.00000        49.1737        75.8954       -136.774               1           1        2072
         149    9.52087        10.5020        9.58437        85.1619       -38.7413       -32.7708       0.130449E+09    2.97588       0.297588        11.5500       0.129031E+09   0.116791E+07    250752.       0.791444E+07    10.1808        15.9260       -21.4912               0           1        2047
         150    9.23351        10.4807        9.44951        140.916       -41.4629        66.8303       0.128239E+09    3.16662       0.316662        12.9400       0.125539E+09   0.262234E+07    77898.4       0.241904E+07   -71.9975        9.84618       -60.0580               0           1        2043
         151    9.74510        10.6396        8.93672        40.4415       -79.3068        74.0860       0.137212E+09    3.29617       0.329617        12.6900       0.136097E+09   0.110165E+07    13364.0        157031.        74.3053        55.2879       -206.704               0           1        2025
         152    9.38878        10.1780        9.35554        113.956        18.8314        19.3038       0.161541E+09    3.50208       0.350208        13.6000       0.159875E+09   0.159022E+07    76082.1       0.248136E+07   -27.5939       -76.7190       -86.9312               0           1        1999
         153    9.50164        10.4388        9.67470        83.0720       -90.9356        237.034       0.665983E+09    2.64100       0.264100        13.7400       0.535245E+09   0.122301E+09   0.843664E+07   0.482650E+08    4.68144       -2.13339        4.34113               0           0        1994
         154    9.77193        10.7184        8.95194        43.4312       -106.794        61.0557       0.145670E+09    3.39512       0.339512        13.8200       0.144910E+09    679110.        80989.7       0.103425E+07    81.9781        77.8085       -202.351               0           1        1990
         155    9.63378        10.2752        9.34022       -20.5554       -27.3185        66.0696       0.125075E+09    3.23211       0.323211        13.5300       0.124707E+09    343091.        24793.6        780031.        42.4704       -48.9478       -91.3124               0           1        1945
         156    9.42668        10.1160        9.03937        61.0868       -47.0520        38.3041       0.173524E+10    3.13431       0.313431        19.5500       0.153797E+10   0.171855E+09   0.254094E+08   0.220487E+09   -16.7554       -94.4724       -177.348               0           1        1937
         157    9.50771        10.1536        9.34468        40.2642        31.8819        39.1269       0.293667E+09    3.66794       0.366794        14.1400       0.288074E+09   0.558012E+07    12977.5        207009.        6.41732       -83.6968       -90.0369               0           1        1924
         158    9.43772        10.4178        9.50695        29.4501        23.1391        58.6521       0.190119E+09    3.21038       0.321038        12.6100       0.181324E+09   0.875665E+07    38356.6        765977.       -13.5982       -8.15606       -43.6315               0           1        1919
         159    9.06600        10.5422        9.14546        88.6154       -89.3885        63.7331       0.134110E+09    3.30332       0.330332        13.9200       0.133188E+09    854470.        68466.9       0.309982E+07   -119.901        27.4166       -147.009               0           1        1861
         160    9.61045        10.0730        9.68959        52.3679        21.5585        46.4942       0.142665E+09    3.00219       0.300219        12.0800       0.140088E+09   0.252516E+07    51606.9       0.117354E+07    35.7986       -106.747        8.59932               0           1        1856
         161    9.25643        10.4398        9.37145        109.125       -107.482        94.1837       0.130942E+09    3.20552       0.320552        12.4700       0.127118E+09   0.382384E+07    0.00000        0.00000       -65.4429       -1.86743       -82.3813               1           1        1849
         162    9.45347        9.74009        9.71455        50.2845        38.2958        11.6481       0.122969E+09    3.22067       0.322067        13.0200       0.122380E+09    540199.        49363.3        950955.       -9.09406       -201.962        15.7373               0           1        1848
         164    9.63074        10.4815        9.87478        110.452       -105.661        18.0727       0.113951E+09    2.83689       0.283689        11.5100       0.113733E+09    204305.        13889.7        506801.        41.6010        10.0492        61.5594               0           1        1829
         165    8.96294        10.5448        9.15859        93.9042       -58.6688        61.8379       0.118071E+09    3.14518       0.314518        12.6000       0.116976E+09   0.107352E+07    22138.0        407875.       -149.374        28.1687       -143.254               0           1        1789
         166    9.25206        10.3101        10.1950        97.3171       -22.9140        6.90402       0.139467E+09    3.36252       0.336252        13.5400       0.138425E+09   0.101195E+07    29498.1        345217.       -66.6926       -38.9500        153.126               0           1        1771
         167    9.00146        9.93266        10.0968        61.1570       -12.6077        23.6109       0.116751E+09    3.17206       0.317206        13.2300       0.116394E+09    296225.        61113.3       0.266264E+07   -138.358       -146.892        125.052               0           1        1743
         168    9.13806        10.4726        9.43455        144.873       -84.3607        33.7847       0.117956E+09    3.05795       0.305795        11.7900       0.111655E+09   0.630117E+07    0.00000        0.00000       -99.2940        7.51261       -64.3362               1           1        1739
         169    9.39710        9.63570        9.42526        32.4404        24.1593        33.7819       0.165348E+09    3.50436       0.350436        13.5000       0.163117E+09   0.220919E+07    21189.2        420880.       -25.2146       -231.816       -66.9929               0           1        1728
         170    9.47474        10.4493        9.61767        212.742       -108.628        155.719       0.402655E+09    2.82774       0.282774        11.7800       0.365309E+09   0.359967E+08   0.134905E+07   0.632680E+07   -3.01134       0.846491       -11.9681               0           0        1713
         171    9.58743        9.99134        9.21842       -4.35019        2.55125        33.0225       0.111545E+09    3.08512       0.308512        11.9600       0.109992E+09   0.155333E+07    0.00000        0.00000        29.2154       -130.111       -126.144               1           1        1705
         172    9.98401        11.0145        9.53367        47.9988       -132.868        66.8414       0.120515E+09    3.18664       0.318664        12.3300       0.120384E+09    60130.7        71009.5       0.129436E+07    142.628        162.495       -35.9902               0           1        1670
         173    10.0310        9.87791        9.73728        2.26295        30.1553        39.2950       0.117547E+09    3.18865       0.318865        13.2400       0.117308E+09    195544.        43767.5        849279.        156.075       -162.549        22.2376               0           1        1655
         174    9.50112        10.5118        9.65415        131.968        52.6766        67.3949       0.112764E+09    2.69619       0.269619        11.9700       0.111987E+09    759658.        16747.1        166757.        4.53273        18.7172       -1.53570               0           0        1643
         175    9.77741        10.5543        9.08119        27.0985       -76.0556        77.9106       0.119335E+09    3.20352       0.320352        13.3900       0.119137E+09    154852.        42609.5        780983.        83.5452        30.8712       -165.389               0           1        1633
         176    9.50073        10.1464        9.33147        57.7141        37.9346        43.5470       0.131551E+09    3.01449       0.301449        11.8000       0.129031E+09   0.250770E+07    12952.8        502591.        4.42120       -85.7558       -93.8147               0           1        1593
         177    9.49039        10.3075        9.48087        7.67456        44.0321        57.9648       0.108040E+09    2.81688       0.281687        10.9300       0.103341E+09   0.467542E+07    23811.7       0.123223E+07    1.46420       -39.7079       -51.0897               0           1        1589
         179    8.98471        10.9148        9.43548        70.1406       -108.030        26.1662       0.213475E+09    3.83696       0.383696        14.7700       0.212834E+09    550290.        91150.4       0.130577E+07   -143.149        133.972       -64.0702               0           1        1581
         180    9.45519        10.3000        9.27988       -8.86292       -120.112        93.9846       0.189155E+09    3.05395       0.305395        12.4400       0.181408E+09   0.771076E+07    36964.2       0.176163E+07   -8.60218       -41.8470       -108.568               0           1        1573
         181    9.18701        10.4940        9.46613        134.978       -52.4846        44.8631       0.135105E+09    3.02364       0.302364        11.9200       0.130860E+09   0.403552E+07    209984.       0.348157E+07   -85.2954        13.6268       -55.3050               0           1        1568
         182    9.90441        10.7431        9.15266        34.8363       -128.063        76.4398       0.114921E+09    3.12602       0.312602        12.0900       0.113650E+09   0.127110E+07    0.00000        0.00000        119.864        84.8750       -144.950               1           1        1487
         183    9.58693        10.4890        10.2856        82.1286       -35.9233        11.1570       0.137957E+09    3.26986       0.326986        12.5900       0.134767E+09   0.319036E+07    0.00000        0.00000        29.0724        12.2026        179.033               1           1        1483
         184    8.91827        10.5456        9.21475        99.8086       -78.4674        48.7415       0.162141E+09    3.54068       0.354068        13.7700       0.161455E+09    636299.        50173.6        684547.       -162.149        28.3975       -127.194               0           1        1482
         185    9.36729        10.1300        9.20792        59.8301        35.1084        20.0911       0.112511E+09    3.00190       0.300190        11.7400       0.108579E+09   0.393283E+07    0.00000        0.00000       -33.7395       -90.4573       -129.147               1           1        1474
         186    9.37986        10.3714        10.1449        110.725       -56.8664        7.01454       0.116806E+09    3.13431       0.313431        12.1100       0.114814E+09   0.199244E+07    0.00000        0.00000       -30.1448       -21.4168        138.810               1           1        1468
         187    9.43515        10.3161        9.59095        76.0897        21.1020       -24.0568       0.234128E+09    3.00162       0.300162        13.1300       0.233203E+09    856826.        69006.8       0.136808E+07   -14.3332       -37.2485       -19.6094               0           1        1452
         188    9.52779        10.8623        9.09451        61.2891       -125.140        66.5361       0.142742E+09    3.37281       0.337281        13.2600       0.142333E+09    409640.        0.00000        0.00000        12.1597        118.969       -161.580               1           1        1379
         189    10.1771        11.1651        9.39671        35.1474       -101.910        68.4158       0.108029E+09    3.09199       0.309198        12.9600       0.107913E+09    20758.3        94448.7       0.222412E+07    197.847        205.546       -75.1575               0           1        1335
         190    8.97439        11.0241        9.28198        44.5216       -128.129        31.5416       0.130710E+09    3.20638       0.320638        13.0800       0.129114E+09   0.159666E+07    0.00000        0.00000       -146.100        165.246       -107.968               1           1        1331
         192    10.1626        11.1580        9.52966        33.9690       -108.713        64.3325       0.208310E+09    3.83038       0.383038        16.8400       0.208178E+09    58737.3        72634.0       0.111112E+07    193.701        203.535       -37.1369               0           1        1311
         193    9.15140        10.5468        9.10940        77.0700       -92.9305        76.8998       0.107722E+09    3.03965       0.303965        11.7400       0.107082E+09    639820.        0.00000        0.00000       -95.4791        28.7435       -157.322               1           1        1305
         194    9.72739        10.2883        9.92398        25.2963       -16.3666        29.0157       0.125704E+09    3.08112       0.308112        11.8800       0.123959E+09   0.174473E+07    0.00000        0.00000        69.2407       -45.1929        75.6294               1           1        1300
         196    9.17438        10.4502        9.45629        144.446       -61.5613        41.3041       0.934346E+08    2.59953       0.259953        10.0100       0.900387E+08   0.339586E+07    0.00000        0.00000       -88.9073        1.10387       -58.1191               1           1        1126
         197    9.93456        10.1892        10.1559        8.35686       -22.5288        57.4603       0.210646E+09    3.35137       0.335137        13.0300       0.205102E+09   0.554370E+07    0.00000        0.00000        128.486       -73.5189        141.959               1           1        1098
