Lya       1215.6701 0.416400  6.265E8	1.00794         13.5984340
HI1026    1025.7223 0.079120  1.897E8	1.00794 	13.5984340
HI972      972.5368 0.029000  8.126E7	1.00794 	13.5984340
HI950      949.7431 0.013940  7.640E7	1.00794 	13.5984340
HI938      937.8035 0.007799  4.423E7	1.00794 	13.5984340
HI931      930.7483 0.004814  1.236E7	1.00794 	13.5984340
HI926      926.2257 0.003183  8.249E6	1.00794 	13.5984340
HI923      923.1504 0.002216  5.782E6	1.00794 	13.5984340
HI921      920.9631 0.001605  4.208E6	1.00794 	13.5984340
HI919      919.3514 0.00120   3.158E6	1.00794 	13.5984340
HI918      918.1294 0.000921  2.430E6	1.00794 	13.5984340
HI917      917.1806 7.226e-4  1.910E6	1.00794 	13.5984340
HI916a     916.429  0.000577  1.529E6	1.00794 	13.5984340
HI916b     915.824  0.000469  1.243E6	1.00794 	13.5984340
HI915a     915.329  0.000386  1.024E6	1.00794 	13.5984340
HI915b     914.919  0.000321  8.533E5	1.00794 	13.5984340
HI915c     914.576  0.000270  7.186E5	1.00794 	13.5984340
HI914a     914.286  0.000230  6.109E5	1.00794 	13.5984340
HI914b     914.039  0.000197  5.237E5	1.00794 	13.5984340
HI914c     913.826  0.000170  4.523E5	1.00794 	13.5984340
HI914d     913.641  0.000148  3.933E5	1.00794 	13.5984340
HI913a     913.480  0.000129  3.443E5	1.00794 	13.5984340
HI913b     913.339  0.000114  3.030E5	1.00794 	13.5984340
HI913c     913.215  0.000101  2.679E5	1.00794 	13.5984340
HI913d     913.104  0.000089  2.382E5	1.00794 	13.5984340
HI913e     913.006  0.000080  2.127E5	1.00794 	13.5984340
HI913f     912.918  0.000071  1.907E5	1.00794 	13.5984340
HI913g     912.839  0.000064  1.716E5	1.00794 	13.5984340
HI913g     912.768  0.000058  1.550E5	1.00794 	13.5984340
HI913h     912.703  0.000053  1.405E5	1.00794 	13.5984340
HI913i     912.645  0.000048  1.277E5	1.00794 	13.5984340
LLS        912.645  0.0000    0.00000	1.00794 	13.5984340
HI6565    6564.623  0.695800  6.465E7	1.00794 	13.5984340
HI4863    4862.688  0.121800  2.062E7	1.00794 	13.5984340
HI4342    4341.690  0.044370  9.425E6	1.00794        	13.5984340
DI1215    1215.3394 0.416500  6.270E8	2.01355321270  	13.5984340
DI1025    1025.4433 0.079100  1.898E8	2.01355321270  	13.5984340
DI972      972.2722 0.029010  8.132E7	2.01355321270  	13.5984340
DI949      949.4847 0.013950  7.646E7	2.01355321270  	13.5984340
DI938      937.5484 0.007808  4.127E7	2.01355321270  	13.5984340
DI930      930.4951 0.004817  1.237E7	2.01355321270  	13.5984340
DI925      925.9737 0.003184  8.256E6	2.01355321270  	13.5984340
DI923      922.899  0.002216  5.782E6	2.01355321270  	13.5984340
DI921      920.712  0.001605  4.208E6	2.01355321270  	13.5984340
DI919      919.102  0.001201  3.158E6	2.01355321270  	13.5984340
DI919      917.879  0.000921  2.430E6	2.01355321270  	13.5984340
DI917      916.931  0.000723  1.910E6	2.01355321270  	13.5984340
DI916a     916.179  0.000577  1.529E6	2.01355321270  	13.5984340
DI916b     915.575  0.000469  1.243E6	2.01355321270  	13.5984340
DI915      915.080  0.000386  1.024E6	2.01355321270  	13.5984340
HeI584     584.334  0.285000  2.000e8	4.002602 	24.5873876
HeI537     537.0296 0.0752    2.000e8	4.002602 	24.5873876
BeII3131  3131.327  0.338200  1.150E8	9.012182	18.211153
BeII3132  3131.973  0.169000  1.150E8	9.012182	18.211153
BeII1036a 1036.319  0.026730  1.788E8	9.012182	18.211153
BeII1036b 1036.299  0.053450  1.788E8	9.012182	18.211153
CI945      945.193  0.272600  6.783E8	12.0107		11.26030
CI1140    1139.793  0.013960  2.389e7	12.0107		11.26030
CI1156    1155.809  0.017250  2.870e7	12.0107		11.26030
CI1157    1157.186  0.549500  9.125E8	12.0107		11.26030
CI1158    1157.910  0.021780  3.612e7	12.0107		11.26030
CI1189    1188.833  0.016760  2.637E7	12.0107		11.26030
CI1193    1193.031  0.044470  1.302E8	12.0107		11.26030
CI1194    1193.996  0.009407  1.467E7	12.0107		11.26030
CI1261    1260.736  0.039370  1.868e8	12.0107		11.26030
CI1276    1276.483  0.004502  8.790E7	12.0107		11.26030
CI1277    1277.245  0.096650  2.590E8	12.0107		11.26030
CI1280    1280.135  0.024320  1.063E8   12.0107		11.26030
CI1329    1328.833  0.058040  2.203E8	12.0107		11.26030   
CI1560    1560.309  0.080410  1.321e8	12.0107		11.26030    
CI1657    1656.928  0.140500  3.410e8  	12.0107		11.26030
CI*1561a  1560.682  0.060300  1.321E8  	12.0107		11.26030
CI*1561b  1560.709  0.020100  1.321E8  	12.0107		11.26030
CI*1656   1656.267  0.058570  3.415e8  	12.0107		11.26030
CI*1657   1657.379  0.035120  3.410E8  	12.0107		11.26030
CI*1658   1657.907  0.046810  3.408E8  	12.0107		11.26030
CI**1561a 1561.340  0.020500  1.321E8  	12.0107		11.26030
CI**1561b 1561.367  0.000804  1.321E8  	12.0107		11.26030
CI**1561c 1561.438  0.067500  1.319E8  	12.0107		11.26030
CI**1657  1657.008  0.105400  3.415E8  	12.0107		11.26030
CI**1658  1658.121  0.035110  3.410e8  	12.0107		11.26030
CII1335   1334.5323 0.1278    2.870e8  	12.0107 	24.38331
CII1036   1036.3367 0.1231    2.290e9  	12.0107 	24.38331
CII*1336a 1335.7077 0.1149    2.864e8  	12.0107 	24.38331
CII*1336b 1335.6627 0.01277   2.870e8	12.0107 	24.38331  
CII*1037  1037.0182 0.1230    2.290e9  	12.0107 	24.38331
CIII977    977.020  0.7620    1.775E9  	12.0107		47.88778
CIV1548   1548.195  0.190800  2.654E8   12.0107		64.49390
CIV1551   1550.770  0.095220  2.641E8   12.0107		64.49390
NI1201    1200.7098 0.04423   4.093e8 	14.0067 	14.53413 
NI1200a   1200.2233 0.08849   4.097e8   14.0067 	14.53413 
NI1200b   1199.5496 0.13280   4.104e8   14.0067 	14.53413 
NI1135    1134.9803 0.04023   1.389e8   14.0067 	14.53413
NI1134a   1134.4149 0.02683   1.391e8   14.0067 	14.53413
NI1134b   1134.1653 0.01342   1.392e8   14.0067 	14.53413
NI965a     965.0413 0.005801  1.080e8   14.0067 	14.53413
NI965b     964.6256 0.01180   1.095e8   14.0067 	14.53413
NI964      963.9903 0.01837   1.128e8   14.0067 	14.53413
NII1084   1083.990  0.1031    3.508e8   14.0067 	29.601287
NII916     915.612  0.1449    1.151e9   14.0067 	29.601287
NIII998    989.799  0.106600  4.352e8   14.0067 	47.44922
NV1239    1238.821  0.157000  3.411e8  	14.0067 	97.89013
NV1243    1242.804  0.078230  3.378e8  	14.0067 	97.89013
OI1356    1355.5977 1.248e-6  4.530E3  	15.9994 	13.618054
OI1302    1302.1685 0.048870  5.750e8  	15.9994		13.618054
OI1039    1039.2304 0.009197  1.888E8  	15.9994		13.618054
OI1026a   1026.4757 0.002460  5.303E7  	15.9994		13.618054
OI1026b   1025.762  0.020300  1.007E8  	15.9994		13.618054
OI989a     988.7734 0.043180  2.394E8  	15.9994		13.618054
OI989b     988.6549 0.007712  2.388E8  	15.9994		13.618054
OI989c     988.5778 0.0005146 2.384E8  	15.9994		13.618054
OI976      976.4481 0.003300  8.010e7  	15.9994		13.618054
OI972      971.738  0.014800  6.600e7  	15.9994		13.618054
OI951      950.8846 1.571e-3  3.876e7  	15.9994		13.618054
OI949      948.6855 6.446e-3  2.900e7  	15.9994		13.618054
OI938      937.8405 8.722e-4  1.102e7  	15.9994		13.618054
OI937      936.6295 3.735e-3  1.704e7  	15.9994		13.618054
OI*1305   1304.8576 0.04877   5.750e8  	15.9994		13.618054
OI**1306  1306.0286 0.04873   5.750e8  	15.9994		13.618054
OVI1032   1031.927  0.132900  4.163e8  	15.9994		138.1196
OVI1038   1037.616  0.066090  4.095e8  	15.9994		138.1196
NaI5892   5891.583  0.655000  6.300e7	22.989770	5.139075
NaI5898   5897.558  0.327000  6.280e7	22.989770	5.139075
NaI3303   3303.320  0.013400  2.000E8	22.989770	5.139075
NaI3304   3303.930  0.006700  2.000E8	22.989770	5.139075
MgI2853   2852.964  1.810000  4.950e8	24.3050		7.646231
MgI2026   2026.477  0.112000  1.200e8	24.3050		7.646231
MgI1828   1827.935  0.024500  2.000E8	24.3050		7.646231
MgI1748   1747.7937 0.009343  6.800e6	24.3050		7.646231
MgI1707   1707.061  0.004142  3.160e6	24.3050		7.646231
MgII2796  2796.352  0.6123    2.612e8  	24.3050		15.035255
MgII2803  2803.531  0.3054    2.592e8  	24.3050		15.035255
MgII1240  1240.3947 0.0001337 5.796e5  	24.3050		15.035255
MgII1240  1239.9253 0.0002675 5.802e5  	24.3050		15.035255
AlI3945   3945.122  0.116934  2.000E8  	26.981538	5.985755
AlI3083   3083.048  0.177427  2.000E8  	26.981538	5.985755
AlI2367   2367.0530 0.1211    7.204e7  	26.981538	5.985755
AlI2263   2263.4634 0.1017    6.616e7  	26.981538	5.985755
AlII1671  1670.787  1.880000  1.460e9  	26.981538	18.82857
AlIII1863 1862.790  0.268000  2.000E8  	26.981538	28.44764
AlIII1855 1854.716  0.539000  2.000E8  	26.981538	28.44764
SiI2515   2515.073  0.162000  2.000E8	28.0855		8.151683
SiI1846   1845.520  0.229000  1.496e8	28.0855		8.151683
SiI1631   1631.1705 0.2051    1.714e8	28.0855		8.151683
SiI1562   1562.002  0.3758    3.425e8	28.0855		8.151683
SiII2335  2335.123  3.720E-6  7.550e3   28.0855		16.345845
SiII1808  1808.0126 0.00208   6.749e6	28.0855		16.345845
SiII1527  1526.707  0.230300  1.960E9   28.0855		16.345845
SiII1304  1304.370  0.147300  1.720E9   28.0855		16.345845
SiII1260  1260.422  1.007000  2.533E9   28.0855		16.345845
SiII1193  1193.290  0.499100  3.495e9   28.0855		16.345845
SiII1190  1190.416  0.250200  3.503E9   28.0855		16.345845
SiII1021  1020.699  0.028280  6.680e8   28.0855		16.345845
SiII990    989.873  0.133000  6.673e8   28.0855		16.345845
SiII*1533 1533.431  0.229300  1.960E9   28.0855		16.345845
SiII*1265 1265.002  0.100400  2.533E9   28.0855		16.345845
SiII*1265 1264.738  0.903400  2.512E9   28.0855		16.345845
SiII*1197 1197.394  0.124300  3.495e9   28.0855		16.345845
SiII*1195 1194.500  0.623300  3.503E9   28.0855		16.345845
SiIII1207 1206.500  1.660000  2.590e9	28.0855		33.49300
SiIV1394  1393.755  0.528000  9.200e8	28.0855		45.14179
SiIV1403  1402.770  0.262000  9.030e8	28.0855		45.14179
PI1775    1774.9487 0.1543    2.177e8	30.973761	10.48669
PII1302   1301.874  0.017250  2.263E7   30.973761	19.76947
PII1153   1152.818  0.236100  3.950E8   30.973761	19.76947
PII964     963.801  1.458000  3.490E9   30.973761	19.76947
PII961     961.041  0.348900  8.400E8   30.973761	19.76947
PIII1335  1334.813  0.025290  5.659E7   30.973761	30.20264
PIII998    998.000  0.111700  2.220E9   30.973761	30.20264
PIII917    917.118  0.404900  4.792E9   30.973761	30.20264
PIII914    913.968  0.203100  4.804E9   30.973761	30.20264
PIV951     950.657  1.163     2.860e9  	30.973761	51.44387
PV1128    1128.008  0.2345    1.229e9  	30.973761	65.02511
PV1118    1117.977  0.4732    1.263e9  	30.973761	65.02511
SI1807    1807.3113 0.1105    6.700e8  	32.065		10.3600
SI1474    1473.9943 0.07296   1.600e8   32.065		10.3600
SI1425    1425.0299 0.1918    4.500e8   32.065		10.3600
SI1296    1295.6531 0.1233    4.900e8   32.065		10.3600
SII1260   1259.519  0.01624   4.560e7   32.065		23.33788
SII1254   1253.811  0.01088   4.620e7   32.065		23.33788
SII1251   1250.584  0.005453  5.260e7   32.065		23.33788
SIII1190  1190.208  0.02217   6.232e7   32.065		34.7900
SIII1013  1012.502  0.03550   2.281e8   32.065		34.7900
SIV1063   1062.662  0.03999   1.410e8   32.065		47.2219 
SVI945     944.523  0.2181    1.631e9   32.065		88.05292
SVI933     933.378  0.4414    1.690e9   32.065		88.05292
ClI1347   1347.2396 0.1186    5.088e8  	35.453		12.96763
ArI1067   1066.660  0.06652   1.300e8  	39.948		15.759606
ArI1048   1048.2199 0.2441    4.940e8  	39.948		15.759606
CaI4228   4227.918  1.753     2.180e8  	40.078		6.113158
CaII3935  3934.777  0.6346    1.456e8   40.078		11.87172
CaII3970  3969.591  0.3145    1.414e8   40.078		11.87172
TiII3385  3384.740  0.3401    1.730e8  	47.867		13.5755
TiII3243  3242.929  0.1832    2.350e8   47.867		13.5755
TiII3230  3230.131  0.05861   2.350e8   47.867		13.5755
TiII3074  3073.877  0.1091    2.500e8   47.867		13.5755
TiII3067  3067.245  0.04655   2.500e8   47.867		13.5755
TiIII1299 1298.697  0.09057   6.266e8  	47.867		27.49171
CrII2066  2066.161  0.06982   1.636e8  	51.9961		16.4857
CrII2062  2062.234  0.1049    1.646e8   51.9961		16.4857
CrII2056  2056.254  0.1403    1.660e8   51.9961		16.4857
MnII2606  2606.462  0.1927    2.648e8   54.938049 	15.63999
MnII2594  2594.499  0.2710    2.685e8   54.938049 	15.63999
MnII2577  2576.877  0.3508    2.741e8   54.938049 	15.63999
MnII1201  1201.118  0.08809   5.702e8   54.938049 	15.63999
MnII1199  1199.391  0.1059    4.911e8   54.938049 	15.63999
MnII1197  1197.184  0.1566    5.670e8   54.938049 	15.63999
FeI3721   3720.993  0.041190  2.000E8   55.845		7.9024
FeI3022   3021.5189 0.10390   2.000E8   55.845		7.9024
FeI2968   2967.765  0.043800  2.000E8   55.845		7.9024
FeI2720   2719.833  0.119000  2.000E8   55.845		7.9024
FeI2524   2523.608  0.279000  2.000E8   55.845		7.9024
FeI2502   2501.886  0.049600  2.000E8   55.845		7.9024
FeI2484   2484.021  0.557000  2.000E8   55.845		7.9024
FeI2463   2463.392  0.053200  2.000E8   55.845		7.9024
FeI2167   2167.453  0.150000  2.000E8   55.845		7.9024
FeII2600  2600.1729 0.22390   2.700e8   55.845		16.1877
FeII2587  2586.650  0.064570  2.720E8   55.845		16.1877
FeII2383  2382.765  0.3006    3.100E8   55.845		16.1877
FeII2374  2374.4612 0.02818   2.990E8   55.845		16.1877
FeII2368  2367.5905 0.00016   2.379e5   55.845		16.1877
FeII2344  2344.214  0.109700  2.680e8   55.845		16.1877
FeII2261  2260.7805 0.00244   4.849e6   55.845		16.1877
FeII2250  2249.8768 0.00182   4.138e6   55.845		16.1877
FeII1902  1901.7730 0.0001009 2.327E5   55.845		16.1877
FeII1611  1611.2005 0.001345  7.141e5   55.845		16.1877
FeII1608  1608.4449 0.055450  1.996e8   55.845		16.1877
FeII1589  1588.6876 0.0001239 4.092e5   55.845		16.1877
FeII1261  1260.533  0.025000  1.312E8   55.845		16.1877
FeII1145  1144.9379 0.10500   4.450E8   55.845		16.1877
FeII1143  1143.226  0.013310  6.790e7   55.845		16.1877
FeII1142  1142.3656 0.00500   3.195e7   55.845		16.1877
FeII1134  1133.665  0.006000  2.000E8   55.845		16.1877
FeII1127  1127.098  0.003000  2.000E8   55.845		16.1877
FeII1125  1125.448  0.010990  2.000E8   55.845		16.1877
FeII1122  1121.975  0.020000  2.000E8   55.845		16.1877
FeII1106  1106.3596 0.001500  2.000E8   55.845		16.1877
FeII1097  1096.8769 0.032000  2.000E8   55.845		16.1877
FeII1083  1083.4204 0.004060  2.000E8   55.845		16.1877
FeII1082  1081.8748 0.014000  2.000E8   55.845		16.1877
FeII1064  1063.9718 0.004500  3.313e7   55.845		16.1877
FeII1063  1063.176  0.060000  3.539E8   55.845		16.1877
FeII1062  1062.152  0.003800  2.248e7   55.845		16.1877
FeII1055  1055.2617 0.00800   5.989e7   55.845		16.1877
FeIII1123 1122.526  0.078840  5.366e8   55.845		30.6514
CoII2059  2059.471  0.012970  1.668e7	58.933200	17.0844
CoII2026  2026.407  0.060500  9.828e7   58.933200	17.0844
CoII2012  2012.161  0.04664   7.684e7   58.933200	17.0844
CoII1941  1941.280  0.07547   1.717e8   58.933200	17.0844
CoII1575  1574.545  0.08012   2.156e8   58.933200	17.0844
CoII1573  1572.648  0.025100  8.705e7   58.933200	17.0844
CoII1553  1552.760  0.01495   4.137e7   58.933200	17.0844
CoII1548  1547.946  0.02453   5.588e7   58.933200	17.0844
NiI2321   2320.744  0.685100  6.942E8   58.6934		7.6374
NiI2312   2311.669  0.376500  4.700E8   58.6934		7.6374
NiII1752  1751.910  0.063800  1.040E8   58.6934		18.168837
NiII1710  1709.600  0.068840  1.571E8   58.6934		18.168837
NiII1742  1741.549  0.103500  2.276E8   58.6934		18.168837
NiII1703  1703.405  0.012240  4.221E7   58.6934		18.168837
NiII1502  1502.148  0.01330   3.932E7   58.6934		18.168837
NiII1468  1467.756  0.022690  5.269E7   58.6934		18.168837
NiII1467  1467.259  0.011110  5.156E7   58.6934		18.168837
NiII1455  1454.842  0.059540  1.877E8   58.6934		18.168837
NiII1393  1393.324  0.022220  7.636E7   58.6934		18.168837
NiII1370  1370.132  0.130900  6.975e8   58.6934		18.168837
NiII1317  1317.217  0.145800  4.205e8   58.6934		18.168837
CuII1359  1358.773  0.380300  9.470e8   63.546		20.29239
ZnII2063  2062.664  0.252900  3.965e8   65.409		17.96439
ZnII2026  2026.136  0.515000  4.184e8   65.409		17.96439
GeII1602  1602.4863 0.1345    9.906e8   72.64		15.934
NeVIII780 780.324   0.0502    5.50e8    99.99           99.999
NeVIII770 770.409   0.102     5.72e8    99.99           99.999
OIV787    787.711   0.111     5.95e8    99.99           99.999
