#          i      x              y              z              v_x            v_y            v_z            Mvir           Rvir     Rs (Rockstar)       v_max           Mdm           Mgas           Mstars    Avg age of stars     xc             yc             zc      flag DM only  flag outside Rvir  Np bound
# (h^-1 comoving Mpc) (h^-1 comoving Mpc) (h^-1 comoving Mpc) (km/s)         (km/s)         (km/s)         (Msun)         (kpc)         (kpc)           (km/s)         (Msun)         (Msun)         (Msun)         (yrs)          (kpc)          (kpc)          (kpc)
           1    10.5249        9.49096        9.91005       -80.1147        101.989       -28.6959       0.137046E+12    51.8129        5.18130        172.070       0.123041E+12   0.569160E+10   0.831328E+10   0.110903E+11    0.00000        0.00000        0.00000               0           0     2008735
           2    10.3367        9.63252        10.0436       -129.948        22.9162       -10.2601       0.107256E+12    45.4598        4.54598        100.180       0.968527E+11   0.781960E+10   0.258412E+10   0.449151E+10   -86.1239        64.7805        61.1379               0           1     1041749
           3    10.1967        9.74629        10.2220       -53.7810        139.568       -55.3989       0.135168E+12    49.5189        4.95189        101.300       0.117396E+12   0.154150E+11   0.235677E+10   0.229107E+10   -150.191        116.844        142.759               0           1      952660
           4    10.8534        9.14157        9.57491       -78.0697        137.763       -42.0690       0.146829E+11    24.0447        2.40447        56.1400       0.137387E+11   0.792631E+09   0.151553E+09   0.437899E+09    150.310       -159.887       -153.366               0           1       89728
           5    10.0893        9.98168        9.57832       -121.933        29.8532        3.43143       0.928691E+10    21.2051        2.12051        46.3700       0.851732E+10   0.730943E+09   0.386447E+08   0.236556E+09   -199.348        224.563       -151.806               0           1       88579
           6    9.92099        9.99137        10.0632       -105.295        23.3571        4.51695       0.890449E+10    20.6638        2.06638        45.2400       0.835102E+10   0.524297E+09   0.291710E+08   0.851943E+08   -276.361        228.997        70.1026               0           1       84579
           7    10.6937        9.30782        9.69626       -100.712        118.656        36.0888       0.714661E+10    18.2590        1.82590        39.6400       0.598471E+10   0.107229E+10   0.896126E+08   0.940876E+08    77.2461       -83.8083       -97.8344               0           1       63397
           8    9.90711        10.0908        10.5810       -145.572        35.0697       -22.1316       0.579109E+10    17.8723        1.78723        38.3800       0.536476E+10   0.409708E+09   0.166150E+08   0.477505E+08   -282.712        274.489        307.030               0           1       56706
           9    10.6082        9.70104        9.93315       -208.924       -6.23958       -5.56844       0.412805E+10    16.3017        1.63017        36.2100       0.410627E+10   0.110974E+08   0.106862E+08   0.115377E+09    38.1105        96.1366        10.5710               0           1       42895
          10    10.1784        9.77378        10.2324       -130.304       -43.1336       -132.510       0.180203E+11    13.7327        1.37327        32.2400       0.161238E+11   0.153953E+10   0.357004E+09   0.215569E+09   -158.588        129.424        147.518               0           1       40816
          11    10.2107        9.74351        10.1647        6.05030        148.872        113.807       0.608124E+10    13.5162        1.35162        30.7400       0.592184E+10   0.139459E+09   0.199439E+08   0.521892E+08   -143.802        115.572        116.519               0           1       33392
          12    10.1724        9.73613        10.1428       -207.479        114.808       -76.4664       0.321776E+10    12.8422        1.28422        27.8700       0.312406E+10   0.930913E+08    616727.       0.553453E+07   -161.302        112.194        106.520               0           1       27644
          13    10.4613        9.68967        9.93928       -80.7138        211.709       -101.323       0.275633E+10    13.0325        1.30325        27.0000       0.258754E+10   0.162489E+09   0.630104E+07   0.350039E+08   -29.1183        90.9335        13.3762               0           1       27142
          14    9.86807        9.74897        10.5064       -77.8079        124.479       -47.7698       0.203018E+10    12.8888        1.28888        28.5600       0.198577E+10   0.411078E+08   0.330340E+07   0.664584E+08   -300.578        118.070        272.919               0           1       26465
          15    10.1339        9.66764        10.3529       -34.2043        231.905       -102.490       0.292446E+10    13.0147        1.30147        26.7800       0.259062E+10   0.329299E+09   0.453496E+07   0.371735E+07   -178.911        80.8521        202.638               0           1       25304
          16    10.1238        9.77684        10.1895       -6.26184        29.9491        36.5989       0.170683E+10    11.4702        1.14702        25.9200       0.168963E+10   0.162018E+08   0.100089E+07   0.925130E+07   -183.528        130.824        127.877               0           1       23228
          17    9.69117        9.86932        10.0059       -59.7452        155.692        28.3885       0.276548E+10    13.5309        1.35309        29.0100       0.260973E+10   0.150974E+09   0.477011E+07   0.177621E+08   -381.531        173.145        43.8674               0           1       20375
          18    10.2996        9.96862        10.4757       -178.672        53.8682       -66.7663       0.187832E+10    12.2189        1.22189        26.1500       0.173394E+10   0.143132E+09   0.124785E+07   0.940048E+07   -103.102        218.586        258.870               0           1       20338
          19    10.3640        9.70165        9.89477       -126.099       -27.3978        88.7854       0.206405E+10    11.7919        1.17919        25.1000       0.174699E+10   0.315590E+09   0.146232E+07   0.601848E+07   -73.6538        96.4157       -6.99242               0           1       17670
          20    10.1680        9.68361        10.3254       -77.2737        268.551       -92.6244       0.174111E+10    10.9197        1.09197        23.4700       0.161555E+10   0.124671E+09    887934.       0.798452E+07   -163.343        88.1603        190.049               0           1       16850
          21    10.1533        9.50714        10.4015       -146.098        198.032       -126.001       0.126018E+10    10.8424        1.08424        22.8500       0.123161E+10   0.280445E+08    523273.       0.545593E+07   -170.028        7.40427        224.911               0           1       16047
          22    10.2234        9.75666        10.1990        13.3444        191.373       -119.969       0.798547E+10    9.74453       0.974453        25.4300       0.759015E+10   0.302356E+09   0.929663E+08   0.166448E+09   -137.968        121.589        132.243               0           1       15724
          23    10.0163        9.59097        10.5552       -69.3994        181.188       -92.3648       0.199331E+10    12.0939        1.20939        24.4900       0.191509E+10   0.774088E+08    814082.       0.469472E+07   -232.745        45.7665        295.251               0           1       15404
          24    10.3046        9.67896        10.0195       -256.015        7.94526       -154.951       0.183599E+10    9.35647       0.935647        20.8900       0.180246E+10   0.332441E+08    283569.       0.327081E+07   -100.800        86.0324        50.0910               0           1       15130
          25    10.1089        9.69938        10.1723        11.8511        113.103       -91.9357       0.133145E+10    10.5600        1.05600        23.8500       0.132439E+10   0.495954E+07   0.209921E+07   0.145419E+08   -190.392        95.3769        119.988               0           1       13980
          26    10.4664        9.57077        9.70227       -125.043        128.436       -77.4214       0.693931E+09    8.73823       0.873823        21.6900       0.687220E+09    285712.       0.642526E+07   0.384161E+08   -26.7707        36.5226       -95.0841               0           1       13206
          27    10.2445        9.74031        10.2694        4.22638        136.962       -134.102       0.175211E+10    10.0809        1.00809        21.7000       0.174285E+10   0.802996E+07   0.123083E+07   0.803547E+07   -128.335        114.107        164.436               0           1       12664
          28    10.4431        9.50788        10.0376       -78.0888        272.267       -108.627       0.146391E+10    10.1344        1.01344        23.6100       0.143406E+10   0.288692E+08    982277.       0.144142E+08   -37.4287        7.74291        58.3784               0           1       12504
          29    9.75902        10.1726        9.98438       -74.4452        59.6324        20.9875       0.124159E+10    10.9490        1.09490        23.0000       0.121581E+10   0.256018E+08    179038.       0.103034E+07   -350.481        311.922        34.0148               0           1       12487
          30    10.3015        9.48573        10.1749       -126.049        221.368       -105.464       0.116184E+10    10.5888        1.05888        23.1400       0.111463E+10   0.464024E+08    800681.       0.625716E+07   -102.214       -2.39335        121.219               0           1       12257
          31    10.2068        9.55084        10.2533       -124.882        216.776       -109.969       0.121484E+10    10.8250        1.08250        21.9400       0.121174E+10   0.284436E+07    249027.       0.476686E+07   -145.564        27.4022        157.101               0           1       12011
          32    10.0202        10.0776        9.53075       -87.9291        25.9431        7.03316       0.996742E+09    10.0150        1.00150        20.9300       0.959415E+09   0.369492E+08    378130.       0.393566E+07   -230.956        268.462       -173.575               0           1       11690
          33    10.1417        9.28871        10.5466       -81.0529        224.423       -75.8102       0.122207E+10    10.5353        1.05353        21.0300       0.115521E+10   0.666913E+08    169849.       0.259617E+07   -175.350       -92.5534        291.293               0           1       11490
          34    10.3550        9.20855        10.3154       -91.7859        219.472       -73.5033       0.988443E+09    10.0214        1.00214        19.3900       0.961744E+09   0.266986E+08    0.00000        0.00000       -77.7449       -129.236        185.478               1           1       10641
          35    10.1742        9.98088        10.5773       -160.844       -9.94185       -19.0318       0.853044E+09    9.64889       0.964889        21.1900       0.833626E+09   0.191036E+08    314073.       0.191599E+07   -160.473        224.197        305.346               0           1       10592
          36    9.87846        10.0253        10.5381       -111.575        41.3497        2.66019       0.105158E+10    10.1472        1.01472        20.8000       0.101686E+10   0.343934E+08    324042.       0.291317E+07   -295.823        244.515        287.398               0           1        9935
          37    10.1586        9.68977        10.2072       -155.366        63.6743        8.68331       0.125676E+10    8.24858       0.824857        18.4900       0.122388E+10   0.325735E+08    300570.       0.450742E+07   -167.603        90.9792        136.000               0           1        9647
          38    10.5157        9.45471        9.47525       -28.2371        133.949        38.6296       0.774191E+09    9.42099       0.942099        20.4600       0.764871E+09   0.865683E+07    662683.       0.640037E+07   -4.23298       -16.5887       -198.973               0           1        9242
          39    10.2740        9.81368        10.3732       -198.989        117.815       -128.147       0.737536E+09    9.16061       0.916061        19.3600       0.732115E+09   0.510934E+07    312207.       0.241504E+07   -114.826        147.683        211.928               0           1        9224
          40    9.94380        10.0309        10.0643       -82.6641        53.6887        61.6956       0.111486E+10    9.26174       0.926174        18.4800       0.109269E+10   0.220126E+08    161337.       0.151569E+07   -265.922        247.087        70.5740               0           1        9192
          41    9.61235        9.80413        9.78134       -76.6214        171.931        29.4460       0.103798E+10    10.3577        1.03577        22.8500       0.103432E+10   0.233639E+07   0.132570E+07   0.188422E+08   -417.600        143.313       -58.9001               0           1        8874
          42    10.3713        9.74021        10.0711       -143.998        135.073       -128.941       0.919592E+09    8.20053       0.820052        17.3000       0.897812E+09   0.211295E+08    649539.       0.440929E+07   -70.2903        114.062        73.7041               0           1        8817
          43    10.1476        9.64491        10.2528       -95.9813        100.837        12.3806       0.494127E+09    7.56398       0.756398        15.6800       0.492344E+09   0.135353E+07    428698.       0.319654E+07   -172.660        70.4504        156.826               0           1        8256
          44    10.3088        9.63233        10.1308       -165.668        30.9176        36.2702       0.243616E+09    5.63603       0.563603        12.6000       0.234117E+09   0.822586E+07   0.127266E+07   0.746607E+07   -98.9052        64.6936        101.033               0           1        8255
          45    10.5148        9.53822        10.0203       -53.8891        28.1504       -12.0293       0.680605E+09    8.30715       0.830715        19.4200       0.680320E+09    127195.        158839.        770241.       -4.60822        21.6271        50.4433               0           1        8201
          46    10.4463        9.56132        9.81109       -86.2316        120.860        14.6208       0.457341E+09    7.06380       0.706380        15.0600       0.438720E+09   0.160893E+08   0.253193E+07   0.108180E+08   -35.9460        32.1981       -45.2860               0           1        8176
          47    10.2353        9.46989        10.3285       -135.421        213.753       -106.686       0.641577E+09    8.52864       0.852864        17.6200       0.581552E+09   0.600257E+08    0.00000        0.00000       -132.545       -9.64203        191.477               1           1        8154
          48    10.1016        9.59119        10.4866       -44.1837        231.029       -56.5283       0.609011E+09    8.45267       0.845267        16.6200       0.594937E+09   0.140746E+08    0.00000        0.00000       -193.719        45.8671        263.863               1           1        7960
          49    9.78419        9.78830        9.93904       -78.2206        124.939        52.1909       0.709603E+09    9.15878       0.915878        19.8700       0.708420E+09   0.100969E+07    173267.       0.104851E+07   -338.963        136.068        13.2664               0           1        7917
          50    10.7343        9.30502        9.48725       -71.8679        169.926       -48.5616       0.962127E+09    10.0054        1.00054        21.2400       0.947692E+09   0.134484E+08    986984.       0.452433E+07    95.8208       -85.0897       -193.481               0           1        7778
          51    9.93069        9.98382        10.0647       -134.955       -45.2671        4.44268       0.391192E+10    8.65769       0.865769        23.2200       0.379235E+10   0.913561E+08   0.282147E+08   0.782806E+08   -271.922        225.542        70.7708               0           1        7629
          52    9.78809        9.82013        10.0004       -61.7306        170.177        9.90287       0.556931E+09    8.36206       0.836206        18.4300       0.554033E+09   0.275809E+07    140216.       0.302176E+07   -337.178        150.634        41.3276               0           1        7619
          53    10.6609        9.61987        9.31240       -101.431        57.6285        13.8333       0.774541E+09    9.36654       0.936654        18.6400       0.764123E+09   0.104182E+08    0.00000        0.00000        62.2316        58.9917       -273.496               1           1        7596
          54    10.4384        9.59058        9.73765       -111.301        131.746       -36.3620       0.245857E+09    6.19982       0.619982        14.8200       0.243595E+09    50173.6       0.221191E+07   0.843778E+07   -39.5978        45.5880       -78.8935               0           1        7442
          55    9.86650        10.2325        9.77781       -92.5895        49.2259        15.2213       0.632129E+09    8.81694       0.881694        18.1400       0.631351E+09    563395.        214165.       0.122239E+07   -301.296        339.356       -60.5155               0           1        7440
          56    10.1333        9.76185        10.1465        27.8618        144.421        57.7309       0.654562E+09    8.37305       0.837305        17.5300       0.641245E+09   0.131840E+08    133038.       0.109153E+07   -179.185        123.964        108.218               0           1        7272
          57    10.1557        9.69166        10.1532       -71.0975        58.1212       -123.867       0.601745E+09    7.49305       0.749305        15.7600       0.600756E+09    906203.        82742.8       0.156527E+07   -168.935        91.8441        111.247               0           1        7260
          58    9.84201        10.1128        9.92495       -102.888        20.5082        28.2901       0.690183E+09    8.91990       0.891990        18.2600       0.660865E+09   0.292950E+08    22938.3        122413.       -312.503        284.561        6.81852               0           1        7225
          59    10.1617        9.28978        10.4884       -120.622        214.298       -84.7661       0.563296E+09    8.34925       0.834925        17.5000       0.546135E+09   0.170786E+08    83166.6       0.121621E+07   -166.221       -92.0638        264.655               0           1        7067
          60    10.3337        9.70569        9.90908       -136.422       -40.9091        68.7700       0.759002E+09    8.11541       0.811541        16.0900       0.728208E+09   0.307239E+08    69945.7        296631.       -87.5150        98.2645      -0.443890               0           1        7052
          61    10.3700        9.57192        9.95607       -151.852        218.780       -60.3451       0.231768E+09    5.87537       0.587536        14.2600       0.229046E+09   0.258802E+07    133953.        509947.       -70.8806        37.0488        21.0596               0           1        7032
          62    10.7748        9.36657        9.80963       -84.3318        96.8992        50.9398       0.489140E+09    8.05958       0.805958        17.5700       0.487439E+09   0.159516E+07    105249.       0.157696E+07    114.345       -56.9232       -45.9541               0           1        6907
          63    10.2925        9.79903        10.2028       -115.834       -33.9188       -24.4291       0.631945E+09    7.49762       0.749762        14.8400       0.623204E+09   0.873018E+07    10554.0        59525.0       -106.369        140.979        133.973               0           1        6807
          64    10.0936        9.95387        9.51487       -161.117       -14.6446        22.5371       0.523438E+09    8.04493       0.804493        17.3600       0.523105E+09    316839.        16099.7        65724.4       -197.376        211.836       -180.842               0           1        6737
          65    10.4652        9.56952        9.76738       -57.9447        160.300       -128.715       0.460216E+09    7.18919       0.718919        16.1300       0.458424E+09   0.172603E+07    66123.3        988229.       -27.3382        35.9505       -65.2885               0           1        6719
          66    10.7142        9.20181        9.73933       -63.4924        118.395        33.5366       0.464998E+09    7.79919       0.779919        15.5700       0.463662E+09   0.130431E+07    32298.0        139982.        86.6044       -132.321       -78.1247               0           1        6606
          67    9.93567        10.0311        10.4867       -134.682        29.0869      -0.708802       0.539486E+09    8.09344       0.809344        16.3200       0.512048E+09   0.273610E+08    76594.5        393431.       -269.643        247.160        263.881               0           1        6520
          68    10.4734        9.49411        10.0276       -113.404        66.0384        16.7593       0.347630E+09    6.38515       0.638515        14.3100       0.341615E+09   0.524268E+07    772357.       0.452197E+07   -23.5811        1.44150        53.7885               0           1        6502
          69    10.5003        9.52372        9.94224       -92.3586        297.080        58.2553       0.200594E+10    7.29032       0.729032        19.6500       0.182807E+10   0.167188E+09   0.106865E+08   0.555797E+08   -11.2483        14.9916        14.7308               0           0        6494
          70    9.96070        9.80757        10.3828       -124.095        141.340       -119.897       0.543401E+09    8.21196       0.821197        17.4300       0.526431E+09   0.168307E+08    139892.        754393.       -258.189        144.887        216.326               0           1        6473
          71    10.4774        9.18482        10.3366       -132.481        186.452       -95.6101       0.537723E+09    8.33552       0.833552        18.2800       0.535742E+09   0.195296E+07    27415.3        340897.       -21.7552       -140.095        195.179               0           1        6436
          72    9.77786        9.81757        10.4301       -53.1857        119.927        1.48842       0.467421E+09    7.89667       0.789667        18.3000       0.461500E+09   0.586666E+07    54014.9        323892.       -341.860        149.463        237.989               0           1        6369
          73    9.85103        9.86745        10.5600       -82.5887        132.713       -53.8676       0.688753E+09    8.45633       0.845633        18.3000       0.600590E+09   0.879685E+08    194755.       0.157403E+07   -308.376        172.289        297.425               0           1        6163
          74    10.4497        9.10062        10.2228       -99.4180        209.118       -71.0126       0.472893E+09    7.95982       0.795982        17.6600       0.465491E+09   0.720902E+07    193626.       0.238217E+07   -34.4129       -178.627        143.143               0           1        6125
          75    10.3037        9.77518        10.1169       -94.5910        145.557       -128.221       0.398155E+09    6.58605       0.658605        14.9200       0.397982E+09    49389.9        123591.       0.168522E+07   -101.244        130.064        94.6722               0           1        6115
          76    10.6503        9.49146        9.75178       -133.462        221.317       -40.5897       0.600781E+09    8.57165       0.857165        18.8000       0.599593E+09    637951.        550178.       0.276452E+07    57.3991       0.228809       -72.4274               0           1        6011
          77    10.3635        9.73148        10.0549       -154.692        108.614       -125.440       0.885726E+09    7.77402       0.777402        17.0900       0.883514E+09   0.206753E+07    144946.       0.189357E+07   -73.8460        110.067        66.2678               0           1        6004
          78    10.0382        9.87391        10.1593       -51.7363        53.7991        30.2908       0.475833E+09    7.90902       0.790902        17.1600       0.474885E+09    761305.        186494.       0.371579E+07   -222.737        175.245        114.062               0           1        5985
          79    10.2275        9.31619        10.4276       -110.947        212.666       -78.3475       0.523878E+09    8.20556       0.820556        17.3200       0.511300E+09   0.123102E+08    268054.       0.377116E+07   -136.119       -79.9781        236.836               0           1        5908
          80    10.4473        8.93528        10.6999       -98.8142        188.767       -79.9007       0.513160E+09    8.18771       0.818771        16.9300       0.511300E+09   0.180246E+07    57200.7        552908.       -35.5067       -254.290        361.437               0           1        5850
          81    10.3029        9.74020        10.1191       -82.0029        267.894       -88.8630       0.493698E+09    7.08988       0.708988        13.8300       0.493508E+09    190090.        0.00000        0.00000       -101.605        114.057        95.6424               1           1        5725
          82    10.5158        9.51330        9.89761       -143.887       -34.3524        9.88282       0.237199E+10    5.83326       0.583326        17.9800       0.226506E+10   0.715106E+08   0.354144E+08   0.147825E+09   -4.15518        10.2232       -5.69278               0           0        5712
          83    10.1179        9.53323        9.37385       -52.2832        151.977        15.2377       0.442440E+09    7.78958       0.778958        15.3700       0.442378E+09    24574.8        36909.3        181465.       -186.260        19.3436       -245.375               0           1        5616
          84    10.8915        8.89788        10.3879       -101.494        156.743       -92.9128       0.778320E+09    9.21049       0.921049        18.1700       0.774599E+09   0.366168E+07    59956.0        858879.        167.740       -271.405        218.692               0           1        5546
          85    9.74466        10.0769        10.1361       -86.4524        78.4760        14.4462       0.573161E+09    8.45176       0.845176        16.7000       0.568000E+09   0.499513E+07    165453.        537484.       -357.053        268.142        103.454               0           1        5539
          86    9.75932        9.84788        9.99690       -54.8027        175.568        13.4952       0.415648E+09    7.62164       0.762164        16.3500       0.414776E+09    825274.        45814.7        251869.       -350.344        163.333        39.7442               0           1        5532
          87    10.4640        9.58249        10.0295       -127.489        106.272        111.102       0.351516E+09    6.52701       0.652701        15.0600       0.351176E+09    31717.4        308243.       0.224141E+07   -27.8781        41.8859        54.6397               0           1        5520
          88    10.2677        9.88857        10.4043       -158.841        18.8998       -62.8415       0.405220E+09    7.41068       0.741068        15.7400       0.393992E+09   0.110984E+08    129292.       0.244331E+07   -117.709        181.954        226.169               0           1        5514
          90    10.2601        9.75714        10.1384       -124.003        121.755       -82.6401       0.462723E+09    6.70960       0.670960        15.7100       0.456512E+09   0.580347E+07    407729.       0.238879E+07   -121.155        121.809        104.488               0           1        5413
          91    10.2720        9.95630        10.4071       -169.888        46.1718       -63.8387       0.405290E+09    7.46376       0.746376        16.1100       0.397899E+09   0.722829E+07    162565.       0.124964E+07   -115.755        212.948        227.446               0           1        5397
          92    10.1395        9.30569        10.5770       -100.838        211.640       -78.6796       0.461074E+09    7.58960       0.758960        14.8200       0.441963E+09   0.190501E+08    61182.3        295482.       -176.385       -84.7831        305.195               0           1        5361
          93    10.2690        9.60329        9.98152       -161.757        27.9626       -4.41090       0.321472E+09    6.28768       0.628768        15.6300       0.320830E+09    120243.        521659.       0.542830E+07   -117.128        51.4043        32.7060               0           1        5340
          94    10.1794        9.63410        10.2238       -37.0939        188.596       -12.5129       0.330271E+09    6.61716       0.661716        16.2700       0.329061E+09    979431.        230949.       0.326741E+07   -158.103        65.5036        143.560               0           1        5268
          95    9.78458        9.30963        10.4937       -65.6186        227.345       -17.8238       0.590463E+09    8.51857       0.851857        16.5900       0.587454E+09   0.300847E+07    0.00000        0.00000       -338.784       -82.9800        267.103               1           1        5200
          96    10.5086        9.59770        9.83977       -99.6375        273.669        43.3651       0.678494E+09    6.57781       0.657781        13.7400       0.676665E+09   0.137538E+07    454360.       0.153846E+07   -7.44546        48.8462       -32.1615               0           1        5188
          97    9.77232        9.76672        9.73043       -66.4652        168.397        33.1274       0.428341E+09    7.71545       0.771545        15.2000       0.425418E+09   0.289478E+07    28501.1        265831.       -344.395        126.193       -82.1975               0           1        5178
          98    10.1016        10.0018        9.53862       -92.0941        18.3194       -6.01828       0.396883E+09    6.70320       0.670320        16.7000       0.391082E+09   0.555817E+07    243166.       0.260034E+07   -193.715        233.756       -169.973               0           1        5125
          99    10.0093        10.0830        10.3959       -119.726        32.7837      -0.794826       0.436771E+09    7.74245       0.774245        16.5900       0.431404E+09   0.534099E+07    26053.3        115882.       -235.930        270.906        222.343               0           1        5058
         100    10.2787        9.76138        10.1710       -88.8826        50.1260       -41.4770       0.373797E+09    5.93669       0.593669        15.4300       0.365891E+09    638110.       0.726808E+07   0.188768E+08   -112.675        123.749        119.434               0           1        4981
         101    10.4889        9.66391        9.89286       -120.344        149.326        108.179       0.309164E+09    6.07992       0.607992        13.0800       0.303039E+09   0.606136E+07    63814.3       0.101399E+07   -16.4834        79.1452       -7.86647               0           1        4947
         102    10.2789        9.77266        10.1823       -125.493       -55.6158       -34.5028       0.554571E+09    6.92926       0.692926        14.2400       0.548879E+09   0.180796E+07   0.388344E+07   0.594144E+07   -112.593        128.911        124.610               0           1        4932
         103    10.7141        9.21157        9.65246       -135.145        163.883       -110.410       0.468145E+09    7.76533       0.776533        16.5700       0.466405E+09   0.173923E+07    0.00000        0.00000        86.5998       -127.854       -117.878               1           1        4906
         104    10.2336        10.0216        9.70555       -126.236        38.8979        15.0953       0.407174E+09    7.62484       0.762484        16.3600       0.406213E+09    741945.        219232.       0.379340E+07   -133.286        242.845       -93.5831               0           1        4848
         105    10.5921        9.56123        9.98261       -39.8867        64.7054       -32.5759       0.337044E+09    6.73935       0.673935        16.1000       0.336377E+09    327421.        339040.       0.208828E+07    30.7703        32.1569        33.2048               0           1        4728
         107    10.1186        9.70473        10.2551       -104.020        199.145        12.9008       0.375878E+09    6.14628       0.614628        13.8800       0.373623E+09   0.207088E+07    183797.       0.109556E+07   -185.917        97.8252        157.915               0           1        4529
         108    10.1842        9.21491        10.5245       -93.7317        233.540       -69.9011       0.413277E+09    7.59876       0.759876        15.3000       0.404384E+09   0.885099E+07    41360.2        265310.       -155.915       -126.326        281.202               0           1        4460
         109    10.1845        9.76707        10.3158       -123.063        160.030        7.09701       0.306372E+09    6.10006       0.610006        12.8700       0.294060E+09   0.122194E+08    92810.6        558161.       -155.783        126.353        185.661               0           1        4395
         110    10.2241        9.81708        9.95981       -45.4241        53.6582        63.4517       0.322542E+09    6.99150       0.699150        14.6200       0.322493E+09    49299.3        0.00000        0.00000       -137.647        149.239        22.7711               1           1        4350
         111    9.68771        9.81372        10.0019       -59.4502        110.377        22.9185       0.490245E+09    7.37635       0.737635        14.2700       0.483947E+09   0.629745E+07    0.00000        0.00000       -383.114        147.701        42.0140               1           1        4341
         112    10.2261        9.65235        10.1537       -158.328        16.9550        17.6841       0.170283E+09    5.00543       0.500543        13.3200       0.168688E+09   0.119766E+07    397754.       0.532013E+07   -136.732        73.8551        111.485               0           1        4267
         113    10.4106        9.83811        9.74492       -146.081        13.4726        49.0696       0.333713E+09    7.09629       0.709629        15.3500       0.331389E+09   0.229890E+07    25712.5        122288.       -52.3058        158.862       -75.5666               0           1        4168
         114    10.4010        9.77400        9.97491       -123.769        162.661       -20.3020       0.354646E+09    7.09812       0.709812        15.4100       0.354169E+09    411603.        65805.9        600392.       -56.7036        129.524        29.6812               0           1        4139
         115    9.70961        9.92867        10.0946       -70.1795        95.3890        16.9311       0.329759E+09    7.10727       0.710727        15.5200       0.326650E+09   0.301697E+07    92219.0        582405.       -373.092        200.304        84.4353               0           1        4117
         116    10.1859        9.70888        10.2204        44.5638        71.7316        63.5481       0.822736E+09    5.74174       0.574174        13.1300       0.807858E+09   0.125254E+08   0.235231E+07   0.350107E+07   -155.156        99.7243        142.022               0           1        4066
         117    10.2346        9.75922        10.1390       -113.651        111.708       -45.9625       0.363001E+09    6.00853       0.600853        14.7400       0.360238E+09   0.241650E+07    346975.       0.193548E+07   -132.838        122.761        104.795               0           1        4064
         118    9.92401        9.98506        10.4601       -116.961        32.4949        3.65815       0.254630E+09    6.47256       0.647256        13.3600       0.253572E+09   0.103538E+07    23543.6        61040.3       -274.979        226.110        251.727               0           1        4051
         119    9.99670        10.0099        9.73898       -108.145        19.5601        2.60550       0.317232E+09    6.87847       0.687846        14.6800       0.306198E+09   0.108714E+08    162585.       0.104274E+07   -241.714        237.468       -78.2849               0           1        4003
         120    10.1381        9.87727        10.4983       -151.187        128.258       -109.043       0.288678E+09    6.78465       0.678465        14.8300       0.287159E+09   0.151669E+07    1705.24        52705.9       -177.007        176.783        269.208               0           1        3911
         121    10.2608        9.28642        10.3894       -110.891        212.827       -79.1727       0.262696E+09    6.47164       0.647164        14.0900       0.262135E+09    561618.        0.00000        0.00000       -120.839       -93.6014        219.369               1           1        3900
         122    10.5400        9.68800        9.56964       -134.138        43.0634        33.0006       0.280768E+09    6.71555       0.671555        14.5900       0.280508E+09    243054.        16909.0        137789.        6.92377        90.1692       -155.778               0           1        3867
         123    10.0829        9.46491        10.4910       -104.217        226.853       -82.1063       0.281262E+09    6.46295       0.646295        13.8000       0.258061E+09   0.232006E+08    0.00000        0.00000       -202.254       -11.9210        265.867               1           1        3850
         124    9.96375        10.1145        9.87445       -97.9464        60.7141        33.3251       0.376395E+09    7.39603       0.739603        14.8000       0.375452E+09    919118.        23806.9        128410.       -256.793        285.344       -16.2912               0           1        3736
         125    10.4980        9.58873        9.81525       -152.398        288.473        18.6256       0.518661E+09    6.28356       0.628356        13.0300       0.518616E+09    38058.7        7252.15        70139.3       -12.2916        44.7414       -43.3823               0           1        3679
         126    10.1762        9.88764        9.58105       -142.733        31.3892        27.1907       0.281024E+09    6.71098       0.671098        14.2800       0.280508E+09    465437.        49879.9        358907.       -159.572        181.528       -150.557               0           1        3611
         127    9.72596        9.88050        9.76987       -79.0123        103.397        40.6249       0.286321E+09    6.75216       0.675216        15.3500       0.283917E+09   0.240355E+07    0.00000        0.00000       -365.610        178.261       -64.1490               1           1        3601
         129    9.94318        10.1762        9.52583       -90.6870        27.3424       -2.39029       0.266075E+09    6.53479       0.653479        12.9300       0.261470E+09   0.460551E+07    0.00000        0.00000       -266.206        313.583       -175.826               1           1        3531
         130    10.1778        9.37809        10.4408       -102.771        210.291       -77.8909       0.241427E+09    6.37737       0.637737        13.4100       0.238440E+09   0.298638E+07    0.00000        0.00000       -158.849       -51.6515        242.868               1           1        3506
         131    10.3998        9.07347        10.3709       -76.5284        224.646       -66.5102       0.267837E+09    6.59383       0.659383        14.1300       0.265460E+09   0.237683E+07    0.00000        0.00000       -57.2619       -191.051        210.894               1           1        3486
         132    10.3853        9.61274        10.0533       -28.8184        6.41538       -94.1977       0.400601E+09    5.74083       0.574082        13.9800       0.395156E+09   0.536727E+07    78177.6        984096.       -63.8790        55.7288        65.5722               0           1        3461
         133    9.69151        9.86036        10.0245       -67.5355        89.5323      -0.810323       0.389105E+09    6.30370       0.630370        13.8700       0.380274E+09   0.872488E+07    106236.        865607.       -381.375        169.044        52.3974               0           1        3446
         134    10.0580        9.56313        10.5511       -96.5923        200.427       -80.1406       0.261214E+09    6.20485       0.620485        12.9300       0.259641E+09   0.157382E+07    0.00000        0.00000       -213.649        33.0264        293.338               1           1        3435
         135    10.4945        9.59954        9.84060       -27.4934        125.004       -46.1461       0.312438E+09    5.33446       0.533446        14.8400       0.311768E+09    180993.        489216.       0.333373E+07   -13.9345        49.6883       -31.7816               0           1        3432
         136    10.4332        9.70357        10.0643       -69.2499        170.922        41.8647       0.300201E+09    5.94858       0.594858        13.6900       0.299214E+09    755474.        230680.       0.327675E+07   -41.9545        97.2944        70.6106               0           1        3426
         137    10.1329        9.95702        10.2963       -108.211        3.81391       -18.4489       0.233034E+09    6.22224       0.622224        13.2600       0.232205E+09    772868.        56171.4        403966.       -179.382        213.278        176.774               0           1        3411
         138    10.7747        9.24663        9.70593       -122.609        83.3994        15.5318       0.227508E+09    6.05429       0.605429        14.1600       0.221065E+09   0.642986E+07    13209.3        55796.2        114.304       -111.810       -93.4092               0           1        3404
         139    10.2675        9.70691        10.2699        19.3406        126.720       -34.8744       0.271602E+09    5.84196       0.584196        12.6300       0.267954E+09   0.361054E+07    37103.5        525586.       -117.809        98.8228        164.656               0           1        3333
         140    10.6768        9.79888        9.30899       -135.245        15.8021       -2.59853       0.245411E+09    6.40849       0.640849        14.1700       0.243512E+09   0.189939E+07    0.00000        0.00000        69.5123        140.910       -275.056               1           1        3320
         141    10.7718        9.31752        9.77770       -84.5949        104.747        22.2161       0.187698E+09    5.79025       0.579025        13.5900       0.187477E+09    179588.        41828.0        261930.        112.995       -79.3694       -60.5659               0           1        3317
         142    9.86594        9.92503        10.4454       -75.4991        142.498       -62.5239       0.244370E+09    6.29134       0.629134        12.8800       0.244260E+09    109461.        0.00000        0.00000       -301.553        198.639        244.991               1           1        3290
         143    10.1574        9.25865        10.5567       -128.867        213.324       -106.564       0.269696E+09    6.33481       0.633481        13.1800       0.263964E+09   0.573199E+07    0.00000        0.00000       -168.180       -106.309        295.901               1           1        3227
         144    10.1043        9.52820        10.4913       -82.0157        238.116       -70.3943       0.296515E+09    6.72333       0.672333        13.3300       0.292231E+09   0.428438E+07    0.00000        0.00000       -192.461        17.0417        265.968               1           1        3202
         145    10.0274        9.75982        10.2290       -47.5371        122.876       -136.546       0.232214E+09    6.14078       0.614078        13.1100       0.230043E+09   0.204826E+07    121757.        720786.       -227.652        123.035        145.962               0           1        3165
         147    10.1275        9.54481        10.3849       -138.623        180.022       -118.246       0.228562E+09    6.16183       0.616183        12.8100       0.227882E+09    679729.        0.00000        0.00000       -181.844        24.6428        217.319               1           1        3116
         148    9.99145        9.80440        10.4582       -53.9485        123.575       -52.3091       0.114029E+09    4.82925       0.482925        10.3900       0.111987E+09   0.204188E+07    0.00000        0.00000       -244.117        143.436        250.835               1           1        3098
         149    10.3453        9.62917        10.0661       -42.5667       -153.294       -24.2128       0.101161E+10    5.00223       0.500223        13.0000       0.938141E+09   0.698428E+08   0.362368E+07   0.840120E+07   -82.2067        63.2475        71.3886               0           1        3074
         150    10.3048        9.79362        10.1946       -233.018        59.2940       -115.736       0.260969E+09    5.56647       0.556647        11.9100       0.260223E+09    736203.        10554.0        59525.0       -100.722        138.503        130.211               0           1        3068
         151    10.1569        10.1031        9.40049       -141.818        44.7738        9.62580       0.403096E+09    7.53378       0.753377        15.5700       0.396486E+09   0.656671E+07    43483.2        258896.       -168.408        280.141       -233.184               0           1        3047
         152    10.3260        9.72253        9.97893       -85.1868        119.960        3.16473       0.291868E+09    4.61646       0.461646        9.39000       0.290734E+09   0.113419E+07    0.00000        0.00000       -91.0433        105.971        31.5208               1           1        3041
         153    10.3274        9.62625        10.1062       -166.988        51.4675        51.3004       0.337389E+09    5.39670       0.539670        12.2400       0.329975E+09   0.448372E+07   0.293007E+07   0.148234E+08   -90.3980        61.9113        89.7620               0           1        3035
         154    10.1223        9.29409        10.5996       -82.8780        227.736       -88.2938       0.379746E+09    7.11597       0.711597        14.2600       0.370963E+09   0.876951E+07    14161.9        62486.2       -184.247       -90.0914        315.569               0           1        2998
         155    10.1475        9.64482        10.3313       -52.8404        226.401       -124.016       0.300931E+09    6.16916       0.616916        13.9300       0.298300E+09   0.261855E+07    12692.3        116511.       -172.710        70.4093        192.786               0           1        2954
         156    10.2958        9.67375        10.2392       -78.4952        127.485       -116.722       0.129887E+09    5.04479       0.504479        11.8300       0.126287E+09   0.358954E+07    10063.9        61355.6       -104.822        83.6482        150.625               0           1        2894
         157    10.3487        9.88470        10.3535       -192.857        66.9685       -84.4509       0.173943E+09    5.69964       0.569964        11.7900       0.173759E+09    126393.        58188.8        283278.       -80.6325        180.183        202.931               0           1        2884
         158    10.5091        9.67517        9.87745       -73.1509        121.827       -71.2590       0.253174E+09    5.98428       0.598428        12.8400       0.250329E+09   0.271862E+07    126261.       0.156456E+07   -7.22580        84.2980       -14.9184               0           1        2864
         159    10.8618        9.74806        9.89651       -170.194        8.59866       -17.8116       0.274474E+09    6.57506       0.657506        13.2500       0.274024E+09    329534.        120861.       0.153827E+07    154.167        117.654       -6.19616               0           1        2848
         160    10.5621        9.73192        9.47935       -118.961        38.0314        25.3619       0.231928E+09    6.28905       0.628905        12.7100       0.231041E+09    887353.        0.00000        0.00000        17.0143        110.268       -197.096               1           1        2763
         161    10.2501        9.86313        10.3394       -190.448        10.6174       -68.6822       0.183834E+09    5.70696       0.570696        12.3300       0.181823E+09   0.197619E+07    34026.3        314441.       -125.763        170.312        196.479               0           1        2754
         162    10.1549        9.68879        10.2149        47.5843        172.733       -89.9804       0.553916E+09    5.01825       0.501825        11.1100       0.552038E+09   0.158031E+07    297796.       0.436585E+07   -169.337        90.5308        139.496               0           1        2701
         163    9.96260        10.2118        9.36108       -97.0921        35.6241       -17.4183       0.377217E+09    7.30542       0.730542        17.6600       0.374039E+09   0.314285E+07    34733.8        285255.       -257.319        329.861       -251.219               0           1        2672
         164    10.3833        9.30062        10.1986       -88.1262        230.978       -70.2104       0.196816E+09    6.00121       0.600121        12.8700       0.196456E+09    195295.        164707.       0.227891E+07   -64.8080       -87.1032        132.064               0           1        2666
         165    10.2290        9.79620        10.2631       -86.6480        203.324       -186.357       0.279638E+09    5.61178       0.561178        13.4500       0.258726E+09   0.208561E+08    56027.3        889013.       -135.414        139.684        161.576               0           1        2658
         166    10.8642        9.24568        9.67106       -32.3535        215.810       -85.3531       0.400976E+09    7.35485       0.735485        15.9900       0.395239E+09   0.573668E+07    0.00000        0.00000        155.270       -112.245       -109.366               1           1        2646
         168    10.7231        9.95641        10.5114       -157.786        26.0608       -24.0432       0.207290E+09    6.07351       0.607351        12.1100       0.205518E+09   0.175078E+07    21582.3        117935.        90.6772        212.999        275.175               0           1        2599
         169    10.5389        9.03819        10.1884       -87.3349        213.399       -77.2439       0.177803E+09    5.69598       0.569598        11.9700       0.175837E+09   0.196609E+07    0.00000        0.00000        6.39294       -207.196        127.401               1           1        2552
         170    10.3294        9.71692        9.98483       -81.6442        144.657       -149.554       0.355285E+09    4.90292       0.490293        10.5100       0.354002E+09   0.128243E+07    0.00000        0.00000       -89.4416        103.404        34.2207               1           1        2502
         171    10.4049        9.59291        10.0867       -105.149        160.840       -99.5025       0.171847E+09    5.47632       0.547632        12.0100       0.171431E+09    351854.        64595.2        464695.       -54.9143        46.6543        80.8567               0           1        2443
         172    10.3915        9.47371        10.0246       -101.554        239.313       -128.051       0.208897E+09    5.70605       0.570605        13.2000       0.208594E+09    112894.        190554.        823572.       -61.0509       -7.89393        52.4431               0           1        2418
         173    10.4877        9.44159        9.98192       -71.6839       -8.30924       -14.3815       0.164410E+09    4.78852       0.478852        10.7200       0.164364E+09    7609.96        37982.4        176354.       -17.0051       -22.5926        32.8891               0           0        2358
         174    9.74821        10.1551        10.2749       -103.973        32.1229        4.75563       0.285614E+09    6.57049       0.657049        12.7100       0.282420E+09   0.316405E+07    29015.5        119778.       -355.428        303.905        166.981               0           1        2348
         175    10.2012        9.66521        10.2327       -229.107        10.9407       -113.655       0.135073E+09    4.85487       0.485488        10.6400       0.135017E+09    56013.6        0.00000        0.00000       -148.108        79.7401        147.637               1           1        2325
         176    10.1560        9.94371        10.5743       -162.534        129.497       -100.238       0.165240E+09    5.53856       0.553856        11.9200       0.165029E+09    210177.        0.00000        0.00000       -168.811        207.187        303.992               1           1        2306
         177    10.8952        9.74750        9.88681       -175.612        18.4214       -12.7607       0.255490E+09    6.47530       0.647530        13.1500       0.254154E+09   0.118309E+07    153620.       0.103210E+07    169.438        117.398       -10.6351               0           1        2301
         178    9.86335        9.95293        10.4461       -85.9096        145.246       -55.5848       0.130476E+09    5.11297       0.511297        11.5000       0.130278E+09    95857.5        102971.        601571.       -302.738        211.406        245.297               0           1        2297
         179    10.3319        9.60784        10.0892       -245.615        33.3583        71.2921       0.349331E+09    5.22280       0.522280        12.7100       0.342945E+09   0.623600E+07    149868.        696559.       -88.3159        53.4865        82.0007               0           1        2292
         180    9.98907        9.56120        10.5317       -64.2474        193.580       -63.2805       0.243860E+09    5.38663       0.538663        11.3200       0.230625E+09   0.132346E+08    0.00000        0.00000       -245.206        32.1432        284.483               1           1        2263
         181    10.3304        9.69321        9.96486       -146.260        205.182       -60.0977       0.182873E+09    4.65490       0.465490        10.1900       0.181491E+09   0.138189E+07    0.00000        0.00000       -88.9932        92.5534        25.0821               1           1        2236
         182    10.2010        9.31996        10.5458       -94.9263        219.310       -62.4771       0.142460E+09    5.19900       0.519900        10.8400       0.141917E+09    542660.        0.00000        0.00000       -148.204       -78.2528        290.922               1           1        2233
         183    10.2468        9.68224        10.1585        11.7354        207.551       -81.0148       0.180390E+09    4.84252       0.484252        10.4600       0.150314E+09   0.300665E+08    9394.08        34647.9       -127.273        87.5334        113.673               0           1        2186
         184    10.2759        9.16742        10.4140       -94.7707        225.062       -76.6707       0.157379E+09    5.52163       0.552163        12.1500       0.157131E+09    247837.        0.00000        0.00000       -113.961       -148.058        230.608               1           1        2120
         185    10.7339        9.20482        9.70831       -51.4119        114.918        20.1097       0.139547E+09    5.13356       0.513357        10.7600       0.139340E+09    191870.        15340.2        155702.        95.6515       -130.943       -92.3200               0           1        2094
         186    10.4957        9.56765        9.81598       -114.794        301.059        21.5634       0.155232E+09    4.73864       0.473864        10.1300       0.155219E+09    13125.3        0.00000        0.00000       -13.3762        35.0948       -43.0482               1           1        2075
         187    9.76049        10.1717        9.99076       -110.268        45.6692        17.8942       0.721250E+09    5.56739       0.556739        13.7100       0.714489E+09   0.660149E+07    159579.        902212.       -349.808        311.542        36.9344               0           1        2065
         188    9.75671        10.1435        10.2737       -121.437        25.4222        5.25750       0.175699E+09    5.29602       0.529602        11.7100       0.174091E+09   0.160770E+07    0.00000        0.00000       -351.538        298.610        166.436               1           1        2060
         189    9.94573        10.2241        9.57614       -105.957        38.0195       -6.25725       0.168554E+09    5.64656       0.564656        12.5500       0.166942E+09   0.160269E+07    9445.66        64416.1       -265.039        335.499       -152.804               0           1        2055
         190    10.5130        9.61629        9.84421       -82.5595        285.281        9.37137       0.258525E+09    5.33492       0.533492        12.7200       0.256814E+09   0.153059E+07    180840.       0.118622E+07   -5.45482        57.3534       -30.1296               0           1        2036
         191    10.2619        9.35895        10.3458       -144.112        195.376       -108.864       0.138486E+09    5.23195       0.523195        10.3400       0.138425E+09    61236.0        0.00000        0.00000       -120.372       -60.4103        199.403               1           1        2005
         192    10.4678        9.59283        10.2388       -184.639        159.198       -129.800       0.166570E+09    5.61818       0.561818        11.7000       0.162036E+09   0.453393E+07    0.00000        0.00000       -26.1163        46.6176        150.442               1           1        1992
         193    10.4897        9.59545        9.82111       -117.360        271.989        30.3162       0.343547E+09    5.25255       0.525255        10.3100       0.343527E+09    11363.9        9095.75        155920.       -16.1265        47.8166       -40.7006               0           1        1987
         194    10.5827        9.30954        9.71793       -71.8751        137.445        42.8052       0.148350E+09    5.34453       0.534453        11.9400       0.148236E+09    46158.9        67900.2        309361.        26.4366       -83.0212       -87.9178               0           1        1984
         195    10.1112        9.74295        10.2967       -17.8457        114.768       -150.727       0.193447E+09    5.29510       0.529510        12.3900       0.182488E+09   0.108340E+08    124414.        445381.       -189.322        115.315        176.952               0           1        1982
         196    9.92023        9.80042        10.0561       -36.4428        159.009        18.4870       0.150685E+09    5.41180       0.541180        11.9400       0.150231E+09    214494.        239238.       0.237350E+07   -276.708        141.615        66.8307               0           1        1978
         197    10.7081        9.33384        9.48749       -63.1687        162.932       -51.8797       0.172202E+09    5.59896       0.559896        11.7700       0.171514E+09    597383.        90132.3        326833.        83.8358       -71.9011       -193.371               0           1        1974
         198    10.1112        9.28905        10.5432       -92.0113        212.823       -58.4889       0.146111E+09    4.94914       0.494914        11.5400       0.142998E+09   0.311290E+07    0.00000        0.00000       -189.308       -92.3978        289.746               1           1        1973
         199    10.5951        9.49268        9.62500       -108.532        48.2370        61.1805       0.149455E+09    5.42690       0.542690        11.6700       0.149150E+09    304759.        0.00000        0.00000        32.1065       0.787105       -130.444               1           1        1968
         200    10.7119        9.46316        9.36261       -93.0844        54.0645        22.1592       0.166850E+09    5.70284       0.570284        12.9900       0.166692E+09    157439.        0.00000        0.00000        85.5564       -12.7218       -250.519               1           1        1967
         201    9.84460        10.0188        9.96486       -93.1352        22.7160        20.9963       0.140511E+09    5.33904       0.533904        10.7900       0.140337E+09    173195.        0.00000        0.00000       -311.318        241.554        25.0821               1           1        1966
         202    10.3317        9.73861        10.1898       -67.3069        151.175       -143.354       0.136673E+09    4.77662       0.477662        9.75000       0.136347E+09    326041.        0.00000        0.00000       -88.4303        113.329        128.019               1           1        1961
         203    10.3420        9.72608        9.99088       -99.3695        122.158        18.9736       0.346669E+09    4.81827       0.481827        10.5600       0.346271E+09    273110.        125328.        376790.       -83.6894        107.595        36.9893               0           1        1945
         204    10.2971        9.27654        10.3728       -119.444        205.430       -89.7608       0.156840E+09    5.35368       0.535368        10.7500       0.154138E+09   0.270129E+07    0.00000        0.00000       -104.223       -98.1227        211.781               1           1        1942
         205    9.85628        10.0913        9.92076       -99.5747        25.8562        11.2103       0.162727E+09    5.20633       0.520633        10.7400       0.154970E+09   0.774647E+07    10899.2        59525.0       -305.973        274.741        4.90110               0           1        1934
         206    10.4922        9.73034        9.66620       -144.394        23.5082        43.2756       0.128439E+09    5.09558       0.509558        9.94000       0.128365E+09    73881.0        0.00000        0.00000       -14.9779        109.545       -111.590               1           1        1911
         207    9.85949        9.87062        10.5547       -75.4470        119.400       -23.4745       0.374140E+09    5.23058       0.523058        12.9200       0.345855E+09   0.281003E+08    184785.       0.148583E+07   -304.504        173.740        295.009               0           1        1908
         208    10.0402        10.0714        9.63465       -136.020        20.0194        2.40817       0.136083E+09    5.25071       0.525072        11.5400       0.135432E+09    623633.        27106.9        117944.       -221.808        265.639       -126.028               0           1        1907
         209    9.87138        10.0418        10.5432       -118.471        13.8850        5.08761       0.281906E+09    5.53398       0.553398        10.9700       0.269451E+09   0.124547E+08    0.00000        0.00000       -299.063        252.079        289.741               1           1        1906
         210    10.2128        9.56135        10.2597       -141.923        219.352       -110.216       0.438859E+09    5.56602       0.556601        13.2300       0.438637E+09    55933.0        166041.       0.378336E+07   -142.805        32.2118        160.002               0           1        1899
         211    10.1875        9.86178        10.1184       -144.336       -74.7368        9.56520       0.150818E+09    5.39441       0.539441        10.7400       0.149981E+09    837029.        0.00000        0.00000       -154.396        169.694        95.3312               1           1        1895
         212    10.3496        9.61505        10.0744        30.3430       -17.3653       -44.0909       0.324303E+09    4.61280       0.461280        11.8000       0.314761E+09   0.936773E+07    173958.       0.171080E+07   -80.2435        56.7859        75.1868               0           1        1874
         213    9.57403        9.85633        10.1879       -69.9092        164.014        6.58810       0.148314E+09    5.44978       0.544978        11.6300       0.147903E+09    386207.        24657.4        218763.       -435.136        167.200        127.163               0           1        1874
         214    9.71179        10.0800        10.1498       -76.0717        74.7435        13.4190       0.121617E+09    5.02969       0.502969        10.3100       0.121049E+09    567401.        0.00000        0.00000       -372.095        269.538        109.705               1           1        1848
         215    10.3183        9.91401        9.65462       -144.707        19.2150        34.1827       0.146833E+09    5.32943       0.532943        12.1700       0.143580E+09   0.323590E+07    17469.3        231246.       -94.5349        193.596       -116.890               0           1        1845
         216    10.4375        9.04974        10.3583       -82.8015        225.936       -57.8657       0.151840E+09    5.44017       0.544017        10.7300       0.150813E+09   0.102760E+07    0.00000        0.00000       -39.9867       -201.911        205.123               1           1        1841
         217    10.4289        9.22376        10.3641       -124.151        192.225       -105.470       0.134493E+09    5.23424       0.523424        10.6700       0.133936E+09    556977.        0.00000        0.00000       -43.9497       -122.276        207.786               1           1        1803
         218    10.5801        9.63547        9.39137       -114.180        52.5848        13.2373       0.130821E+09    5.18711       0.518711        10.9100       0.130693E+09    128008.        0.00000        0.00000        25.2606        66.1305       -237.358               1           1        1796
         219    10.7418        9.30838        9.54734       -81.1768        153.070       -33.2062       0.146455E+09    5.25621       0.525621        11.7800       0.142832E+09   0.362395E+07    0.00000        0.00000        99.2759       -83.5521       -165.983               1           1        1754
         221    10.5100        9.63843        10.0272       -22.1676        117.036        30.6355       0.172192E+09    5.10016       0.510016        11.9100       0.171514E+09    546562.        131080.       0.102501E+07   -6.83683        67.4851        53.6238               0           1        1748
         222    10.0712        9.85398        10.2133       -93.6916       -20.1042       0.979300       0.117676E+09    4.96333       0.496333        10.0500       0.117059E+09    616873.        0.00000        0.00000       -207.622        166.125        138.773               1           1        1737
         223    10.1946        9.79494        10.2041        3.61769        168.426       -198.370       0.363760E+09    4.37666       0.437666        11.2400       0.357162E+09   0.642859E+07    169517.        836740.       -151.161        139.107        134.563               0           1        1727
         224    10.2972        9.95341        9.76405       -113.934        34.9380        26.0440       0.113957E+09    4.95967       0.495967        10.2900       0.113899E+09    57404.4        0.00000        0.00000       -104.214        211.626       -66.8124               1           1        1727
         225    10.9341        9.75209        9.89014       -172.544        23.6053       -34.8686       0.129771E+09    5.09330       0.509329        10.4400       0.129280E+09    480220.        10849.4        61040.3        187.239        119.498       -9.11119               0           1        1720
         226    10.6597        9.42882        9.92603       -152.336        123.287        62.3823       0.113460E+09    4.81049       0.481049        10.3300       0.113317E+09    103490.        38983.4        175407.        61.6916       -28.4364        7.31275               0           1        1720
         227    9.82785        9.80925        10.0724       -50.5772        183.783        16.9691       0.147495E+09    5.32943       0.532943        12.0400       0.138675E+09   0.878945E+07    31404.8        193274.       -318.983        145.656        74.2716               0           1        1719
         228    9.99530        9.81859        10.1439       -113.705       -25.2609       -2.41143       0.131088E+09    5.07499       0.507499        11.5200       0.130527E+09    550307.        11048.6        58418.5       -242.355        149.930        106.996               0           1        1710
         229    10.7689        9.46176        9.78520       -92.2255        99.0781        54.7576       0.128030E+09    5.13082       0.513082        11.3400       0.127784E+09    246832.        0.00000        0.00000        111.668       -13.3625       -57.1337               1           1        1697
         230    10.0913        9.96990        9.58803       -104.402        30.3990        43.4955       0.650445E+09    4.66679       0.466679        13.5500       0.614726E+09   0.342061E+08   0.151307E+07   0.142951E+08   -198.405        219.172       -147.362               0           1        1677
         231    11.1823        9.56766        9.57043       -128.565        45.6222       -29.3502       0.146591E+09    5.41637       0.541637        11.0400       0.146573E+09    17915.6        0.00000        0.00000        300.848        35.0994       -155.417               1           1        1674
         232    10.2031        10.0496        9.47442       -149.519        40.7601        19.1860       0.118655E+09    5.04479       0.504479        11.0700       0.117641E+09   0.101406E+07    0.00000        0.00000       -147.285        255.640       -199.353               1           1        1672
         233    10.3668        9.67308        10.0212       -28.0343        87.2199       -116.506       0.276559E+09    4.37941       0.437941        11.1300       0.253904E+09   0.225511E+08    103836.        539140.       -72.3404        83.3416        50.8735               0           1        1657
         234    10.1973        9.69201        10.1735       -139.378        30.9635       -21.5759       0.169985E+09    4.42929       0.442929        10.0100       0.167191E+09   0.279357E+07    0.00000        0.00000       -149.921        92.0043        120.564               1           1        1643
         235    10.5638        9.26594        9.66879       -76.0359        125.889        39.2896       0.122441E+09    5.08689       0.508689        11.1700       0.122380E+09    61223.6        0.00000        0.00000        17.8197       -102.973       -110.405               1           1        1638
         236    10.8526        9.21744        9.72211       -22.9135        223.227       -77.4609       0.163842E+09    5.49646       0.549646        11.8300       0.160457E+09   0.338543E+07    0.00000        0.00000        149.943       -125.168       -86.0049               1           1        1610
         237    10.0471        9.58064        10.4924       -137.762        177.498       -105.933       0.135772E+09    4.90979       0.490979        9.78000       0.127534E+09   0.823774E+07    0.00000        0.00000       -218.641        41.0393        266.481               1           1        1603
         238    10.6002        9.09749        10.3782       -116.054        188.711       -90.6412       0.113644E+09    5.01092       0.501092        11.3000       0.113234E+09    410068.        0.00000        0.00000        34.4770       -180.059        214.253               1           1        1568
         239    9.71087        9.92172        10.1615       -54.8653        152.180       0.894802       0.106601E+09    4.87913       0.487913        10.3600       0.106417E+09    184194.        0.00000        0.00000       -372.516        197.124        115.064               1           1        1522
         240    10.3608        9.90104        9.39441       -146.450        32.3884        12.0407       0.121241E+09    5.11297       0.511297        10.8300       0.121216E+09    17678.9        7682.44        70553.6       -75.1136        187.660       -235.967               0           1        1486
         241    9.67068        10.0744        10.1631       -91.8903        79.3898        4.84171       0.123360E+09    5.11023       0.511023        10.5500       0.122878E+09    481831.        0.00000        0.00000       -390.907        266.993        115.814               1           1        1484
         242    9.94567        10.0760        9.94012       -98.5809        63.3044        26.2838       0.139280E+09    5.30060       0.530060        11.2200       0.137926E+09   0.135374E+07    0.00000        0.00000       -265.067        267.712        13.7606               1           1        1478
         243    9.89711        9.81128        10.4289       -114.100        139.957       -103.413       0.165688E+09    5.37336       0.537336        11.3400       0.159709E+09   0.597897E+07    0.00000        0.00000       -287.289        146.585        237.413               1           1        1452
         244    10.4310        9.15697        10.4391       -126.429        183.915       -99.7744       0.138256E+09    5.29968       0.529968        10.6400       0.137677E+09    579537.        0.00000        0.00000       -42.9521       -152.840        242.108               1           1        1446
         245    10.2965        9.47980        9.35450       -36.7068        137.374        18.1658       0.115940E+09    5.02511       0.502511        11.0900       0.115895E+09    14802.7        30832.7        203135.       -104.529       -5.10703       -254.230               0           1        1434
         246    10.2453        9.37981        10.3630       -125.875        208.282       -105.995       0.109601E+09    4.91116       0.491116        10.0500       0.109576E+09    25212.7        0.00000        0.00000       -127.969       -50.8643        207.265               1           1        1426
         247    9.84083        10.1180        9.92154       -102.064        7.45013        12.8056       0.413264E+09    4.97614       0.497614        11.4500       0.405299E+09   0.794281E+07    22938.3        122413.       -313.043        286.964        5.25804               0           1        1411
         248    10.1953        9.74977        10.2381        47.1229        257.339       -114.052       0.319566E+10    4.57802       0.457802        13.4900       0.249969E+10   0.560734E+09   0.135240E+09   0.854516E+08   -150.827        118.436        150.136               0           1        1397
         249    10.6297        9.73790        9.52209       -151.292        24.2656        11.3939       0.121243E+09    5.06080       0.506080        10.0800       0.118888E+09   0.235488E+07    0.00000        0.00000        47.9402        113.004       -177.538               1           1        1388
         250    10.3778        9.93654        10.3841       -194.500        80.8589       -88.1124       0.104566E+09    4.82238       0.482238        10.1900       0.104339E+09    227947.        0.00000        0.00000       -67.3157        203.906        216.943               1           1        1359
         251    9.74241        9.36397        10.5388       -61.7799        211.385       -31.0793       0.131053E+09    5.19077       0.519077        12.3500       0.130777E+09    192254.        84621.0        557119.       -358.082       -58.1130        287.719               0           1        1338
         252    9.77645        9.78548        9.93522       -55.9529        114.926        35.6266       0.406451E+09    4.88325       0.488325        11.8000       0.406130E+09    201734.        119614.        807864.       -342.505        134.778        11.5183               0           1        1252
         253    10.8133        9.23875        9.60858       -45.9745        78.8952        63.2211       0.167677E+09    5.45481       0.545481        11.2000       0.167607E+09    70534.3        0.00000        0.00000        131.959       -115.416       -137.958               1           1        1176
         255    10.1584        9.39275        10.5486       -75.0021        221.042       -67.5178       0.127753E+09    4.94274       0.494274        10.0800       0.127035E+09    717708.        0.00000        0.00000       -167.713       -44.9428        292.208               1           1         950
         257    10.0135        9.63529        10.5292       -131.239        161.700       -106.907       0.138910E+09    5.24477       0.524477        10.5200       0.138592E+09    318313.        0.00000        0.00000       -234.035        66.0481        283.348               1           1         931
         258    10.1326        9.54119        10.4218       -119.309        201.170       -122.500       0.124853E+09    4.61646       0.461646        9.23000       0.123128E+09   0.172534E+07    0.00000        0.00000       -179.547        22.9862        234.173               1           1         886
