#          i      x              y              z              v_x            v_y            v_z            Mvir           Rvir     Rs (Rockstar)       v_max           Mdm           Mgas           Mstars    Avg age of stars     xc             yc             zc      flag DM only  flag outside Rvir  Np bound
# (h^-1 comoving Mpc) (h^-1 comoving Mpc) (h^-1 comoving Mpc) (km/s)         (km/s)         (km/s)         (Msun)         (kpc)         (kpc)           (km/s)         (Msun)         (Msun)         (Msun)         (yrs)          (kpc)          (kpc)          (kpc)
           1    11.3003        8.64235        10.0045       -69.5030        72.7904       -10.1176       0.416559E+10    4.61669       0.461669        61.4200       0.380439E+10   0.320683E+09   0.405215E+08   0.501354E+10    0.00000        0.00000        0.00000               0           0       36281
           2    11.4075        9.76556        10.0249       -65.6939       -16.6124        5.48115       0.145790E+10    3.25049       0.325049        45.1100       0.132007E+10   0.131634E+09   0.620094E+07   0.736728E+09    13.8010        144.616        2.63042               0           1       10852
           3    11.5581        9.55365        10.0150       -84.4498        19.8327        15.4583       0.164560E+10    3.34642       0.334642        44.9300       0.145725E+10   0.181789E+09   0.656360E+07   0.996037E+09    33.1860        117.332        1.34804               0           1        9872
           4    11.2642        9.02999        10.2109       -52.0457        41.2289       -27.8793       0.910833E+09    2.78866       0.278866        35.8800       0.845183E+09   0.625122E+08   0.313863E+07   0.668075E+09   -4.65441        49.9097        26.5759               0           1        9195
           5    11.0446        9.93043        9.67903       -72.9874       -3.06570       -2.62817       0.544452E+09    2.32540       0.232541        29.6100       0.504316E+09   0.378719E+08   0.226364E+07   0.571965E+09   -32.9208        165.844       -41.9052               0           1        7319
           6    10.5398        8.31704        10.6157       -35.4026        79.4433       -33.8361       0.926670E+09    2.81557       0.281557        37.3100       0.864886E+09   0.589774E+08   0.280646E+07   0.523744E+09   -97.9191       -41.8846        78.6989               0           1        6421
           7    10.9562        8.50957        10.3481       -35.8090        67.6063       -33.1871       0.538522E+09    2.29966       0.229965        29.1500       0.487605E+09   0.486045E+08   0.231253E+07   0.288606E+09   -44.3128       -17.0958        44.2382               0           1        6068
           8    10.4936        8.27128        10.5819        3.09205        102.825        5.25872       0.593374E+09    2.42699       0.242699        31.9300       0.559270E+09   0.326899E+08   0.141368E+07   0.188965E+09   -103.862       -47.7763        74.3431               0           1        5161
           9    10.6425        9.07680        10.7438       -52.5658        45.0549       -14.0123       0.446117E+09    2.20901       0.220901        28.3000       0.423506E+09   0.217741E+08    836693.       0.394645E+09   -84.6987        55.9366        95.1882               0           1        4932
          10    11.3009        8.63024        9.99824       -75.4032        12.9517       -44.3283       0.107522E+10    1.61315       0.161314        24.6200       0.101587E+10   0.442601E+08   0.150951E+08   0.199882E+10   0.785392E-01   -1.55920      -0.805992               0           0        4155
          11    11.2696        9.03430        9.88586       -45.0628        35.1275        35.6252       0.966937E+09    2.83578       0.283578        38.0500       0.885504E+09   0.786519E+08   0.278062E+07   0.336102E+09   -3.95786        50.4647       -15.2752               0           1        4149
          12    11.2741        9.03663        9.88603       -61.6315        2.27371        15.3078       0.827474E+09    2.16910       0.216910        28.2300       0.773684E+09   0.510190E+08   0.277145E+07   0.336102E+09   -3.37847        50.7646       -15.2533               0           1        3870
          13    11.8941        9.60948        9.96301       -109.618        1.07405       -2.08294       0.982109E+09    2.73445       0.273445        35.6100       0.938547E+09   0.387444E+08   0.481826E+07   0.546065E+09    76.4521        124.521       -5.34195               0           1        3855
          14    11.4887        8.68662        10.2319       -100.353        46.6502       -35.1841       0.335942E+09    2.00365       0.200365        25.9600       0.311020E+09   0.239618E+08    959787.       0.144064E+09    24.2570        5.69989        29.2745               0           1        3734
          15    10.5496        8.55223        10.6345       -21.2756        98.1012       -16.0241       0.381154E+09    2.08992       0.208992        28.8500       0.354917E+09   0.254682E+08    769283.       0.156690E+09   -96.6599       -11.6032        81.1143               0           1        3698
          16    11.2037        8.87002        9.81889       -30.1071        27.7982        23.4453       0.305327E+09    1.93992       0.193992        25.3000       0.290069E+09   0.146877E+08    569893.       0.167502E+09   -12.4362        29.3131       -23.8978               0           1        3585
          17    11.1804        8.73053        10.1335       -21.5498        43.1749       -31.5749       0.377781E+09    2.08811       0.208811        26.6400       0.357577E+09   0.188990E+08   0.130495E+07   0.135301E+09   -15.4413        11.3534        16.6091               0           1        3454
          18    11.8973        9.61393        9.96970       -64.6654        9.16953       0.931296E-01   0.875696E+09    2.26592       0.226592        29.7300       0.839778E+09   0.312740E+08   0.464368E+07   0.539046E+09    76.8667        125.094       -4.48060               0           1        3447
          19    10.5363        8.43832        10.6617       -21.3559        84.5976       -37.9327       0.308995E+09    1.92254       0.192254        24.5900       0.280259E+09   0.281144E+08    621460.       0.111171E+09   -98.3749       -26.2694        84.6176               0           1        3215
          20    11.5106        9.43468        10.4171       -85.0102        41.1437       -27.4213       0.355681E+09    2.06314       0.206314        26.4600       0.342363E+09   0.123880E+08    930351.       0.224020E+09    27.0703        102.015        53.1273               0           1        3141
          21    10.5471        8.58572        10.6326       -30.4709        64.8680       -10.9978       0.251465E+09    1.79559       0.179559        22.8700       0.239355E+09   0.117984E+08    311303.       0.384423E+08   -96.9817       -7.29127        80.8683               0           1        3119
          22    11.0527        9.92258        9.75381       -64.9075       -1.90850       -27.7474       0.300723E+09    1.89820       0.189820        25.8000       0.268786E+09   0.309571E+08    980095.       0.551612E+08   -31.8843        164.833       -32.2770               0           1        2889
          23    11.3803        9.55622        10.1724       -64.2225        5.36904       -4.42548       0.185275E+09    1.64134       0.164134        20.8100       0.176502E+09   0.822116E+07    551618.       0.104762E+09    10.2912        117.663        21.6124               0           1        2820
          24    10.8294        9.92278        10.0357       -58.5928        9.34839       -3.29344       0.285267E+09    1.89666       0.189666        24.0400       0.271114E+09   0.137495E+08    403935.       0.146254E+09   -60.6323        164.859        4.01322               0           1        2779
          25    10.6190        9.93636        10.0227       -49.0944        15.6103        4.17410       0.221595E+09    1.74949       0.174949        22.3700       0.208261E+09   0.130390E+08    294940.       0.613279E+08   -87.7180        166.607        2.33815               0           1        2759
          26    11.2950        9.33687        10.1885       -49.1939        33.4713       -12.1278       0.248648E+09    1.80795       0.180795        23.0500       0.234284E+09   0.140403E+08    324478.       0.851916E+08  -0.686252        89.4214        23.6892               0           1        2723
          27    11.3613        8.21520        9.76266       -31.6002        60.0584        1.16912       0.108780E+10    2.89939       0.289939        36.7600       0.100614E+10   0.774922E+08   0.417298E+07   0.298047E+09    7.84877       -54.9968       -31.1376               0           1        2703
          28    11.3592        8.22343        9.81985       -46.2006        45.4209       -48.8835       0.233891E+09    1.73842       0.173842        22.0400       0.213665E+09   0.198018E+08    424387.       0.150584E+09    7.58611       -53.9371       -23.7742               0           1        2671
          29    11.5598        9.55340        10.0155       -96.7879        14.7975        6.85129       0.853452E+09    1.62950       0.162950        22.0200       0.792140E+09   0.555372E+08   0.577438E+07   0.949029E+09    33.4062        117.300        1.41499               0           1        2619
          30    11.2381        9.04696        10.2739       -47.9805        42.8941       -43.2073       0.258852E+09    1.77988       0.177988        23.0100       0.233120E+09   0.253354E+08    397278.       0.883718E+08   -8.00971        52.0947        34.6847               0           1        2536
          31    11.3097        8.56264        9.98053       -61.5590        101.208       -6.18301       0.127894E+09    1.43302       0.143302        18.7300       0.119885E+09   0.764134E+07    367548.       0.822204E+08    1.21285       -10.2629       -3.08620               0           1        2377
          32    11.2689        9.03467        10.1731       -64.0080        29.5587        12.6837       0.215183E+09    1.63954       0.163954        22.0600       0.187809E+09   0.271813E+08    192638.       0.276212E+08   -4.04928        50.5123        21.7077               0           1        2353
          33    11.3878        9.80477        10.3437       -74.5687       -29.9934       -5.47229       0.186971E+09    1.65744       0.165744        21.2200       0.176336E+09   0.103619E+08    273021.       0.918218E+08    11.2633        149.665        43.6781               0           1        2229
          34    11.3729        8.23358        9.75490       -30.6899        33.5191        19.8208       0.227213E+09    1.54915       0.154915        19.7200       0.207762E+09   0.190151E+08    435882.       0.639134E+08    9.34745       -52.6303       -32.1367               0           1        2224
          35    11.2757        9.05728        9.95846       -34.1702        19.0928       -1.66941       0.168148E+09    1.56963       0.156963        19.9200       0.153556E+09   0.142667E+08    324623.       0.182341E+08   -3.16732        53.4234       -5.92778               0           1        2054
          36    11.3513        9.53522        10.4409       -67.7303        28.7876       -33.8244       0.194401E+09    1.69580       0.169580        21.5500       0.191135E+09   0.232217E+07    943629.       0.742854E+08    6.56124        114.959        56.1826               0           1        1940
          37    10.4704        8.52980        9.90861       -19.1219        77.3645        8.75169       0.118693E+09    1.42517       0.142517        18.1300       0.114066E+09   0.447953E+07    147794.       0.529820E+08   -106.855       -14.4911       -12.3461               0           1        1938
          38    11.2802        8.68833        10.0388       -16.1816        37.4283       -20.3918       0.221482E+09    1.62319       0.162319        20.6500       0.209591E+09   0.108266E+08   0.106380E+07   0.101574E+09   -2.58793        5.92005        4.42008               0           1        1930
          39    11.1925        8.84577        10.2684       -56.4052        54.6593       -41.7635       0.135608E+09    1.48014       0.148014        18.7700       0.128947E+09   0.615272E+07    508274.       0.969948E+08   -13.8873        26.1909        33.9766               0           1        1924
          40    10.5473        8.25266        10.5933       -36.5366        109.753       -19.3636       0.150570E+09    1.47963       0.147963        18.7600       0.139506E+09   0.107665E+08    297496.       0.856578E+08   -96.9508       -50.1737        75.8058               0           1        1878
          41    11.4340        9.71735        10.4220       -75.5880       -3.89203       -20.6664       0.185190E+09    1.66825       0.166825        21.7400       0.178581E+09   0.639240E+07    216431.       0.492040E+08    17.2104        138.409        53.7581               0           1        1853
          42    10.9933        7.71489        10.6164       -32.4273        117.378       -45.2073       0.147923E+09    1.52572       0.152572        19.9900       0.140254E+09   0.741590E+07    253159.       0.206547E+08   -39.5271       -119.413        78.7800               0           1        1786
          43    10.9933        8.52133        10.2772       -24.1955        61.4534       -5.54211       0.168985E+09    1.60426       0.160426        20.4200       0.162951E+09   0.585189E+07    182570.       0.607205E+08   -39.5348       -15.5817        35.1044               0           1        1774
          44    11.2388        8.74912        10.0732       -39.6518        31.9518       -22.9160       0.172769E+09    1.60735       0.160735        20.5900       0.163034E+09   0.940533E+07    330105.       0.187312E+08   -7.91830        13.7469        8.84532               0           1        1729
          45    11.0253        8.44597        10.1401       -22.7091        87.6753      -0.672745       0.160907E+09    1.54156       0.154156        20.7200       0.140753E+09   0.193852E+08    768272.       0.156094E+08   -35.4070       -25.2845        17.4563               0           1        1716
          46    10.5677        8.14776        10.6074       -25.2063        125.797       -24.9769       0.108046E+09    1.39504       0.139504        17.7800       0.104588E+09   0.329749E+07    160389.       0.713264E+08   -94.3307       -63.6798        77.6212               0           1        1648
          47    10.9756        8.50110        10.3202       -38.1652        67.6239       -10.8830       0.140066E+09    1.44654       0.144654        18.3500       0.135016E+09   0.417122E+07    878077.       0.542787E+08   -41.8047       -18.1863        40.6511               0           1        1644
          48    10.5507        8.18990        10.6081       -21.4291        124.751       -23.6395       0.172168E+09    1.58173       0.158173        20.9600       0.160374E+09   0.115164E+08    277764.       0.231142E+08   -96.5195       -58.2542        77.7203               0           1        1643
          49    11.3566        9.27477        9.97764       -53.3915        20.2665        22.2455       0.152391E+09    1.54117       0.154117        19.8100       0.142083E+09   0.101556E+08    151673.       0.781513E+08    7.24363        81.4258       -3.45830               0           1        1596
          50    11.2696        8.68992        9.62902       -50.6743        39.3750        18.0573       0.125079E+09    1.42220       0.142220        18.0300       0.116061E+09   0.879287E+07    224987.       0.409379E+08   -3.95657        6.12477       -48.3441               0           1        1515
          51    11.2675        8.67630        10.0321       -69.7196        33.1606       -39.1614       0.139229E+09    1.31263       0.131264        16.7900       0.127534E+09   0.113839E+08    311235.       0.318550E+08   -4.23082        4.37116        3.56001               0           1        1472
          52    11.4582        9.39529        10.0236       -83.6579        23.4490        9.42010       0.166909E+09    1.58186       0.158186        20.2600       0.154388E+09   0.122781E+08    242703.       0.369106E+08    20.3275        96.9431        2.45274               0           1        1437
          53    11.3616        8.21504        9.76474       -39.0388        89.2307       -17.6912       0.402892E+09    1.36478       0.136478        21.3900       0.380773E+09   0.197868E+08   0.233238E+07   0.186946E+09    7.89383       -55.0174       -30.8698               0           1        1411
          54    11.2333        8.81173        9.91961       -41.1854        24.8682       0.771928       0.144986E+09    1.50113       0.150113        19.1300       0.138758E+09   0.596685E+07    261817.       0.195288E+08   -8.63159        21.8081       -10.9298               0           1        1408
          55    11.3458        8.70683        9.67274       -61.3484        36.6421        5.95605       0.147817E+09    1.52302       0.152302        19.6100       0.138093E+09   0.943364E+07    290618.       0.370859E+08    5.86211        8.30198       -42.7150               0           1        1391
          56    10.1558        8.47253        9.59785       -29.2341        87.1409        5.85351       0.155272E+09    1.53203       0.153203        20.7300       0.143414E+09   0.113597E+08    498696.       0.430811E+08   -147.365       -21.8648       -52.3573               0           1        1387
          57    10.9924        7.87608        10.4608       -41.7122        119.646       -38.6605       0.117584E+09    1.39735       0.139735        17.8900       0.107415E+09   0.999451E+07    175324.       0.308562E+08   -39.6443       -98.6594        58.7447               0           1        1377
          58    11.2664        8.13569        9.85576        4.02776        79.9066       -20.4836       0.202863E+09    1.68859       0.168859        21.4100       0.197703E+09   0.420672E+07    953935.       0.933579E+08   -4.36601       -65.2339       -19.1507               0           1        1370
          59    11.2559        8.16535        9.85222        21.3480        63.4635        15.9076       0.269688E+09    1.78477       0.178477        22.6700       0.250412E+09   0.190298E+08    245543.       0.420674E+08   -5.72306       -61.4151       -19.6065               0           1        1353
          61    11.4834        9.46544        10.1242       -94.2245        39.8190       -19.8200       0.144803E+09    1.52134       0.152134        21.9100       0.134767E+09   0.983137E+07    204957.       0.305679E+08    23.5708        105.975        15.4053               0           1        1278
          62    11.1720        8.67356        10.1251       -31.8791        72.3727       -54.7692       0.120812E+09    1.37663       0.137663        17.9100       0.106001E+09   0.146081E+08    203034.       0.268496E+08   -16.5254        4.01837        15.5314               0           1        1273
          63    11.0292        9.78551        10.7238       -53.8999        28.0664       -3.31910       0.118293E+09    1.41345       0.141345        19.6600       0.109493E+09   0.871028E+07    89984.0       0.112488E+08   -34.9023        147.185        92.6157               0           1        1227
          64    10.9531        9.84204        10.6519       -67.8852        13.1919       -4.03907       0.114609E+09    1.40418       0.140418        18.2000       0.106916E+09   0.749996E+07    192943.       0.108227E+08   -44.7081        154.463        83.3507               0           1        1212
          65    11.3154        9.54733        10.2788       -62.4725        30.1815       -37.0470       0.207024E+09    1.65911       0.165911        21.0400       0.183819E+09   0.228945E+08    310521.       0.380646E+08    1.93773        116.519        35.3105               0           1        1149
          66    11.2282        9.60165        10.2954       -50.6742        26.6841       -2.94620       0.418248E+09    2.06571       0.206571        27.3400       0.395987E+09   0.212460E+08   0.101445E+07   0.737241E+08   -9.29080        123.513        37.4516               0           1        1109
          67    10.8244        8.84274        10.5083       -26.5421        43.7391       -12.9067       0.129498E+09    1.47293       0.147293        18.7100       0.124125E+09   0.521224E+07    160505.       0.170931E+08   -61.2812        25.8008        64.8657               0           1        1054
          68    11.3491        9.55163        10.2089       -46.5037        18.9566        11.0944       0.122982E+09    1.40933       0.140933        17.9900       0.111821E+09   0.110926E+08    68310.5       0.930971E+07    6.28314        117.072        26.3171               0           1        1041
          69    10.8910        7.90307        10.5643       -23.1186        119.956       -37.0924       0.175562E+09    1.55186       0.155186        19.8400       0.150730E+09   0.244412E+08    390764.       0.188519E+08   -52.7011       -95.1844        72.0771               0           1        1024
          70    11.2255        9.59951        10.2951       -28.9925       -1.15481       -24.6401       0.375735E+09    1.74718       0.174718        22.6700       0.356081E+09   0.186490E+08   0.100539E+07   0.733541E+08   -9.62942        123.237        37.4168               0           1         993
          71    10.4908        8.73437        10.6785       -26.3587        70.8810       -15.3945       0.135545E+09    1.49173       0.149173        19.3400       0.127783E+09   0.761621E+07    145242.       0.177574E+08   -104.224        11.8478        86.7794               0           1         986
          72    11.3124        9.48788        10.3204       -58.1482        32.1349       -29.5198       0.118380E+09    1.43444       0.143444        19.2100       0.113816E+09   0.436748E+07    195844.       0.145532E+08    1.55533        108.864        40.6743               0           1         911
          73    10.8487        8.85999        10.5282       -57.8436        36.1185       -37.5318       0.223105E+09    1.39118       0.139117        18.0500       0.207347E+09   0.149415E+08    816816.       0.489087E+08   -58.1486        28.0218        67.4214               0           1         818
          74    10.8526        8.85806        10.5269       -60.9494        63.9898       -25.2584       0.248478E+09    1.76494       0.176494        24.1700       0.232538E+09   0.151148E+08    825185.       0.498162E+08   -57.6503        27.7733        67.2566               0           1         768
          76    11.2827        8.44066        10.2106       -70.7638        64.9019       -61.2607       0.149708E+09    1.49122       0.149122        20.9200       0.130111E+09   0.191568E+08    440140.       0.519307E+07   -2.27249       -25.9681        26.5308               0           1         765
          77    11.4733        9.49910        10.0958       -63.3350        31.8671       -18.0905       0.121750E+09    1.41705       0.141705        18.1400       0.114315E+09   0.721553E+07    219065.       0.954097E+07    22.2781        110.309        11.7551               0           1         742
          78    10.5298        8.67786        10.7670       -69.8842        78.3228       -43.9422       0.144669E+09    1.48967       0.148967        21.1500       0.127617E+09   0.167408E+08    310537.       0.598495E+07   -99.2040        4.57201        98.1727               0           1         719
          79    11.3308        9.55380        10.2449       -70.2488        14.2346       -26.6980       0.302776E+09    1.88069       0.188069        24.3000       0.273192E+09   0.290754E+08    508496.       0.433442E+08    3.92181        117.352        30.9560               0           1         648
