#          i      x              y              z              v_x            v_y            v_z            Mvir           Rvir     Rs (Rockstar)       v_max           Mdm           Mgas           Mstars    Avg age of stars     xc             yc             zc      flag DM only  flag outside Rvir  Np bound
# (h^-1 comoving Mpc) (h^-1 comoving Mpc) (h^-1 comoving Mpc) (km/s)         (km/s)         (km/s)         (Msun)         (kpc)         (kpc)           (km/s)         (Msun)         (Msun)         (Msun)         (yrs)          (kpc)          (kpc)          (kpc)
           1    10.9845        8.95909        9.96167       -75.9207        62.2191       -32.8387       0.462978E+11    19.2124        1.92124        94.9200       0.414736E+11   0.419678E+10   0.627497E+09   0.801863E+10    0.00000        0.00000        0.00000               0           0      343023
           2    11.0339        9.59874        10.1892       -87.2070        5.51096       -38.4367       0.209643E+11    14.6770        1.46770        72.6600       0.188218E+11   0.203902E+10   0.103488E+09   0.157871E+10    11.9907        155.544        55.3359               0           1      102766
           3    10.4332        8.84318        10.4950       -26.2896        171.770       -32.6104       0.883920E+10    11.0472        1.10472        56.3900       0.825286E+10   0.514601E+09   0.717440E+08   0.129719E+10   -134.062       -28.1859        129.695               0           1       84379
           4    11.0684        9.61665        10.0684       -180.973       -22.2577        61.6956       0.199870E+11    14.1960        1.41960        72.3900       0.176454E+11   0.217772E+10   0.163822E+09   0.311173E+10    20.3947        159.899        25.9439               0           1       76576
           5    11.0823        9.59460        10.0802       -86.0551       -7.97249        49.5630       0.143976E+11    9.99672       0.999672        49.4000       0.131336E+11   0.110487E+10   0.159157E+09   0.300139E+10    23.7772        154.537        28.8327               0           1       68772
           6    10.8040        8.87208        10.1572       -42.6500        112.114       -57.5094       0.618727E+10    9.71124       0.971124        48.1300       0.567714E+10   0.473417E+09   0.367164E+08   0.608038E+09   -43.9020       -21.1583        47.5447               0           1       58532
           7    10.9537        9.20647        10.0614       -79.0516        32.1642       -53.9754       0.464414E+10    8.81272       0.881272        44.7000       0.435603E+10   0.265334E+09   0.227800E+08   0.921539E+09   -7.49209        60.1556        24.2393               0           1       52006
           8    10.9870        9.09707        9.98930       -64.3617       0.425522        25.1670       0.622241E+10    9.22174       0.922174        45.1700       0.564880E+10   0.539335E+09   0.342819E+08   0.746754E+09   0.586041        33.5527        6.71881               0           1       50883
           9    11.2061        8.48149        9.75289       -33.7109        84.9430       -22.1550       0.789508E+10    10.3077        1.03077        56.2900       0.705584E+10   0.777625E+09   0.616123E+08   0.979925E+09    53.8866       -116.138       -50.7692               0           1       47804
          10    10.7015        9.92791        9.64580       -91.2747        3.74069       -19.7915       0.349231E+10    8.25708       0.825708        44.0100       0.333280E+10   0.143442E+09   0.160593E+08   0.647457E+09   -68.8343        235.589       -76.8103               0           1       39528
          11    11.0363        8.90036        9.75736       -74.0364        66.7401        51.5507       0.363344E+10    7.70922       0.770922        38.0900       0.325142E+10   0.366232E+09   0.157871E+08   0.243051E+09    12.5889       -14.2814       -49.6822               0           1       36189
          12    10.4001        8.94834        10.5215       -39.7592        94.7272       -44.8702       0.282422E+10    7.52344       0.752344        38.9000       0.258288E+10   0.227587E+09   0.137506E+08   0.359773E+09   -142.119       -2.61408        136.137               0           1       31435
          13    10.6062        9.05782        10.4150       -51.0866        39.0036       -30.6275       0.362173E+10    8.20139       0.820139        40.2400       0.336774E+10   0.241905E+09   0.120846E+08   0.196878E+09   -92.0036        24.0082        110.244               0           1       30681
          14    11.4889        9.66183        9.95373       -113.717        8.81523       -5.53943       0.233413E+10    7.20659       0.720659        36.7100       0.224001E+10   0.841942E+08   0.992086E+07   0.433615E+09    122.633        170.886       -1.93077               0           1       26251
          15    10.9771        8.91607        9.94334       -43.4652        205.132       -55.1748       0.561960E+10    6.50066       0.650066        35.0800       0.506860E+10   0.520313E+09   0.306804E+08   0.388780E+09   -1.82135       -10.4612       -4.45732               0           0       25694
          16    10.3283        9.07366        10.6033       -37.8798        97.0753       -35.5992       0.340636E+10    7.71506       0.771505        37.7900       0.289575E+10   0.502260E+09   0.834693E+07   0.149847E+09   -159.586        27.8601        156.016               0           1       24382
          17    11.0260        9.65122        10.2941       -116.635       -44.0312       -46.7348       0.332540E+10    7.60174       0.760174        39.3200       0.290664E+10   0.410326E+09   0.842546E+07   0.150695E+09    10.0721        168.306        80.8348               0           1       22679
          18    11.0178        9.62872        10.2190       -157.975        18.5698       -110.076       0.276249E+10    5.99657       0.599657        31.3200       0.250724E+10   0.245325E+09   0.992866E+07   0.353998E+09    8.08299        162.834        62.5873               0           1       21721
          19    11.0420        9.56690        10.1584       -85.0197        97.2626       -6.90204       0.352488E+10    6.37446       0.637446        33.0200       0.311076E+10   0.397825E+09   0.163034E+08   0.253534E+09    13.9799        147.802        47.8317               0           1       21624
          20    11.0624        9.61721        10.0923       -84.0954        4.53921       -25.9888       0.949211E+10    7.11710       0.711710        37.1900       0.817722E+10   0.119280E+10   0.122088E+09   0.164958E+10    18.9235        160.035        31.7751               0           1       21387
          21    10.5149        9.95875        10.0474       -89.1501        1.92259       -2.91915       0.187551E+10    6.49483       0.649483        32.7900       0.163567E+10   0.235290E+09   0.454920E+07   0.104373E+09   -114.208        243.088        20.8422               0           1       19035
          22    11.0899        8.78078        9.53071       -53.3842        62.0051        16.8820       0.204567E+10    6.40194       0.640194        32.7400       0.181691E+10   0.221116E+09   0.763536E+07   0.949929E+08    25.6253       -43.3598       -104.797               0           1       17000
          23    10.4147        8.88522        10.4775       -18.0891        104.860       -35.9159       0.154921E+10    5.53650       0.553649        28.2900       0.143173E+10   0.109878E+09   0.760537E+07   0.197796E+09   -138.576       -17.9630        125.435               0           1       14705
          24    10.3514        9.29228        10.6624       -78.4433        55.5967       -18.4897       0.105585E+10    5.52118       0.552117        28.7700       0.100173E+10   0.511620E+08   0.295987E+07   0.258786E+09   -153.954        81.0220        170.392               0           1       14572
          25    10.8196        8.48026        10.2513       -42.0467        169.950       -54.7751       0.108349E+10    5.50002       0.550002        27.9800       0.990092E+09   0.900494E+08   0.334832E+07   0.100835E+09   -40.1207       -116.437        70.4368               0           1       13202
          26    10.6323        9.01925        10.3912       -110.684        111.804       -63.5968       0.265974E+10    6.84913       0.684913        33.6900       0.238976E+10   0.264648E+09   0.533865E+07   0.123192E+09   -85.6593        14.6291        104.444               0           1       13178
          27    10.3573        8.94286        9.95551       -32.5671        112.912        15.3762       0.145117E+10    6.15877       0.615877        30.8100       0.136497E+10   0.832941E+08   0.291060E+07   0.110363E+09   -152.541       -3.94666       -1.49793               0           1       12722
          28    10.8757        8.89503        10.0859       -27.2657        111.437       -21.5700       0.874781E+09    4.96894       0.496894        24.3400       0.817416E+09   0.522619E+08   0.510285E+07   0.140734E+09   -26.4643       -15.5775        30.2140               0           1       12679
          29    10.9494        9.44363        10.2320       -46.9909        55.0082       -34.7374       0.101594E+10    5.34998       0.534998        26.4100       0.956089E+09   0.583994E+08   0.144749E+07   0.350359E+08   -8.54745        117.826        65.7412               0           1       11668
          30    10.9585        9.08339        10.0010       -44.7298        49.4134       -94.4368       0.151748E+10    5.05186       0.505186        26.1300       0.133114E+10   0.183242E+09   0.310625E+07   0.879215E+08   -6.34189        30.2261        9.55418               0           1       11263
          31    10.9243        8.87652        10.1038       -55.3810        113.166       -34.4053       0.585993E+09    4.23140       0.423140        20.7400       0.520944E+09   0.627284E+08   0.232056E+07   0.448736E+08   -14.6486       -20.0786        34.5667               0           1       10622
          32    10.7262        8.49690        10.3674       -41.2493        162.782       -54.2672       0.825925E+09    5.09757       0.509757        25.3100       0.799540E+09   0.231989E+08   0.318667E+07   0.101286E+09   -62.8304       -112.391        98.6738               0           1       10602
          33    11.0899        8.83607        9.64539       -31.0803        108.626        13.7741       0.628238E+09    4.34885       0.434885        21.9800       0.550874E+09   0.766370E+08    727582.       0.355199E+08    25.6302       -29.9149       -76.9100               0           1       10411
          34    10.1889        9.25505        10.9065       -78.3741        111.869       -37.9126       0.145641E+10    6.09725       0.609724        30.0000       0.138882E+10   0.623660E+08   0.522191E+07   0.753515E+08   -193.476        71.9688        229.760               0           1       10175
          35    11.0017        8.94006        9.92981       -106.711        63.2252        128.264       0.236218E+10    4.62485       0.462485        24.3400       0.199485E+10   0.342590E+09   0.247423E+08   0.207439E+09    4.17038       -4.62754       -7.74742               0           0       10081
          36    11.0158        9.61194        10.1784       -42.2533        105.420       -54.9060       0.281891E+10    4.85878       0.485878        26.0300       0.245761E+10   0.348835E+09   0.124666E+08   0.109407E+09    7.60881        158.754        52.7072               0           1        9167
          37    10.4046        9.44207        10.1205       -49.8179        55.3502        4.63493       0.901843E+09    5.28725       0.528725        25.9500       0.883510E+09   0.173221E+08   0.101104E+07   0.240913E+08   -141.032        117.447        38.6325               0           1        9122
          38    10.9768        8.95180        9.89404       -36.4177        36.5704       -87.3135       0.951822E+09    4.42496       0.442496        22.8100       0.945534E+09   0.162496E+07   0.466227E+07   0.241012E+09   -1.88457       -1.77271       -16.4456               0           0        8497
          39    10.6245        9.02346        10.3949       -44.2545        95.1163       -21.9448       0.165079E+10    4.53172       0.453172        22.7600       0.151030E+10   0.135642E+09   0.484666E+07   0.120321E+09   -87.5439        15.6529        105.351               0           1        8482
          40    11.0430        9.39050        10.0856       -98.3639        38.2635        11.2772       0.644990E+09    4.53852       0.453852        22.4800       0.579057E+09   0.644488E+08   0.148337E+07   0.756138E+08    14.2085        104.906        30.1313               0           1        8446
          41    10.6091        9.07412        10.7544       -90.8470        112.846       -76.3391       0.108526E+10    5.58172       0.558172        27.7400       0.103424E+10   0.495904E+08   0.142838E+07   0.396126E+08   -91.2936        27.9719        192.776               0           1        8405
          42    11.1021        9.67973        9.79933       -108.947      -0.272954        22.2111       0.551638E+09    4.42034       0.442034        23.3100       0.516122E+09   0.343408E+08   0.117513E+07   0.318671E+08    28.5969        175.239       -39.4763               0           1        8025
          43    11.0421        8.91849        9.78571       -22.6398        26.2921        34.5934       0.727067E+09    4.06264       0.406264        20.5800       0.570827E+09   0.155380E+09    861110.       0.213095E+08    14.0018       -9.87273       -42.7883               0           1        8001
          44    10.9675        8.92510        9.99921       -161.246        58.4001        47.9416       0.879810E+09    4.14167       0.414167        22.2000       0.858736E+09   0.191586E+08   0.191544E+07   0.121745E+09   -4.13633       -8.26537        9.12863               0           0        7896
          45    10.2069        9.04217        10.2815       -30.3230        107.899       -3.78170       0.707031E+09    4.77659       0.477659        23.5900       0.671424E+09   0.346855E+08    921120.       0.268648E+08   -189.097        20.2026        77.7854               0           1        7827
          46    10.6224        9.23481        10.5344       -74.8337        60.7834       -42.2288       0.130526E+10    5.87961       0.587961        31.0800       0.121240E+10   0.908257E+08   0.202576E+07   0.398641E+08   -88.0643        67.0470        139.283               0           1        7656
          47    10.5049        9.96215        9.96810       -72.5841        3.77112        10.5330       0.824958E+09    4.96164       0.496164        24.8200       0.740429E+09   0.834813E+08   0.104837E+07   0.129016E+08   -116.637        243.915        1.56359               0           1        7583
          48    11.0369        9.58242        10.1550       -23.4414       -43.6724       -60.8156       0.121747E+10    3.85862       0.385862        19.9600       0.109419E+10   0.118667E+09   0.461395E+07   0.114867E+09    12.7421        151.576        47.0073               0           1        7529
          49    10.6886        9.89113        10.6820       -100.464        24.1779       -11.5403       0.114446E+10    5.57273       0.557273        27.7300       0.103233E+10   0.110796E+09   0.134087E+07   0.376793E+08   -71.9737        226.645        175.166               0           1        7406
          50    10.3811        10.0015        10.0406       -62.8377        15.3825        1.26597       0.618750E+09    4.64041       0.464041        23.9900       0.594937E+09   0.231453E+08    667497.       0.485743E+08   -146.729        253.476        19.1959               0           1        7400
          51    10.6703        9.92925        9.54995       -87.9294       -37.7563       -6.70040       0.661978E+09    4.48989       0.448989        22.0100       0.634261E+09   0.265152E+08   0.120143E+07   0.481522E+08   -76.4139        235.914       -100.118               0           1        7331
          52    11.1196        8.78420        9.53373       -11.7970        50.9070        25.4042       0.120873E+10    4.90717       0.490717        25.6700       0.111680E+10   0.899825E+08   0.195252E+07   0.167635E+08    32.8280       -42.5281       -104.062               0           1        7319
          53    10.9803        9.19344        10.0225       -103.387        7.37551        5.76409       0.559758E+09    4.09206       0.409206        22.2200       0.493591E+09   0.647464E+08   0.142055E+07   0.517241E+08   -1.04077        56.9870        14.7896               0           1        7309
          54    11.0452        9.54765        10.1089       -109.541        80.3699        27.9589       0.917670E+09    4.76954       0.476954        23.3700       0.786654E+09   0.128890E+09   0.212579E+07   0.438514E+08    14.7507        143.121        35.7972               0           1        7265
          55    11.1275        9.62487        10.7651       -107.099        53.9989       -39.0187       0.541371E+09    4.44515       0.444515        22.0200       0.527096E+09   0.133712E+08    903325.       0.280346E+08    34.7539        161.898        195.375               0           1        7217
          56    10.8257        9.70741        10.2825       -45.1248        16.9487       -10.0378       0.693767E+09    4.69221       0.469221        22.9900       0.651720E+09   0.415655E+08    481815.       0.159447E+08   -38.6277        181.969        78.0164               0           1        7033
          57    10.5045        8.86136        10.4106       -56.3463        130.204       -32.2448       0.845054E+09    4.84030       0.484030        24.9900       0.689298E+09   0.154453E+09   0.130287E+07   0.225045E+08   -116.724       -23.7651        109.176               0           1        7026
          58    10.4940        8.46986        10.6295       -34.3263        173.367       -42.3113       0.664246E+09    4.64187       0.464187        22.7400       0.655795E+09   0.766463E+07    786606.       0.258161E+08   -119.285       -118.966        162.389               0           1        7005
          59    9.80224        9.13752        10.1898       -56.3274        103.476       -2.17801       0.604745E+09    4.52661       0.452661        23.0100       0.580637E+09   0.233980E+08    709569.       0.289377E+08   -287.503        43.3889        55.4672               0           1        6877
          60    10.5162        8.80801        10.3757       -65.4421        156.199       -30.1653       0.572240E+09    4.46217       0.446217        24.4000       0.525350E+09   0.452530E+08   0.163717E+07   0.309606E+08   -113.891       -36.7382        100.678               0           1        6782
          61    10.8129        8.31939        10.4206       -48.5159        162.065       -48.0106       0.626634E+09    4.66303       0.466303        23.0100       0.608738E+09   0.169130E+08    983744.       0.558013E+08   -41.7378       -155.556        111.593               0           1        6756
          62    10.6975        9.25507        10.5003       -84.1105        58.9615       -40.5306       0.622527E+09    4.49986       0.449986        22.1300       0.551705E+09   0.701716E+08    650598.       0.859491E+07   -69.7973        71.9737        130.972               0           1        6654
          63    10.8852        8.56413        10.1551       -54.9766        143.706       -41.6124       0.596948E+09    4.50643       0.450643        22.2400       0.541728E+09   0.543367E+08    883585.       0.233674E+08   -24.1614       -96.0427        47.0462               0           1        6520
          64    10.5178        9.93302        10.1175       -86.6912        6.16579       -9.39870       0.550462E+09    4.26666       0.426666        21.3200       0.469149E+09   0.805231E+08    790564.       0.209595E+08   -113.495        236.831        37.8981               0           1        6233
          65    10.5495        9.93999        10.6638       -78.0155        15.9816        1.28227       0.732555E+09    4.84006       0.484006        25.8300       0.671092E+09   0.605403E+08    923526.       0.184082E+08   -105.796        238.526        170.728               0           1        6035
          66    11.0119        8.74561        9.93249       -122.195        122.005       -39.3080       0.330693E+09    3.67430       0.367430        18.7800       0.315094E+09   0.151263E+08    473333.       0.182869E+08    6.65315       -51.9121       -7.09572               0           1        6015
          67    10.9015        9.46807        10.6233       -113.080        49.1984       -40.6107       0.565560E+09    4.53512       0.453512        23.6600       0.541728E+09   0.231377E+08    693978.       0.155378E+08   -20.2002        123.769        160.879               0           1        6004
          68    10.6041        9.91407        10.6525       -93.8308        17.0456        6.41431       0.452121E+09    4.06434       0.406434        19.9200       0.411285E+09   0.396805E+08   0.115577E+07   0.217275E+08   -92.5143        232.223        167.999               0           1        5988
          69    11.0117        8.92014        10.0027       -169.835        109.438       -120.578       0.650279E+09    4.10982       0.410982        20.7400       0.601338E+09   0.480159E+08    924943.       0.169640E+08    6.60695       -9.47150        9.98702               0           0        5959
          70    10.8655        9.45923        10.6973       -94.0411        64.4164       -53.1780       0.738030E+09    4.79385       0.479385        23.4800       0.668181E+09   0.687430E+08   0.110513E+07   0.156458E+08   -28.9397        121.619        178.888               0           1        5844
          71    10.8311        9.20354        10.1075       -19.9462        45.5900       -7.40626       0.609555E+09    4.58667       0.458667        23.0700       0.576646E+09   0.326026E+08    306058.       0.938747E+07   -37.3072        59.4431        35.4616               0           1        5756
          72    10.5049        8.69039        10.4996       -53.8411        171.057       -43.3831       0.513234E+09    3.99674       0.399674        19.5900       0.410786E+09   0.101679E+09    769175.       0.414318E+07   -116.627       -65.3400        130.809               0           1        5742
          73    10.9766        9.77846        9.72699       -89.7709       -15.0460        3.24703       0.588138E+09    4.47360       0.447360        21.9200       0.535576E+09   0.521558E+08    406407.       0.128550E+08   -1.93807        199.247       -57.0673               0           1        5672
          74    11.0622        9.59659        10.1166       -108.065        48.6757       -34.6962       0.813631E+09    3.60986       0.360986        20.6800       0.664774E+09   0.144423E+09   0.443401E+07   0.682047E+08    18.8725        155.021        37.6866               0           1        5636
          75    11.0310        9.45399        10.0363       -130.358        54.0743        39.9189       0.402705E+09    3.98483       0.398483        20.0900       0.388255E+09   0.134926E+08    956897.       0.238159E+08    11.2928        120.345        18.1503               0           1        5629
          76    10.8914        8.86837        10.0960       -52.3973        137.309       -38.8700       0.604534E+09    3.96027       0.396027        19.4100       0.516787E+09   0.866385E+08   0.110879E+07   0.295843E+08   -22.6611       -22.0604        32.6578               0           1        5618
          77    11.0576        8.64663        9.99092       -112.639        126.502       -85.9425       0.691027E+09    4.64017       0.464017        22.9700       0.634095E+09   0.566232E+08    309014.       0.122887E+08    17.7733       -75.9811        7.11274               0           1        5536
          78    9.98554        9.04161        9.90536       -54.5272        121.121        6.07764       0.114566E+10    5.60191       0.560191        27.4400       0.108894E+10   0.522750E+08   0.444464E+07   0.561553E+08   -242.930        20.0664       -13.6929               0           1        5514
          79    10.5001        8.68896        10.4753       -44.9139        173.394       -31.6218       0.824283E+09    4.68856       0.468856        22.9900       0.623702E+09   0.199375E+09   0.120572E+07   0.104941E+08   -117.794       -65.6877        124.900               0           1        5505
          80    10.8306        9.25750        10.3367       -62.6735        59.9270       -34.2752       0.469327E+09    4.22192       0.422192        20.8700       0.443792E+09   0.249038E+08    631447.       0.296121E+08   -37.4240        72.5646        91.1987               0           1        5490
          81    10.1914        9.34273        10.7276       -71.9780        68.9069      -0.497076       0.432291E+09    4.09766       0.409766        20.7100       0.415940E+09   0.155590E+08    792082.       0.475315E+08   -192.881        93.2900        186.247               0           1        5436
          82    9.97620        8.94024        9.65124       -49.3707        125.377        17.3664       0.567354E+09    4.48089       0.448089        23.0300       0.539234E+09   0.267626E+08   0.135681E+07   0.718916E+08   -245.201       -4.58377       -75.4875               0           1        5321
          83    10.4710        9.95414        10.4996       -93.7949       -16.4979      -0.826810       0.515256E+09    4.33207       0.433207        21.7600       0.484031E+09   0.309054E+08    319582.       0.109341E+08   -124.868        241.967        130.814               0           1        5246
          84    10.9849        8.92836        9.72913        8.42468        53.0065        56.1467       0.365349E+09    3.75625       0.375625        18.5200       0.344442E+09   0.205804E+08    327542.       0.113518E+08   0.948366E-01   -7.47263       -56.5469               0           1        5153
          85    11.0114        9.11953        10.0041       -89.7687        14.1976        30.1574       0.656655E+09    3.90531       0.390531        20.5400       0.647729E+09   0.744892E+07   0.147682E+07   0.451219E+08    6.52670        39.0143        10.3226               0           1        5119
          86    10.6768        8.90585        10.1898       -8.39603        130.527        13.9887       0.431466E+09    4.05778       0.405778        19.8800       0.411950E+09   0.190595E+08    457046.       0.134873E+08   -74.8333       -12.9464        55.4818               0           1        5076
          87    10.8979        8.62176        10.9755       -106.852        118.880       -78.7553       0.460378E+09    4.21316       0.421316        20.8800       0.448530E+09   0.113369E+08    510957.       0.168461E+08   -21.0780       -82.0288        246.529               0           1        5060
          88    10.2879        9.11224        10.6700       -42.8796        83.9284       -33.5388       0.281888E+09    3.39271       0.339271        16.6400       0.253239E+09   0.284188E+08    230146.       0.232681E+07   -169.400        37.2416        172.238               0           1        5059
          89    11.0069        9.34141        10.0577       -80.1483        43.9220        16.9999       0.398129E+09    3.92452       0.392452        20.6500       0.369050E+09   0.281917E+08    887246.       0.320745E+08    5.43730        92.9690        23.3420               0           1        5025
          90    10.8828        9.42829        10.5279       -98.6819        50.8340       -40.6824       0.311409E+09    3.64561       0.364560        17.8700       0.295224E+09   0.158722E+08    313162.       0.185324E+08   -24.7353        114.096        137.693               0           1        4941
          91    10.9644        9.36754        10.0811       -82.8419        50.4846       -39.1784       0.312807E+09    3.62032       0.362031        18.0500       0.293727E+09   0.186307E+08    448762.       0.254661E+08   -4.89259        99.3231        29.0419               0           1        4833
          93    10.7096        9.13236        10.5263       -106.497        85.1128       -68.0189       0.395119E+09    3.94252       0.394252        19.5800       0.381521E+09   0.132912E+08    306958.       0.169641E+08   -66.8646        42.1342        137.299               0           1        4791
          94    10.9719        8.69959        10.0800       -51.5853        149.207       -47.6588       0.376880E+09    3.92185       0.392185        19.9100       0.361568E+09   0.148860E+08    425949.       0.138331E+08   -3.07611       -63.1028        28.7695               0           1        4782
          95    10.6223        8.78239        9.34898       -16.0166        93.3090        9.46495       0.439834E+09    4.14678       0.414678        20.3700       0.425085E+09   0.140622E+08    686217.       0.221813E+08   -88.0886       -42.9683       -148.988               0           1        4693
          96    10.9397        8.54235        10.6626       -95.5697        127.258       -66.7950       0.515868E+09    4.38922       0.438922        22.6700       0.498081E+09   0.171258E+08    661422.       0.143168E+08   -10.9013       -101.339        170.458               0           1        4687
          97    10.7671        9.04657        10.6620       -99.0822        99.2879       -78.3097       0.563276E+09    4.50618       0.450618        22.5900       0.541229E+09   0.218060E+08    240904.       0.119949E+08   -52.8848        21.2726        170.292               0           1        4464
          98    11.0511        9.61577        10.1156       -108.043        31.5654       -52.0976       0.732886E+09    3.50092       0.350092        18.7700       0.636174E+09   0.942654E+08   0.244688E+07   0.246964E+08    16.1757        159.685        37.4410               0           1        4393
          99    11.0191        8.86628        9.69299       -99.4677        57.9538        44.6577       0.198669E+09    3.06346       0.306346        15.3300       0.195624E+09   0.293094E+07    113567.       0.405813E+07    8.39668       -22.5687       -65.3351               0           1        4262
         100    10.3105        8.97708        10.3269       -18.2121        88.8986       -1.15019       0.450487E+09    4.13267       0.413267        21.3500       0.423838E+09   0.263563E+08    292101.       0.742727E+07   -163.909        4.37464        88.8011               0           1        4223
         101    10.6348        8.99799        10.3359       -23.0197        64.4161        25.8258       0.659377E+09    4.31651       0.431651        21.1800       0.586623E+09   0.726493E+08    104567.       0.116544E+07   -85.0538        9.45934        91.0066               0           1        4198
         102    10.8623        8.50630        10.1654       -45.8845        154.063       -40.4745       0.272725E+09    3.50189       0.350189        19.3500       0.256398E+09   0.157619E+08    565187.       0.188645E+08   -29.7349       -110.105        49.5314               0           1        4066
         103    11.0419        9.38093        10.0597       -94.4871        59.6848        8.00663       0.392298E+09    3.63490       0.363491        17.8500       0.363397E+09   0.280862E+08    814685.       0.191171E+08    13.9531        102.579        23.8405               0           1        3910
         104    10.9046        8.45683        10.1893       -42.5704        166.067       -28.4288       0.548258E+09    4.28514       0.428514        21.0000       0.502903E+09   0.446737E+08    681774.       0.187397E+08   -19.4342       -122.135        55.3529               0           1        3878
         105    11.1513        9.13260        10.8564       -118.480        111.394       -58.9888       0.342958E+09    3.87807       0.387808        19.2900       0.338622E+09   0.400870E+07    327841.       0.948486E+07    40.5487        42.1925        217.584               0           1        3810
         106    11.0782        9.57976        10.0636       -84.6903       -63.4040        27.4040       0.366254E+09    2.70794       0.270794        16.5100       0.353504E+09   0.124288E+08    321692.       0.151112E+08    22.7632        150.929        24.7791               0           1        3793
         107    9.99344        9.02898        9.89675       -25.9664        136.342        21.2093       0.797836E+09    4.22386       0.422386        20.9400       0.769112E+09   0.246487E+08   0.407529E+07   0.476829E+08   -241.009        16.9952       -15.7866               0           1        3793
         108    10.7623        9.72417        9.63741       -60.4994        54.0188        5.67092       0.236508E+09    3.36255       0.336255        16.5000       0.233785E+09   0.249699E+07    226768.       0.157760E+08   -54.0471        186.045       -78.8505               0           1        3764
         109    10.8333        8.89020        10.1351       -66.0325        171.115       -32.1163       0.520980E+09    3.57265       0.357265        18.5700       0.438720E+09   0.810173E+08   0.124286E+07   0.249650E+08   -36.7869       -16.7520        42.1755               0           1        3747
         110    10.6247        9.04337        10.5471       -48.0264        95.9514       -61.6855       0.901584E+09    5.01417       0.501417        24.5800       0.846931E+09   0.540322E+08    620696.       0.214824E+08   -87.5074        20.4944        142.357               0           1        3699
         111    10.3666        8.98786        10.3256       -26.7888        99.9015       0.808727       0.466667E+09    4.13316       0.413316        20.7700       0.421012E+09   0.453984E+08    257036.       0.583123E+07   -150.272        6.99602        88.4995               0           1        3663
         112    11.0444        8.91587        9.82680       -63.9844        37.2881        44.4226       0.266120E+09    3.17386       0.317385        16.9200       0.235115E+09   0.306911E+08    313992.       0.984450E+07    14.5465       -10.5098       -32.7964               0           1        3647
         113    10.9519        8.92444        9.70015        12.5483        84.7559        43.7573       0.281220E+09    3.51916       0.351916        17.8300       0.268370E+09   0.126973E+08    152517.       0.206686E+07   -7.92980       -8.42586       -63.5940               0           1        3476
         114    10.8853        8.64364        10.7336       -89.1024        122.806       -59.4983       0.281790E+09    3.57168       0.357168        18.2100       0.266125E+09   0.155855E+08    78897.0       0.266603E+07   -24.1396       -76.7082        187.701               0           1        3476
         115    11.0906        8.61456        9.95076       -98.9236        126.957       -59.8946       0.222874E+09    3.26358       0.326358        16.0100       0.211005E+09   0.115695E+08    300118.       0.885447E+07    25.7858       -83.7796       -2.65299               0           1        3433
         116    11.1073        9.72314        9.76091       -104.569        3.43083        26.9388       0.251200E+09    3.36061       0.336061        16.9400       0.239771E+09   0.111956E+08    233639.       0.817925E+07    29.8516        185.795       -48.8189               0           1        3412
         117    11.0366        8.91850        9.76378        13.6706        19.2314        57.4774       0.685386E+09    3.52913       0.352913        18.9600       0.610236E+09   0.734857E+08   0.166509E+07   0.241494E+08    12.6473       -9.87030       -48.1210               0           1        3386
         118    10.9979        9.61352        10.1971       -55.0175        4.26185       -15.8979       0.445028E+09    3.15537       0.315537        15.4600       0.443958E+09    276144.        794032.       0.905957E+08    3.25849        159.138        57.2375               0           1        3359
         119    10.7927        9.85963        9.63661       -111.676       -5.38151      -0.809478       0.299535E+09    3.58749       0.358749        17.6500       0.276268E+09   0.230722E+08    194826.       0.933708E+07   -46.6523        218.985       -79.0451               0           1        3328
         120    10.4851        9.99122        9.54339       -65.9313        5.19447       -9.31579       0.260509E+09    3.45155       0.345155        16.9800       0.249747E+09   0.106315E+08    130450.       0.748984E+07   -121.461        250.984       -101.713               0           1        3324
         121    10.5126        9.91264        10.1464       -108.909       -26.0831       -15.0302       0.233399E+09    3.13470       0.313470        15.4300       0.226053E+09   0.725223E+07    93740.9       0.774412E+07   -114.774        231.875        44.9209               0           1        3307
         122    11.1096        8.29277        10.8116       -83.9308        128.509       -68.4398       0.311375E+09    3.67260       0.367260        17.9900       0.297884E+09   0.134617E+08    28914.2       0.107430E+07    30.4109       -162.029        206.678               0           1        3306
         123    10.6612        9.87658        10.6520       -106.829        36.4271      -0.569380E-01   0.331308E+09    3.60718       0.360718        18.3900       0.301127E+09   0.300273E+08    153706.       0.743192E+07   -78.6341        223.107        167.858               0           1        3300
         124    10.9294        10.0688        10.5647       -108.163       -19.3193        4.35343       0.268328E+09    3.54469       0.354469        17.5500       0.263714E+09   0.435575E+07    257960.       0.496574E+07   -13.3987        269.846        146.644               0           1        3298
         125    10.3550        9.50856        10.0258       -48.9401        59.8019        17.2492       0.225442E+09    3.35453       0.335453        17.3800       0.224141E+09   0.110681E+07    194166.       0.153053E+08   -153.091        133.615        15.5897               0           1        3289
         126    11.0523        9.56801        10.6876       -111.527        66.0191       -31.5277       0.266087E+09    3.51283       0.351283        17.2200       0.262634E+09   0.328363E+07    169749.       0.493542E+07    16.4748        148.071        176.527               0           1        3270
         127    10.6858        9.88694        10.6888       -110.434        47.1232       -48.1939       0.583378E+09    3.11306       0.311306        15.8100       0.536574E+09   0.455135E+08   0.129092E+07   0.345284E+08   -72.6375        225.626        176.812               0           1        3236
         128    11.0571        9.74008        9.70200       -96.5644       -3.52418        19.7342       0.193037E+09    3.01750       0.301750        14.8000       0.168771E+09   0.241886E+08    77631.0        740277.        17.6420        189.914       -63.1441               0           1        3233
         129    10.7473        8.55526        10.3171       -46.1896        148.991       -38.6670       0.352442E+09    3.84087       0.384087        20.8100       0.331721E+09   0.202434E+08    476922.       0.111922E+08   -57.6947       -98.1996        86.4350               0           1        3221
         130    10.6340        9.04665        10.5439       -82.6592        112.358       -89.8377       0.570494E+09    3.75017       0.375017        18.8800       0.535244E+09   0.346468E+08    603533.       0.206382E+08   -85.2435        21.2920        141.591               0           1        3213
         131    11.0852        9.07357        10.6969       -124.363        109.177       -69.6329       0.261548E+09    3.48609       0.348609        17.0800       0.253987E+09   0.731122E+07    249553.       0.152469E+08    24.4630        27.8382        178.777               0           1        3194
         132    11.3075        9.19623        10.5130       -124.974        65.2585       -49.2311       0.333323E+09    3.78883       0.378883        18.8300       0.321412E+09   0.118138E+08    96984.4       0.426216E+07    78.5320        57.6655        134.067               0           1        3154
         133    11.0044        9.56904        10.1887       -75.2686       -57.1931       -84.4311       0.319973E+09    3.02820       0.302820        15.9200       0.307445E+09   0.124113E+08    116716.       0.685868E+07    4.82937        148.322        55.2022               0           1        3123
         134    10.0683        9.01614        10.0222       -35.2272        114.051       -11.8393       0.277658E+09    3.53983       0.353983        18.0600       0.263465E+09   0.140467E+08    145980.       0.119057E+08   -222.815        13.8729        14.7118               0           1        3114
         135    11.0888        9.09917        10.6643       -117.346        89.4534       -58.4540       0.317219E+09    3.71710       0.371710        18.5500       0.303288E+09   0.138925E+08    38811.7       0.197853E+07    25.3578        34.0633        170.852               0           1        3058
         136    10.9956        8.80106        9.95650       -98.7128        155.731       -52.3435       0.162764E+09    2.80448       0.280448        14.7100       0.137095E+09   0.250747E+08    594605.       0.172284E+08    2.69919       -38.4283       -1.25719               0           1        3055
         137    10.6192        9.03432        10.3644       -58.6631        108.521       -4.32217       0.356577E+09    3.24316       0.324316        16.3800       0.307694E+09   0.483979E+08    484755.       0.174837E+07   -88.8375        18.2937        97.9297               0           1        3041
         138    10.6174        9.88696        10.6520       -101.651        35.4894       -2.14550       0.240220E+09    3.27696       0.327696        16.5300       0.226136E+09   0.139527E+08    130985.       0.115299E+08   -89.2679        225.631        167.880               0           1        3036
         139    10.7775        9.15550        9.72271       -31.7323        47.8253        36.5660       0.244455E+09    3.39003       0.339003        17.0300       0.232787E+09   0.116157E+08    52191.6       0.408884E+07   -50.3533        47.7611       -58.1081               0           1        3033
         140    11.2069        8.45611        9.99066       -82.1005        103.087       -89.0008       0.464129E+09    4.17717       0.417717        21.0000       0.449113E+09   0.140036E+08   0.101263E+07   0.161797E+08    54.0666       -122.310        7.04952               0           1        3028
         141    11.0254        9.12666        9.95038       -163.404        25.9862        14.5521       0.253479E+09    3.31854       0.331854        16.3300       0.237193E+09   0.162181E+08    67781.6       0.228114E+07    9.94325        40.7481       -2.74540               0           1        2989
         142    10.4227        8.92260        10.4936       -73.9541        97.2801       -10.1044       0.231646E+09    3.02041       0.302041        15.4100       0.199947E+09   0.314273E+08    271060.       0.150571E+08   -136.635       -8.87330        129.338               0           1        2985
         143    10.8085        9.36031        10.5708       -101.350        68.0921       -54.6411       0.179441E+09    3.09531       0.309531        15.1900       0.178082E+09   0.101711E+07    342114.       0.128286E+08   -42.8175        97.5649        148.118               0           1        2979
         144    10.9151        8.45892        10.1990       -17.3255        174.791       -51.0660       0.305913E+09    3.17969       0.317969        15.7300       0.282088E+09   0.237380E+08    87548.0       0.229932E+07   -16.8785       -121.627        57.7068               0           1        2975
         145    10.8592        8.81902        9.50460       -1.37586        91.8853        26.8518       0.189236E+09    3.12303       0.312303        15.3100       0.182821E+09   0.632034E+07    94633.2       0.581499E+07   -30.4790       -34.0609       -111.146               0           1        2962
         146    10.9554        8.10962        10.5990       -74.4156        138.440       -57.0396       0.194715E+09    3.17823       0.317823        16.2600       0.190553E+09   0.396238E+07    200249.       0.927896E+07   -7.08356       -206.566        154.975               0           1        2952
         147    10.7593        8.27805        10.9352       -84.2564        135.289       -54.6742       0.291240E+09    3.65630       0.365630        18.4100       0.286827E+09   0.432723E+07    85823.2       0.419374E+07   -54.7669       -165.609        236.731               0           1        2945
         148    10.5541        8.91273        9.79361       -17.6773        105.963        27.9099       0.218732E+09    3.30200       0.330201        16.4100       0.215910E+09   0.246970E+07    352519.       0.876691E+07   -104.666       -11.2734       -40.8673               0           1        2942
         149    10.3577        8.64000        10.8901       -50.4059        131.241       -39.5882       0.373352E+09    3.91577       0.391577        19.6100       0.359905E+09   0.128477E+08    599329.       0.102960E+08   -152.436       -77.5933        225.767               0           1        2935
         150    10.5744        8.89014        10.3960       -44.7460        131.823       -7.00914       0.237315E+09    3.28790       0.328790        16.1800       0.227965E+09   0.932720E+07    22530.0        521732.       -99.7291       -16.7666        105.626               0           1        2924
         151    10.5004        8.73401        10.5141       -16.7598        179.844       -35.5596       0.242953E+09    3.20498       0.320498        15.7000       0.204437E+09   0.384957E+08    20128.8        827186.       -117.721       -54.7329        134.325               0           1        2905
         152    10.9901        9.56770        10.1349       -102.138        116.839       -31.0027       0.197427E+09    2.89226       0.289226        14.1800       0.197121E+09    261575.        44627.2       0.314639E+07    1.35932        147.996        42.1245               0           1        2901
         153    11.1128        8.79204        9.55119       -124.804        56.8330       -7.84932       0.240930E+09    2.84241       0.284241        14.5300       0.224806E+09   0.159522E+08    172144.       0.123475E+08    31.1745       -40.6217       -99.8167               0           1        2889
         154    10.6381        8.88475        10.1681       -8.61592        120.945        31.7569       0.256628E+09    3.45301       0.345301        17.4800       0.242265E+09   0.142713E+08    92117.0       0.529365E+07   -84.2562       -18.0773        50.1953               0           1        2878
         155    10.8182        8.17101        10.7070       -60.5193        150.342       -52.5158       0.247485E+09    3.40268       0.340268        16.6900       0.235697E+09   0.117878E+08    0.00000        0.00000       -40.4514       -191.638        181.238               1           1        2849
         156    10.4859        9.95738        9.59181       -77.7425       0.722028       -15.3417       0.195051E+09    3.13397       0.313397        16.7800       0.185232E+09   0.958447E+07    234057.       0.666930E+07   -121.247        242.755       -89.9391               0           1        2846
         157    10.9485        10.0915        10.5780       -101.421       -26.5267        11.9192       0.287332E+09    3.60986       0.360986        17.8500       0.277183E+09   0.100773E+08    71725.5       0.200177E+07   -8.76630        275.369        149.866               0           1        2810
         158    10.4097        8.59659        10.7170       -53.4621        150.583       -42.6384       0.550306E+09    4.40065       0.440065        21.6300       0.514376E+09   0.357826E+08    147702.       0.168745E+07   -139.784       -88.1494        183.672               0           1        2776
         159    10.7883        8.90535        10.1680       -6.86401        108.917       -94.4969       0.273224E+09    2.92436       0.292436        15.0000       0.267123E+09   0.562642E+07    474605.       0.103028E+08   -47.7101       -13.0680        50.1734               0           1        2765
         160    10.7153        9.73128        10.3015       -55.0929        30.5497       -6.01981       0.168405E+09    3.02698       0.302698        15.1400       0.165528E+09   0.277512E+07    101907.       0.390432E+07   -65.4810        187.774        82.6318               0           1        2690
         161    10.8070        9.30112        10.4417       -77.6087        42.5736       -39.2150       0.163774E+09    2.95354       0.295354        14.8100       0.153556E+09   0.100475E+08    170247.       0.343148E+07   -43.1652        83.1717        116.734               0           1        2677
         162    10.6514        9.06264        10.9130       -93.0138        119.170       -56.5681       0.253590E+09    3.47320       0.347320        17.3900       0.245673E+09   0.776946E+07    147374.       0.269643E+07   -81.0196        25.1803        231.338               0           1        2672
         163    10.1999        9.24350        10.7382       -48.1988        98.5192       -11.8836       0.176192E+09    2.98515       0.298515        14.8700       0.166110E+09   0.999784E+07    84182.3       0.195289E+07   -190.801        69.1602        188.827               0           1        2610
         164    10.8538        8.67731        10.7663       -101.546        110.656       -75.6941       0.190561E+09    3.15002       0.315002        15.4400       0.186728E+09   0.368143E+07    150709.       0.149986E+08   -31.7970       -68.5206        195.658               0           1        2585
         165    11.1923        8.78166        10.4572       -94.3240        104.642       -79.5723       0.316613E+09    3.73387       0.373388        18.6600       0.309607E+09   0.693879E+07    67602.6       0.401794E+07    50.5163       -43.1458        120.506               0           1        2581
         166    10.3100        9.00001        10.2922       -26.9384        119.646        18.6584       0.186701E+09    3.08242       0.308242        15.7600       0.175172E+09   0.114252E+08    103703.       0.565748E+07   -164.043        9.95054        80.3703               0           1        2571
         167    11.0253        8.81317        9.52349        12.2646        99.4714        15.7162       0.139676E+09    2.76922       0.276922        14.3200       0.133271E+09   0.639124E+07    14012.2        171354.        9.91893       -35.4835       -106.553               0           1        2562
         168    10.7202        9.20169        10.5284       -104.635        90.3172       -59.9780       0.171127E+09    3.00242       0.300242        14.7100       0.167025E+09   0.399755E+07    104885.       0.540511E+07   -64.2846        58.9932        137.819               0           1        2546
         169    11.0084        8.37484        10.0605       -19.4755        145.959       -47.6084       0.254607E+09    3.39392       0.339392        16.6400       0.248500E+09   0.562972E+07    476793.       0.740139E+07    5.81178       -142.072        24.0277               0           1        2538
         170    11.0603        8.81680        9.91520       -73.0830        133.559        11.7443       0.189278E+09    2.97178       0.297178        14.8300       0.165113E+09   0.239603E+08    205165.       0.648872E+07    18.4202       -34.6008       -11.3001               0           1        2489
         171    10.5804        8.22178        10.9489       -73.9772        149.876       -64.5805       0.199945E+09    3.22322       0.322322        15.9600       0.196871E+09   0.298248E+07    91380.2       0.139173E+07   -98.2701       -179.292        240.063               0           1        2484
         172    10.6151        9.05701        10.4133       -71.9497        110.283       -38.9404       0.778968E+09    2.47985       0.247985        13.0300       0.713662E+09   0.570316E+08   0.827527E+07   0.111054E+09   -89.8394        23.8113        109.835               0           1        2473
         173    10.6198        8.89711        10.2926       -25.6350        133.807       -2.54682       0.137776E+09    2.66028       0.266028        13.0300       0.128116E+09   0.963117E+07    28980.3        747064.       -88.6965       -15.0717        80.4676               0           1        2455
         174    11.2234        8.57650        9.76287       -17.7311        90.4289       -62.0359       0.155429E+09    2.79670       0.279670        14.2300       0.144328E+09   0.110338E+08    66954.6       0.113789E+07    58.0764       -93.0347       -48.3423               0           1        2417
         175    10.1574        9.22801        9.70943       -62.5271        87.2751        35.4746       0.343737E+09    3.85741       0.385741        19.3300       0.338539E+09   0.506187E+07    136010.       0.236590E+07   -201.131        65.3935       -61.3374               0           1        2415
         176    10.5948        9.03976        10.3569       -21.6622        40.6094        20.6211       0.126630E+09    2.62843       0.262842        12.9500       0.123959E+09   0.262609E+07    44950.8       0.127552E+07   -94.7806        19.6166        96.0986               0           1        2411
         177    10.2989        9.62544        9.92907       -50.6245        58.1800        13.9592       0.194191E+09    3.18188       0.318188        15.6300       0.193463E+09    571044.        157716.       0.451979E+07   -166.725        162.037       -7.92736               0           1        2411
         178    11.2018        9.10772        10.4615       -120.771        85.3098       -54.7593       0.181514E+09    3.12887       0.312887        15.4400       0.180992E+09    376586.        145773.       0.535369E+07    52.8240        36.1425        121.539               0           1        2395
         179    10.6622        9.04717        10.6144       -88.6375        121.836       -85.5771       0.122700E+09    2.70989       0.270989        14.7100       0.121465E+09    868863.        366003.       0.187090E+08   -78.3982        21.4185        158.715               0           1        2393
         180    10.3605        8.62489        10.9281       -49.9524        141.353       -54.9761       0.302191E+09    3.61108       0.361107        17.8900       0.297302E+09   0.463703E+07    251521.       0.865107E+07   -151.746       -81.2676        235.000               0           1        2377
         181    11.1480        9.36709        9.29910       -70.8541        35.6338       -10.1021       0.149398E+09    2.88059       0.288059        14.1100       0.145741E+09   0.365665E+07    0.00000        0.00000        39.7438        99.2136       -161.118               1           1        2349
         182    10.9412        8.71910        10.0579       -47.1654        139.095       -51.5695       0.181001E+09    3.06735       0.306735        15.0800       0.172512E+09   0.825755E+07    232035.       0.311211E+07   -10.5317       -58.3585        23.3979               0           1        2338
         183    10.8216        9.84947        10.0329       -97.8321       -38.9163       -3.83125       0.139788E+09    2.86308       0.286308        14.3200       0.139173E+09    533390.        81391.2       0.418006E+07   -39.6344        216.514        17.3186               0           1        2314
         184    10.9471        9.04165        9.96688       -134.819        6.47136        4.58577       0.197060E+09    2.89129       0.289129        14.7700       0.192132E+09   0.477116E+07    156721.       0.125094E+08   -9.10188        20.0762        1.26692               0           1        2312
         185    11.0056        9.51650        10.1234       -73.0791        92.3289       -36.6068       0.163637E+09    2.88910       0.288910        14.8300       0.146240E+09   0.171119E+08    285392.       0.301922E+07    5.12117        135.546        39.3231               0           1        2296
         186    11.1292        9.66470        9.90537       -114.568        4.59885        39.7133       0.145575E+09    2.74855       0.274855        13.4700       0.132522E+09   0.129096E+08    143349.       0.253120E+07    35.1746        171.584       -13.6905               0           1        2293
         187    10.4412        8.86795        10.3947        4.45581        159.898        33.7195       0.162805E+09    2.95160       0.295160        15.0400       0.155136E+09   0.762384E+07    45378.5       0.378359E+07   -132.139       -22.1626        105.307               0           1        2287
         188    11.0014        8.92130        9.94198        41.8116        28.7268       -27.7727       0.413397E+09    2.57177       0.257177        15.0300       0.381854E+09   0.263370E+08   0.520653E+07   0.478018E+08    4.10958       -9.18942       -4.78803               0           0        2285
         189    10.6616        9.03245        10.5413       -108.807        148.943       -80.3282       0.265109E+09    3.29398       0.329398        16.1400       0.240935E+09   0.240614E+08    113232.       0.439458E+07   -78.5417        17.8390        140.956               0           1        2276
         190    10.6249        9.24122        10.5383       -73.9355        19.4601       -44.0038       0.494077E+09    2.64472       0.264472        13.7100       0.453436E+09   0.398563E+08    785044.       0.202632E+08   -87.4466        68.6057        140.222               0           1        2246
         191    10.7596        8.31132        10.8063       -75.6567        140.463       -55.0838       0.169302E+09    3.04741       0.304741        14.9300       0.169020E+09    583.180        281106.       0.122910E+08   -54.7012       -157.519        205.384               0           1        2220
         192    10.3157        10.0103        9.87117       -59.0837        38.8851      -0.395836       0.175629E+09    2.99391       0.299391        14.6800       0.168604E+09   0.701588E+07    9226.45        233214.       -162.657        255.614       -22.0069               0           1        2219
         193    11.1513        8.92597        9.47487       -91.6230        14.8874        14.1630       0.203594E+09    3.13130       0.313130        15.3400       0.193878E+09   0.968175E+07    34065.2        556933.        40.5511       -8.05381       -118.375               0           1        2195
         194    11.0024        9.75480        9.81235       -96.7213       -13.1148        11.9934       0.153548E+09    2.86503       0.286503        14.1200       0.144162E+09   0.929202E+07    94199.4       0.184075E+07    4.34789        193.493       -36.3102               0           1        2181
         195    10.9996        9.74773        10.6322       -102.880        26.2787       -26.4002       0.135487E+09    2.84217       0.284217        14.2300       0.134850E+09    503909.        132927.       0.945195E+07    3.65242        191.774        163.046               0           1        2163
         196    10.7536        8.69908        10.3119       -37.9846        149.990       -38.2380       0.150831E+09    2.89542       0.289543        14.6600       0.145658E+09   0.510401E+07    68380.4       0.253307E+07   -56.1554       -63.2268        85.1681               0           1        2156
         197    10.2342        8.99138        10.0614       -32.5630        112.165        5.78646       0.164108E+09    2.99148       0.299148        14.9800       0.159792E+09   0.419178E+07    124050.       0.378194E+07   -182.463        7.85198        24.2465               0           1        2155
         198    10.1405        9.84332        9.94345       -53.8371        47.4881        3.78077       0.167581E+09    3.00923       0.300923        14.7500       0.165279E+09   0.225539E+07    46910.2        626121.       -205.258        215.019       -4.43057               0           1        2151
         199    10.3052        8.96225        9.96703       -21.1858        109.399        7.41863       0.185160E+09    3.04497       0.304497        15.4100       0.173426E+09   0.116742E+08    58929.9       0.262919E+07   -165.191       0.768419        1.30339               0           1        2145
         200    11.0480        9.48108        10.0964       -106.922        70.4410        24.4461       0.126414E+09    2.60386       0.260386        13.0600       0.114398E+09   0.119634E+08    52234.8       0.117166E+07    15.4243        126.933        32.7624               0           1        2144
         201    10.9747        9.07006        10.0513       -73.2336        38.0466       -92.7584       0.146857E+09    2.85166       0.285165        13.9800       0.142582E+09   0.418011E+07    95160.8       0.297994E+07   -2.40253        26.9846        21.8002               0           1        2137
         202    10.3809        8.85012        10.4994        50.2057        145.171       -2.34172       0.190467E+09    2.84290       0.284290        14.1600       0.175006E+09   0.153843E+08    77032.7       0.193118E+07   -146.800       -26.4983        130.763               0           1        2107
         203    10.9407        9.07006        10.7700       -100.807        113.746       -70.9151       0.214975E+09    3.30200       0.330201        16.2300       0.212501E+09   0.239005E+07    83575.3       0.470529E+07   -10.6509        26.9846        196.569               0           1        2103
         204    10.4926        8.92568        9.86359       -25.6729        108.310        20.5875       0.147182E+09    2.86235       0.286235        14.1800       0.141169E+09   0.577923E+07    234163.       0.116751E+08   -119.630       -8.12433       -23.8502               0           1        2090
         205    11.2845        9.16953        10.4883       -119.670        87.5715       -49.2722       0.137514E+09    2.83196       0.283196        14.1000       0.135183E+09   0.223752E+07    93647.8       0.532996E+07    72.9439        51.1728        128.049               0           1        2076
         206    11.0979        9.48415        10.0024       -92.5453        30.6575        52.1330       0.165504E+09    2.92801       0.292801        14.3600       0.156050E+09   0.923697E+07    216517.       0.459400E+07    27.5658        127.679        9.90677               0           1        2054
         207    11.0125        9.66136        10.2844       -138.506       -62.0662       -88.3494       0.626674E+09    2.81396       0.281396        14.1000       0.596601E+09   0.276353E+08   0.243832E+07   0.391671E+08    6.79419        170.771        78.4858               0           1        2052
         208    10.5856        9.23288        9.77909       -21.7066        61.5176        28.4115       0.141803E+09    2.87062       0.287062        14.0800       0.141002E+09    753861.        46989.3       0.232793E+07   -97.0008        66.5777       -44.3981               0           1        2051
         209    10.8686        9.47080        10.6375       -96.8683        63.7303       -46.0684       0.118584E+09    2.62964       0.262964        13.6000       0.113317E+09   0.507087E+07    196094.       0.801050E+07   -28.1932        124.433        164.349               0           1        2035
         210    10.3329        9.07482        10.5830       -4.82029        74.3507       -27.3469       0.240071E+09    2.54356       0.254356        13.3200       0.196539E+09   0.431515E+08    381189.       0.247971E+08   -158.462        28.1421        151.099               0           1        2034
         211    11.0134        9.65110        10.2875       -93.3879       -48.9916       -41.8642       0.818850E+09    2.94309       0.294309        16.6500       0.758140E+09   0.572232E+08   0.348748E+07   0.612689E+08    7.02520        168.277        79.2250               0           1        2018
         212    11.1481        8.76560        9.46572       -7.87777        86.9544        17.1453       0.208898E+09    2.87111       0.287111        15.3900       0.205684E+09   0.320394E+07    10165.9        262508.        39.7633       -47.0511       -120.600               0           1        2011
         213    10.6035        9.77915        10.3368       -56.3022        40.4343       0.799649       0.113791E+09    2.66539       0.266539        13.1500       0.113401E+09    331594.        58721.7       0.155021E+07   -92.6577        199.415        91.2133               0           1        1992
         214    10.0176        8.98872        9.98609       -33.4848        111.748       0.445967       0.232783E+09    3.27550       0.327550        16.0500       0.214247E+09   0.184881E+08    48168.4        901866.       -235.134        7.20515        5.93823               0           1        1979
         215    10.7832        8.56673        10.3384       -20.5160        164.974       -32.2331       0.110619E+09    2.60338       0.260338        12.8400       0.106833E+09   0.376971E+07    16566.8        584255.       -48.9575       -95.4104        91.6000               0           1        1972
         216    10.6317        8.08492        10.8968       -60.2143        157.685       -54.1766       0.135374E+09    2.80642       0.280642        13.8300       0.134518E+09    813006.        43255.3       0.100329E+07   -85.8003       -212.572        227.391               0           1        1953
         217    10.6616        9.04182        10.5310       -95.3764        127.416       -64.6603       0.262335E+09    3.04668       0.304668        14.9500       0.234616E+09   0.276961E+08    23071.3        446124.       -78.5368        20.1175        138.435               0           1        1951
         218    11.0209        9.60060        10.1660       -59.1529        134.532       -73.9691       0.381665E+09    2.64982       0.264982        14.4300       0.353337E+09   0.281085E+08    219642.       0.477404E+07    8.83925        155.996        49.6895               0           1        1941
         219    10.3131        8.61462        10.5595       -4.57298        169.018       -10.6687       0.110908E+09    2.66174       0.266174        13.7300       0.110657E+09    192311.        58482.5       0.346258E+07   -163.267       -83.7650        145.375               0           1        1941
         220    10.3927        8.94179        10.0934       -35.0535        107.735        7.57631       0.189595E+09    3.14322       0.314322        16.1900       0.183569E+09   0.592887E+07    96827.3       0.221439E+07   -143.911       -4.20685        32.0402               0           1        1929
         221    11.0490        9.67550        9.96725       -69.6419       -44.9090        34.2661       0.122978E+09    2.70575       0.270575        14.1100       0.118638E+09   0.415522E+07    184699.       0.142671E+08    15.6796        174.210        1.35689               0           1        1907
         222    10.2668        9.12971        10.6426       -1.34072        111.625       -14.4341       0.169144E+09    2.83050       0.283050        13.8700       0.163367E+09   0.577766E+07    0.00000        0.00000       -174.526        41.4898        165.592               1           1        1886
         223    10.2846        9.88774        9.70147       -57.9837        60.3524        8.34257       0.129695E+09    2.78478       0.278478        13.6600       0.129197E+09    387121.        110960.       0.193639E+07   -170.195        225.820       -63.2730               0           1        1833
         224    10.5462        8.18934        10.8548       -50.7584        158.401       -36.4343       0.181501E+09    3.11574       0.311574        15.3800       0.178664E+09   0.277237E+07    64601.8        981286.       -106.604       -187.181        217.181               0           1        1831
         225    10.5583        9.09600        10.8337       -86.3356        94.7351       -67.3151       0.118131E+09    2.68338       0.268338        13.1700       0.116809E+09   0.119385E+07    127524.       0.269251E+07   -103.664        33.2925        212.050               0           1        1817
         226    10.9237        8.01062        11.0997       -68.9361        137.055       -56.1542       0.124368E+09    2.75268       0.275268        13.4900       0.123793E+09    526232.        48636.3       0.148697E+07   -14.7969       -230.640        276.733               0           1        1809
         227    10.5737        8.27308        10.9283       -62.8613        139.651       -49.9886       0.137643E+09    2.83366       0.283366        13.9300       0.137261E+09    295239.        86316.3       0.675815E+07   -99.9188       -166.818        235.061               0           1        1786
         228    10.0459        9.39783        9.93311       -52.0545        66.4565        14.8445       0.111609E+09    2.66441       0.266441        13.2200       0.111405E+09    99773.2        104028.       0.322659E+07   -228.259        106.689       -6.94495               0           1        1783
         229    11.0719        8.62100        10.1043       -94.0603        114.900       -92.4241       0.126418E+09    2.75609       0.275609        13.5200       0.125206E+09   0.114770E+07    64141.1       0.340690E+07    21.2507       -82.2136        34.6713               0           1        1774
         230    10.6139        8.78157        10.3584       -57.2329        150.385       -37.3527       0.114432E+09    2.63061       0.263061        13.9300       0.108329E+09   0.604261E+07    60669.2       0.310261E+07   -90.1263       -43.1677        96.4682               0           1        1727
         231    10.6067        8.64764        10.4703       -42.2800        168.823       -15.3017       0.117476E+09    2.64909       0.264909        13.5400       0.113484E+09   0.386256E+07    129686.       0.247146E+07   -91.8723       -75.7355        123.679               0           1        1725
         232    11.0623        8.86665        9.95347       -57.0331        173.885        1.27426       0.133509E+09    2.47620       0.247620        13.2500       0.120384E+09   0.131250E+08    0.00000        0.00000        18.9114       -22.4787       -1.99400               1           1        1718
         233    10.7323        8.64726        10.2529       -44.2202        148.648       -47.5498       0.108254E+09    2.62624       0.262624        13.9600       0.107165E+09    967028.        122053.       0.647495E+07   -61.3301       -75.8279        70.8259               0           1        1715
         234    10.7590        9.30039        10.4794       -96.3984        59.7732       -41.3285       0.132932E+09    2.77676       0.277676        14.2100       0.126038E+09   0.684270E+07    52166.3       0.282920E+07   -54.8447        82.9941        125.894               0           1        1711
         235    10.9205        9.87932        9.52040       -111.370       -23.0476       -10.6830       0.135717E+09    2.83171       0.283171        13.9300       0.134351E+09   0.131345E+07    52494.1       0.121020E+07   -15.5824        223.773       -107.304               0           1        1708
         236    11.6484        9.66017        9.96247       -109.246        17.8628        1.62044       0.118398E+09    2.66466       0.266466        13.2700       0.113401E+09   0.492643E+07    70776.5       0.496921E+07    161.424        170.482       0.194537               0           1        1683
         237    10.6643        9.94375        9.62735       -39.9682       -7.38038       -16.1176       0.144146E+09    2.55255       0.255256        12.5400       0.137511E+09   0.652324E+07    111734.       0.205876E+07   -77.8657        239.440       -81.2968               0           1        1676
         238    10.1985        9.36254        10.7410       -50.5336        66.1419       -2.82333       0.185802E+09    2.82953       0.282953        14.0300       0.178664E+09   0.710655E+07    31353.2       0.172335E+07   -191.135        98.1072        189.513               0           1        1671
         239    11.4112        8.11018        10.8517       -76.7297        110.785       -70.4570       0.168518E+09    3.02844       0.302844        14.9600       0.165778E+09   0.267705E+07    63024.7       0.298551E+07    103.746       -206.430        216.424               0           1        1654
         240    10.3158        8.66217        10.7407       -11.5010        144.195       -33.7167       0.156126E+09    2.99245       0.299245        16.2400       0.154887E+09   0.122589E+07    13405.3        379822.       -162.625       -72.2022        189.447               0           1        1653
         241    10.3004        8.85394        10.2443       -11.9725        164.568        10.1906       0.145238E+09    2.90661       0.290661        14.4500       0.144079E+09   0.114859E+07    10586.9        213305.       -166.358       -25.5694        68.7200               0           1        1651
         242    10.6179        9.08530        10.7579       -95.1815        109.965       -43.8157       0.209029E+09    2.58660       0.258660        13.8900       0.200446E+09   0.846939E+07    112962.       0.551896E+07   -89.1488        30.6906        193.620               0           1        1627
         243    10.8167        8.22820        10.5492       -66.5052        147.026       -58.1201       0.108562E+09    2.60557       0.260557        13.1600       0.108246E+09    143117.        172628.       0.845771E+07   -40.8138       -177.731        142.872               0           1        1621
         244    10.6312        8.49877        10.4804       -41.8104        163.409       -47.0255       0.124061E+09    2.68289       0.268289        13.1700       0.116144E+09   0.791667E+07    0.00000        0.00000       -85.9195       -111.936        126.145               1           1        1612
         245    10.5844        9.90966        10.4925       -80.6839        11.9218       -4.10418       0.121205E+09    2.69238       0.269238        13.8200       0.119054E+09   0.209430E+07    56250.5       0.100624E+07   -97.3145        231.151        129.092               0           1        1590
         246    10.5156        8.17459        10.9520       -61.2022        158.157       -38.7175       0.143643E+09    2.85336       0.285336        14.0100       0.140919E+09   0.270924E+07    14870.5        221836.       -114.035       -190.767        240.817               0           1        1543
         247    10.3509        8.92637        9.96450       -8.84771        134.195        31.7227       0.146132E+09    2.61578       0.261578        14.1400       0.143081E+09   0.296708E+07    84181.2       0.711857E+07   -154.092       -7.95654       0.688173               0           1        1523
         248    10.8366        8.30466        10.7974       -82.7355        134.659       -63.4350       0.143302E+09    2.89129       0.289129        14.3100       0.141751E+09   0.155125E+07    0.00000        0.00000       -35.9771       -159.138        203.237               1           1        1506
         249    10.8937        9.43931        10.6317       -80.3369        59.3156       -45.8452       0.136971E+09    2.67973       0.267973        13.1400       0.131026E+09   0.591125E+07    33871.8       0.186385E+07   -22.0945        116.775        162.941               0           1        1500
         250    11.0015        8.51128        10.5367       -85.3162        127.140       -68.4552       0.110235E+09    2.65469       0.265469        14.0600       0.109992E+09    42160.3        201118.       0.271909E+07    4.11445       -108.894        139.833               0           1        1469
         251    11.0778        7.95365        10.4560       -59.2757        139.063       -67.8991       0.233575E+09    3.27307       0.327307        16.1900       0.222811E+09   0.107645E+08    0.00000        0.00000        22.6659       -244.494        120.202               1           1        1407
         252    10.6179        8.89571        10.1863       -3.02619        117.162        6.29106       0.109079E+09    2.61724       0.261724        12.9200       0.105835E+09   0.322545E+07    18111.8        524727.       -89.1512       -15.4122        54.6210               0           1        1399
         253    10.5199        8.73468        10.3916       -70.7341        162.033       -56.8521       0.112573E+09    2.59219       0.259219        12.7000       0.108828E+09   0.374536E+07    0.00000        0.00000       -112.982       -54.5699        104.539               1           1        1393
         254    11.0985        8.69656        9.90618       -24.7879        142.647       -28.2740       0.105987E+09    2.61238       0.261238        13.1700       0.105669E+09    278051.        40234.5       0.111466E+07    27.7166       -63.8396       -13.4935               0           1        1385
         255    11.0617        9.62507        10.0872       -80.2872        4.49840       -36.8741       0.996688E+09    2.41200       0.241200        14.2300       0.939386E+09   0.365224E+08   0.207799E+08   0.916575E+08    18.7485        161.947        30.5179               0           1        1380
         256    11.1701        9.35369        9.25562       -74.2184        44.3782        5.71639       0.109273E+09    2.60921       0.260921        12.8100       0.105835E+09   0.343757E+07    0.00000        0.00000        45.1155        95.9551       -171.691               1           1        1337
         257    10.0731        9.46664        10.0009       -48.1770        62.3693        11.5815       0.144590E+09    2.89664       0.289664        14.2500       0.144079E+09    414282.        96713.1       0.214766E+07   -221.628        123.421        9.54445               0           1        1328
         258    10.8089        9.83224        9.95723       -77.6529       -7.89558      -0.231369       0.104725E+09    2.57468       0.257468        12.6200       0.104422E+09    275068.        28707.1        882407.       -42.7129        212.324       -1.07968               0           1        1309
         259    11.1540        9.64023        10.7685       -137.512        62.1105       -23.9672       0.156671E+09    2.65371       0.265371        13.1900       0.153473E+09   0.319778E+07    0.00000        0.00000        41.1980        165.633        196.195               1           1        1297
         260    10.3483        9.08591        10.6024       0.900377        124.447       -60.0199       0.174163E+09    2.33832       0.233832        12.5800       0.169436E+09   0.472683E+07    0.00000        0.00000       -154.725        30.8389        155.809               1           1        1284
         261    10.3880        9.73770        9.77133       -64.7327        54.1153        8.88633       0.105519E+09    2.60946       0.260946        13.1300       0.105087E+09    407090.        24973.7        469613.       -145.073        189.335       -46.2851               0           1        1260
         262    11.0515        9.56319        10.0991       -111.251        90.1874        30.3803       0.253271E+09    2.51803       0.251803        12.7500       0.226884E+09   0.262172E+08    169914.       0.492209E+07    16.2803        146.899        33.4214               0           1        1247
         263    11.0823        8.83047        9.87303       -57.6112        123.010        25.2050       0.108646E+09    2.61943       0.261943        13.1400       0.107830E+09    815960.        0.00000        0.00000        23.7724       -31.2766       -21.5546               1           1        1234
         264    10.3196        10.0036        9.84253       -60.8264        12.1740        12.4396       0.127435E+09    2.70138       0.270138        13.3500       0.122712E+09   0.472252E+07    0.00000        0.00000       -161.694        253.984       -28.9714               1           1        1215
         265    11.1278        8.74523        9.49884       -15.4921        50.5895        40.9213       0.145270E+09    2.68922       0.268922        13.2500       0.136513E+09   0.875722E+07    0.00000        0.00000        34.8293       -52.0045       -112.547               1           1        1164
         266    10.6355        9.01022        10.3318       -41.8785        70.9788        35.5977       0.294376E+09    2.72034       0.272034        13.7100       0.277848E+09   0.165104E+08    18022.5        186397.       -84.8836        12.4333        89.9950               0           1        1147
         267    11.2126        8.45382        9.98391       -103.151        119.298       -70.3400       0.263869E+09    2.62040       0.262040        13.7900       0.259059E+09   0.379740E+07   0.101263E+07   0.157152E+08    55.4624       -122.867        5.40812               0           1        1110
         268    10.6340        9.63440        10.2195       -51.1712        36.9170        14.6090       0.131477E+09    2.76265       0.276265        13.7900       0.130028E+09   0.144837E+07    0.00000        0.00000       -85.2337        164.216        62.6991               1           1        1075
         270    10.4624        9.42596        10.2388       -48.8189        49.7834       -10.2082       0.106314E+09    2.62794       0.262794        12.9000       0.105752E+09    562575.        0.00000        0.00000       -126.984        113.529        67.3802               1           1         922
         271    11.2127        8.48154        9.76674       -25.9628        90.6506       -19.9832       0.107845E+10    2.65931       0.265931        17.6300       0.100364E+10   0.609403E+08   0.138620E+08   0.216634E+09    55.4745       -116.126       -47.4013               0           1         902
         276    10.6267        9.03166        10.5532       -72.4214        110.071       -91.4244       0.252399E+09    2.66830       0.266830        13.1000       0.231956E+09   0.204132E+08    30589.9        446541.       -87.0162        17.6469        143.835               0           1         733
         288    10.2263        9.00234        10.3013       -24.9261        83.8399       -12.3248       0.137107E+09    2.74515       0.274515        13.4700       0.133686E+09   0.339735E+07    23339.3        441880.       -184.374        10.5171        82.6002               0           1         331
