#          i      x              y              z              v_x            v_y            v_z            Mvir           Rvir     Rs (Rockstar)       v_max           Mdm           Mgas           Mstars    Avg age of stars     xc             yc             zc      flag DM only  flag outside Rvir  Np bound
# (h^-1 comoving Mpc) (h^-1 comoving Mpc) (h^-1 comoving Mpc) (km/s)         (km/s)         (km/s)         (Msun)         (kpc)         (kpc)           (km/s)         (Msun)         (Msun)         (Msun)         (yrs)          (kpc)          (kpc)          (kpc)
           1    10.7450        9.20321        9.93287       -65.4181        132.481       -1.52978       0.132524E+12    38.6837        3.86837        131.220       0.120072E+12   0.847931E+10   0.397228E+10   0.946484E+10    0.00000        0.00000        0.00000               0           0     1205213
           2    10.7112        9.61666        10.0963       -126.499        13.2998       -11.0675       0.682404E+11    30.7750        3.07749        100.310       0.618916E+11   0.471582E+10   0.163303E+10   0.401355E+10   -11.5870        141.861        56.0718               0           1      655300
           3    10.3646        9.33025        10.3531       -18.8246        152.943       -63.8653       0.679476E+11    30.3430        3.03430        93.2600       0.614763E+11   0.585595E+10   0.615249E+09   0.165675E+10   -130.511        43.5893        144.173               0           1      347932
           4    10.3813        9.29667        10.3470       -130.415        153.123        28.1628       0.232901E+11    14.0721        1.40722        45.1700       0.208324E+11   0.193234E+10   0.525283E+09   0.117651E+10   -124.805        32.0675        142.098               0           1       85760
           5    11.0591        8.77978        9.68407       -62.9543        115.590       -36.6822       0.119041E+11    16.9687        1.69687        56.0000       0.112409E+11   0.535645E+09   0.127579E+09   0.554831E+09    107.762       -145.285       -85.3670               0           1       75279
           6    10.4076        9.93499        9.58515       -106.923        2.58640       -15.7486       0.635842E+10    14.3741        1.43741        45.5600       0.608983E+10   0.240845E+09   0.277444E+08   0.334870E+09   -115.777        251.085       -119.308               0           1       64199
           7    10.7734        9.20628        9.88962       -31.1282       -18.0987       -104.621       0.167914E+11    11.0699        1.10699        43.3000       0.150933E+11   0.154871E+10   0.149437E+09   0.594036E+09    9.73760        1.05336       -14.8397               0           0       47085
           8    10.2125        9.39218        10.4735       -36.0719        114.807       -58.0284       0.270469E+10    10.3521        1.03521        30.8900       0.252735E+10   0.146037E+09   0.313015E+08   0.132547E+09   -182.698        64.8384        185.515               0           1       44403
           9    10.2379        9.96630        10.0520       -99.9850        10.7707        6.49575       0.556442E+10    13.4810        1.34810        48.8400       0.502639E+10   0.524209E+09   0.138237E+08   0.792536E+08   -173.980        261.828        40.8616               0           1       43736
          10    10.9530        9.00919        9.59070       -67.4719        97.1128        29.6978       0.615734E+10    13.0716        1.30716        45.0400       0.496457E+10   0.116081E+10   0.319532E+08   0.719936E+08    71.3645       -66.5712       -117.404               0           1       39553
          11    10.3027        9.99215        10.6329       -128.586        33.0068       -8.69529       0.534804E+10    13.0998        1.30998        42.1600       0.488006E+10   0.458206E+09   0.977324E+07   0.557755E+08   -151.746        270.697        240.208               0           1       39006
          12    11.1041        9.68894        9.94718       -151.089        6.06401       -3.84446       0.355987E+10    11.8179        1.18179        36.8200       0.351256E+10   0.364606E+08   0.108493E+08   0.180602E+09    123.209        166.661        4.90997               0           1       36602
          13    10.4222        9.38070        10.3629       -103.398        44.6943       -83.1178       0.430351E+10    10.6894        1.06894        32.8400       0.376325E+10   0.533024E+09   0.723668E+07   0.341128E+08   -110.751        60.8995        147.536               0           1       30956
          14    10.0999        9.46694        10.6089       -89.2790        71.9534       -22.5367       0.242973E+10    9.84978       0.984978        32.6600       0.221665E+10   0.209954E+09   0.312576E+07   0.104469E+09   -221.337        90.4897        231.946               0           1       30952
          15    10.2547        9.32192        10.0213       -27.4814        141.490        32.4697       0.233530E+10    10.1723        1.01723        31.3500       0.223935E+10   0.895171E+08   0.643079E+07   0.613646E+08   -168.212        40.7312        30.3314               0           1       24817
          16    10.3621        9.33129        10.3046       -104.290        56.5803       -17.2135       0.377275E+10    9.31864       0.931864        29.3500       0.333747E+10   0.422867E+09   0.124130E+08   0.358244E+08   -131.368        43.9462        127.550               0           1       24627
          17    10.5565        9.65277        10.4920       -115.619        63.6952       -77.9449       0.307174E+10    11.0160        1.10160        34.0200       0.284836E+10   0.218772E+09   0.461066E+07   0.231632E+08   -64.6806        154.251        191.842               0           1       22707
          18    10.7175        9.24479        9.92990       -117.787        184.607       -76.0766       0.426162E+10    7.49773       0.749773        27.7600       0.402511E+10   0.188621E+09   0.478872E+08   0.182566E+09   -9.43223        14.2667       -1.01905               0           0       18580
          19    10.7038        9.03506        10.0816       -36.4752        215.620       -72.4935       0.153019E+10    8.63893       0.863893        27.3100       0.140537E+10   0.119953E+09   0.486155E+07   0.508503E+08   -14.1329       -57.6948        51.0315               0           1       18043
          20    9.94323        9.60860        10.7926       -89.8068        132.494       -44.8160       0.249261E+10    9.98771       0.998771        30.9600       0.237942E+10   0.107149E+09   0.603679E+07   0.367457E+08   -275.099        139.095        294.983               0           1       17287
          21    10.2490        9.62105        10.1366       -52.9381        62.0550        8.82757       0.135319E+10    8.48865       0.848865        26.2500       0.132789E+10   0.242756E+08   0.102693E+07   0.135650E+08   -170.202        143.367        69.9200               0           1       16631
          22    10.6013        9.04900        10.1867       -35.1715        204.448       -63.6103       0.202548E+10    9.62195       0.962195        30.2000       0.190604E+10   0.115863E+09   0.357622E+07   0.487739E+08   -49.3056       -52.9118        87.1066               0           1       16539
          23    10.7576        9.79705        10.6402       -142.364        59.5920       -54.6803       0.154181E+10    8.77206       0.877206        26.0000       0.148294E+10   0.576893E+08   0.117439E+07   0.127466E+08    4.30952        203.755        242.682               0           1       16356
          24    10.7408        9.05394        10.0178       -40.6398        203.929       -48.6111       0.205647E+10    8.91205       0.891205        26.8000       0.168123E+10   0.372387E+09   0.284423E+07   0.221088E+08   -1.45138       -51.2168        29.1579               0           1       15921
          25    10.7665        9.15727        9.88368       -105.419        62.3915        30.5259       0.282486E+10    7.13849       0.713849        23.2200       0.266405E+10   0.130070E+09   0.307382E+08   0.138651E+09    7.38726       -15.7627       -16.8778               0           0       15782
          26    10.3535        9.35312        10.3571       -7.12202        295.284       -110.763       0.387048E+10    6.52089       0.652089        23.6100       0.367623E+10   0.160717E+09   0.335274E+08   0.509402E+08   -134.316        51.4364        145.549               0           1       15272
          27    10.2639        9.08496        10.5526       -47.2609        179.077       -62.7707       0.149167E+10    8.44164       0.844164        25.9000       0.131650E+10   0.174426E+09    744978.       0.241968E+07   -165.076       -40.5733        212.625               0           1       15047
          28    10.7242        9.61488        10.1117       -284.380        19.5794       -23.1187       0.215478E+10    4.97996       0.497996        21.1200       0.205455E+10   0.648973E+08   0.353307E+08   0.175817E+09   -7.14365        141.250        61.3627               0           1       14744
          29    10.3160        9.42065        10.5020       -109.062        117.106       -104.164       0.111489E+10    7.77737       0.777737        24.5700       0.105868E+10   0.544187E+08   0.178930E+07   0.204331E+08   -147.213        74.6069        195.267               0           1       14332
          30    10.7448        9.62236        10.0556       -162.071       -7.38677        22.1630       0.104819E+10    6.32119       0.632119        21.1900       0.984695E+09   0.426500E+08   0.208409E+08   0.843056E+08  -0.548984E-01    143.817        42.0968               0           1       13905
          31    9.98155        9.55855        10.7252       -72.5947        82.2754       -5.52171       0.986692E+09    7.28912       0.728912        22.7600       0.904876E+09   0.809438E+08    872483.       0.183924E+08   -261.951        121.922        271.864               0           1       13768
          32    10.7569        9.21882        9.92341       -168.079        106.255        120.981       0.142949E+11    6.81940       0.681940        33.2400       0.123901E+11   0.105254E+10   0.852187E+09   0.129831E+10    4.08650        5.35602       -3.24587               0           0       13551
          33    10.6928        9.40133        10.4575       -154.940        118.730       -89.1838       0.161806E+10    8.92646       0.892646        26.7600       0.153150E+10   0.862755E+08    282298.       0.758372E+07   -17.8969        67.9779        180.019               0           1       12693
          34    9.85348        9.43417        9.94393       -51.4114        145.696        18.0371       0.155703E+10    8.82593       0.882593        26.4100       0.150913E+10   0.432088E+08   0.469264E+07   0.252876E+08   -305.894        79.2458        3.79485               0           1       12142
          35    10.6853        9.74034        9.75577       -104.773       -13.8033        17.3103       0.131041E+10    8.28964       0.828964        25.0200       0.123061E+10   0.791956E+08    596401.       0.743152E+07   -20.4771        184.297       -60.7657               0           1       11994
          36    10.3582        9.02390        10.4982       -54.0195        205.503       -50.5718       0.956956E+09    7.48435       0.748435        22.3800       0.920007E+09   0.361986E+08    750649.       0.118021E+08   -132.724       -61.5239        193.963               0           1       11983
          37    10.7443        9.68458        9.89389       -135.569       -3.59369        44.7857       0.984872E+09    7.38348       0.738348        24.2400       0.899970E+09   0.836835E+08   0.121812E+07   0.142326E+08  -0.240180        165.165       -13.3746               0           1       11279
          38    10.7744        9.17660        9.91848       -8.04219        67.7636       -64.0101       0.483132E+10    6.31468       0.631468        26.4800       0.451979E+10   0.245103E+09   0.664319E+08   0.431159E+09    10.0807       -9.13029       -4.93742               0           0       11096
          39    10.1645        9.38164        10.3119       -2.25210        120.493        15.9944       0.921934E+09    7.40303       0.740303        22.9300       0.878355E+09   0.426555E+08    923558.       0.115891E+08   -199.189        61.2220        130.041               0           1       10928
          40    10.7720        9.02706        10.0530       -71.1710        229.938       -56.6820       0.131316E+10    7.66243       0.766243        24.0600       0.113226E+10   0.180009E+09    893039.       0.957438E+07    9.27783       -60.4397        41.2115               0           1       10559
          41    10.3951        9.38261        10.3831       -150.018        108.350       -142.666       0.131578E+10    6.59500       0.659500        21.2900       0.121341E+10   0.101936E+09    433729.       0.564221E+07   -120.046        61.5548        154.494               0           1       10506
          42    10.6113        9.45651        10.1932       -85.7518        66.8693       -65.7125       0.119986E+10    8.07931       0.807931        24.7900       0.110707E+10   0.919391E+08    851874.       0.160915E+08   -45.8710        86.9110        89.3128               0           1       10307
          43    10.1765        10.0372        10.0493       -75.3273        3.38165        3.12668       0.897062E+09    7.41230       0.741230        24.4000       0.870124E+09   0.262775E+08    660184.       0.195457E+08   -195.047        286.154        39.9386               0           1       10256
          44    9.61105        9.48385        10.1923       -71.1636        132.291        5.24667       0.110353E+10    7.91565       0.791565        24.5500       0.106783E+10   0.348936E+08    806698.       0.123789E+08   -389.075        96.2918        89.0109               0           1        9768
          45    10.6412        8.85141        10.2518       -63.6873        202.022       -62.5176       0.811444E+09    7.22290       0.722290        22.9200       0.806440E+09   0.404969E+07    954278.       0.225366E+08   -35.6291       -120.708        109.416               0           1        9429
          46    10.6731        9.71535        10.2070       -54.6398       -25.6281       -46.3551       0.768481E+09    6.50956       0.650956        21.7300       0.720642E+09   0.472808E+08    558943.       0.836328E+07   -24.6562        175.723        94.0753               0           1        9397
          47    10.5559        9.02113        10.7160       -129.839        152.246       -96.4254       0.833424E+09    7.28535       0.728535        21.5900       0.831215E+09   0.167585E+07    533125.       0.817767E+07   -64.8796       -62.4744        268.700               0           1        9297
          48    10.7075        9.69591        10.0161       -134.901        22.1359       -53.1133       0.493378E+09    5.41125       0.541126        16.9200       0.488354E+09   0.211821E+07   0.290608E+07   0.198196E+08   -12.8771        169.053        28.5746               0           1        9128
          49    10.3497        9.33227        10.4037       -44.1756        122.276       0.346868       0.162692E+10    6.22478       0.622478        20.2000       0.161166E+10   0.133687E+08   0.189619E+07   0.173659E+08   -135.637        44.2824        161.535               0           1        8840
          50    10.3030        9.31761        10.3617        56.4080        149.585        36.0256       0.793858E+09    6.03401       0.603401        19.7100       0.756475E+09   0.369450E+08    438311.       0.391491E+07   -151.664        39.2523        147.121               0           1        8258
          51    10.1956        9.09120        10.7574       -59.1517        161.850       -66.1727       0.112618E+10    7.99937       0.799937        24.0300       0.111538E+10   0.998584E+07    814328.       0.745098E+07   -188.500       -38.4323        282.898               0           1        8157
          52    10.8972        9.12925        9.72501       -97.0129        92.1416        41.7236       0.625947E+09    6.20042       0.620042        21.3700       0.583131E+09   0.418608E+08    954873.       0.161855E+08    52.2187       -25.3768       -71.3199               0           1        8126
          53    10.7718        9.12766        9.80512       -94.3073        207.165       -12.8708       0.835738E+09    6.76587       0.676587        21.0000       0.787318E+09   0.475496E+08    870172.       0.652900E+07    9.17832       -25.9223       -43.8329               0           1        8013
          54    10.8879        9.42896        10.3221       -163.064        99.4953       -80.7879       0.771227E+09    7.07227       0.707227        20.8500       0.758802E+09   0.122411E+08    184037.       0.427171E+07    49.0140        77.4582        133.561               0           1        7987
          55    10.5770        9.09901        9.39572       -15.4211        118.848        17.3925       0.626427E+09    6.64544       0.664544        20.3000       0.625365E+09    403615.        658250.       0.975969E+07   -57.6502       -35.7526       -184.304               0           1        7865
          56    10.6433        8.95803        10.4426       -111.763        159.126       -82.5784       0.575090E+09    6.44094       0.644094        19.7100       0.573487E+09    975529.        628018.       0.753045E+07   -34.8776       -84.1249        174.910               0           1        7847
          57    10.0551        9.53775        10.6763       -58.6150        104.217       -27.8151       0.573124E+09    5.94171       0.594171        18.5500       0.489601E+09   0.834190E+08    104038.        797946.       -236.712        114.786        255.079               0           1        7830
          58    10.6078        9.29327        10.2069       -53.1968        133.913       -4.76152       0.986200E+09    7.15050       0.715050        21.0300       0.894654E+09   0.909881E+08    558069.       0.678111E+07   -47.0616        30.9009        94.0272               0           1        7695
          59    10.7718        9.30676        10.0090       -50.5841        1.32026       -70.2170       0.833305E+09    6.46873       0.646873        20.5600       0.783910E+09   0.487757E+08    619941.       0.480890E+07    9.19891        35.5296        26.1076               0           1        7678
          60    10.5956        10.0222        10.5993       -135.631       -21.5670      -0.125400       0.778903E+09    7.11139       0.711139        21.1000       0.775929E+09   0.265558E+07    319078.       0.299889E+07   -51.2511        280.997        228.666               0           1        7573
          61    9.81048        9.34848        9.70856       -63.9715        150.933        23.0119       0.800542E+09    7.17692       0.717692        23.0200       0.795632E+09   0.356684E+07   0.134246E+07   0.297127E+08   -320.648        49.8443       -76.9641               0           1        7208
          62    10.3515        9.33752        10.3275       -121.144        6.71457       -35.1069       0.136166E+10    5.41983       0.541983        18.5300       0.134037E+10   0.205504E+08    739395.       0.101747E+08   -135.023        46.0838        135.386               0           1        7135
          63    9.96648        10.0011        9.95935       -61.9935        61.4471        2.08617       0.611859E+09    6.54216       0.654216        19.3800       0.605080E+09   0.672685E+07    52804.3        390845.       -267.122        273.754        9.08568               0           1        6991
          64    10.1807        9.95372        10.5262       -102.898        11.3743        6.77788       0.616397E+09    6.49069       0.649069        20.7800       0.587621E+09   0.284454E+08    331094.       0.466696E+07   -193.616        257.511        203.574               0           1        6831
          65    10.9416        8.83959        9.70595       -79.7059        147.031       -97.3440       0.904361E+09    7.28706       0.728706        21.7100       0.864055E+09   0.393389E+08    966973.       0.688192E+07    67.4633       -124.763       -77.8596               0           1        6705
          66    10.5780        9.05595        10.5297       -119.422        150.091       -80.6187       0.612178E+09    6.58196       0.658196        20.0000       0.606909E+09   0.516404E+07    105638.       0.144248E+07   -57.3036       -50.5271        204.778               0           1        6614
          67    10.4026        9.91234        9.57888       -87.1904        37.8004        33.7491       0.869643E+09    5.76295       0.576295        18.4600       0.833880E+09   0.345100E+08   0.125294E+07   0.212443E+08   -117.479        243.313       -121.459               0           1        6380
          68    10.3279        9.31381        10.3890        65.1557        130.701        17.1046       0.114029E+10    5.84289       0.584289        19.4300       0.111805E+10   0.218213E+08    421394.       0.334167E+07   -143.100        37.9485        156.502               0           1        6345
          69    10.7352        9.55719        10.0382       -93.7389        103.820        34.5866       0.639687E+09    5.79657       0.579657        18.1600       0.632682E+09   0.652808E+07    477010.       0.997078E+07   -3.35223        121.456        36.1437               0           1        6149
          70    10.6048        9.29784        10.2273       -28.1526        152.198       -12.8249       0.686190E+09    6.00999       0.600999        17.6800       0.644572E+09   0.414835E+08    134746.       0.299023E+07   -48.0979        32.4690        101.020               0           1        6120
          71    10.6104        8.65011        10.5225       -79.5341        177.352       -67.7063       0.499048E+09    6.04293       0.604293        17.7800       0.493758E+09   0.529072E+07    0.00000        0.00000       -46.1833       -189.777        202.311               1           1        6063
          72    10.0780        9.51895        10.6393       -69.8703        150.193       -73.9188       0.331576E+09    4.88663       0.488663        15.0900       0.302872E+09   0.287039E+08    0.00000        0.00000       -228.851        108.335        242.383               1           1        5963
          73    10.8714        9.10710        9.62689        5.07560        97.7240        59.2880       0.538315E+09    6.04739       0.604739        18.3300       0.479458E+09   0.587505E+08    106695.       0.254134E+07    43.3663       -32.9768       -104.986               0           1        5899
          74    10.7581        9.46902        10.6524       -150.481        120.684       -78.1944       0.493540E+09    6.10263       0.610263        18.3300       0.490848E+09   0.237462E+07    317271.       0.385640E+07    4.48794        91.2034        246.885               0           1        5888
          75    9.94534        9.38177        9.99766       -47.9555        138.920       -6.81489       0.447456E+09    5.84701       0.584701        18.3300       0.432900E+09   0.144152E+08    139796.       0.476588E+07   -274.375        61.2666        22.2304               0           1        5732
          76    10.3550        8.71666        10.7488       -67.7717        186.294       -61.6925       0.100699E+10    7.67753       0.767753        23.1100       0.976291E+09   0.305273E+08    171335.       0.385259E+07   -133.818       -166.943        279.968               0           1        5643
          77    10.5739        9.58673        10.3804       -118.823        54.2527       -59.1946       0.423938E+09    5.81956       0.581956        18.1600       0.415774E+09   0.785944E+07    304832.       0.728785E+07   -58.7035        131.591        153.561               0           1        5594
          78    10.7122        9.56485        10.0767       -117.295        149.151        9.28870       0.863922E+09    5.47851       0.547851        19.3400       0.783580E+09   0.788843E+08   0.145789E+07   0.156435E+08   -11.2370        124.084        49.3571               0           1        5537
          79    10.4082        9.41718        10.3435       -109.672        23.2688       -41.1862       0.445978E+09    5.17073       0.517073        15.4800       0.387258E+09   0.585469E+08    173862.       0.301556E+07   -115.565        73.4163        140.897               0           1        5515
          80    10.7027        9.28679        9.87982       0.936397        14.4020        93.6679       0.549205E+09    5.45312       0.545312        16.7700       0.535742E+09   0.134123E+08    50515.7       0.169775E+07   -14.5206        28.6775       -18.2022               0           0        5514
          81    10.7373        9.73894        9.77474       -125.150        5.99201        36.8104       0.415551E+09    5.69947       0.569947        16.7800       0.402721E+09   0.127579E+08    71703.5        427475.       -2.64542        183.817       -54.2568               0           1        5405
          82    9.98124        9.47843        9.80999       -66.2454        95.8941        36.9739       0.401535E+09    5.74408       0.574408        18.8000       0.400643E+09    761044.        131449.       0.104978E+07   -262.057        94.4321       -42.1620               0           1        5384
          83    10.2010        9.69768        10.0856       -56.1572        65.8174        22.5710       0.449883E+09    5.84838       0.584838        17.7600       0.443376E+09   0.631808E+07    189029.       0.601091E+07   -186.644        169.660        52.4005               0           1        5356
          84    10.3093        9.95965        10.3997       -91.8956        53.6615       -4.94416       0.336455E+09    5.30009       0.530009        15.9800       0.331804E+09   0.462363E+07    26513.8        176338.       -149.488        259.546        160.163               0           1        5325
          85    10.4841        8.74312        10.7250       -103.182        171.645       -77.3872       0.389625E+09    5.67134       0.567134        17.5300       0.388255E+09   0.128546E+07    84563.9       0.190477E+07   -89.5015       -157.864        271.805               0           1        5272
          86    10.2629        10.0119        9.53484       -82.5874        8.01711        1.36218       0.810739E+09    7.11962       0.711962        20.9700       0.788484E+09   0.218866E+08    368855.       0.614679E+07   -165.409        277.467       -136.570               0           1        5181
          87    10.5755        9.42062        10.5341       -134.391        125.292       -95.6584       0.402773E+09    5.67648       0.567648        16.7100       0.400144E+09   0.254291E+07    86098.9       0.247016E+07   -58.1477        74.5966        206.288               0           1        5177
          88    10.5433        9.89097        9.66660       -90.9208        56.7931        11.7600       0.361965E+09    5.48914       0.548914        17.0000       0.359822E+09   0.192042E+07    222862.       0.633892E+07   -69.2063        235.981       -91.3612               0           1        5078
          89    10.7112        8.56604        10.4191       -88.6318        176.207       -67.0086       0.411951E+09    5.74133       0.574133        18.0700       0.409788E+09   0.196640E+07    196494.       0.381815E+07   -11.6041       -218.623        166.833               0           1        5007
          90    10.3881        9.28812        10.3331       -127.537        179.273       -24.9452       0.214809E+10    5.26166       0.526166        20.1800       0.205987E+10   0.439285E+08   0.442958E+08   0.850073E+08   -122.454        29.1339        137.342               0           1        4992
          91    10.4235        9.88942        9.63017       -134.476        36.8989       -7.48173       0.438350E+09    5.47576       0.547576        18.7400       0.419931E+09   0.182144E+08    204425.       0.417617E+07   -110.301        235.449       -103.861               0           1        4989
          92    10.3406        9.34485        10.3820        6.00472        152.619       -93.7836       0.729650E+09    4.35069       0.435069        14.0700       0.683898E+09   0.424590E+08   0.329277E+07   0.166987E+08   -138.773        48.5988        154.100               0           1        4962
          93    10.4082        9.38775        10.3648       -115.483        6.86469       -62.4320       0.177508E+10    5.65075       0.565075        18.7500       0.156551E+10   0.203905E+09   0.565832E+07   0.239178E+08   -115.561        63.3184        148.184               0           1        4956
          94    10.7719        9.70339        10.1121       -95.9241        34.9350       -36.9286       0.330479E+09    4.80017       0.480017        15.2600       0.326068E+09   0.352728E+07    883824.       0.117240E+08    9.22293        171.619        61.5068               0           1        4954
          95    10.7269        9.30208        9.91761       -126.909        174.887        32.2888       0.452633E+09    4.87188       0.487188        14.8900       0.451939E+09    268815.        425035.       0.660469E+07   -6.21038        33.9238       -5.23593               0           0        4919
          96    10.8157        8.70706        10.5890       -111.359        152.234       -83.6244       0.406458E+09    5.72795       0.572795        17.4700       0.404550E+09   0.188011E+07    27896.0        515582.        24.2754       -170.236        225.118               0           1        4871
          97    10.8978        8.88541        9.91473       -52.1496        195.118       -57.8179       0.480213E+09    5.94377       0.594377        18.4300       0.464244E+09   0.154101E+08    559042.       0.438907E+07    52.4348       -109.042       -6.22411               0           1        4825
          98    9.93633        9.52646        10.4167       -62.1917        89.4403        13.0061       0.465808E+09    6.00210       0.600210        18.0100       0.464493E+09   0.125999E+07    54908.5        508892.       -277.467        110.912        166.006               0           1        4809
          99    10.8274        9.12972        10.2019       -141.610        137.682       -104.383       0.344796E+09    5.41572       0.541572        18.1500       0.340285E+09   0.444568E+07    65930.5       0.156294E+07    28.2727       -25.2155        92.3219               0           1        4782
         100    10.5226        9.25922        9.90426        3.53464        125.498        47.3901       0.357994E+09    5.47405       0.547405        18.1600       0.357577E+09    73316.9        343777.       0.339612E+07   -76.3053        19.2179       -9.81652               0           1        4671
         101    10.3215        9.42040        10.6906       -122.445        129.294       -90.4720       0.417678E+09    5.75368       0.575368        17.0900       0.414111E+09   0.342460E+07    142299.       0.117566E+07   -145.299        74.5211        260.002               0           1        4669
         102    9.89784        9.37735        9.97858       -42.7390        150.300       0.654809       0.336404E+09    5.34572       0.534572        16.5500       0.330807E+09   0.555086E+07    46577.8        392694.       -290.673        59.7500        15.6838               0           1        4640
         103    10.2909        9.98680        10.6430       -76.4423        22.4551       -27.3067       0.220144E+10    6.12047       0.612047        22.2400       0.201646E+10   0.177891E+09   0.708710E+07   0.356043E+08   -155.808        268.861        243.660               0           1        4638
         104    10.1946        9.40581        10.5052       -19.7179        106.227       -71.4458       0.457874E+09    5.21088       0.521088        16.1900       0.423755E+09   0.335260E+08    593194.       0.266544E+07   -188.844        69.5151        196.365               0           1        4609
         105    10.6023        9.03881        10.1903       -77.2137        197.873       -52.2188       0.111141E+10    5.13505       0.513505        17.2700       0.106501E+10   0.429293E+08   0.347594E+07   0.460572E+08   -48.9488       -56.4081        88.3418               0           1        4479
         106    10.1318        9.81958        9.97068       -59.6208        73.0621        16.0507       0.321137E+09    5.23009       0.523009        15.6100       0.318336E+09   0.264861E+07    152053.       0.208233E+07   -210.415        211.486        12.9732               0           1        4474
         107    10.2806        9.33000        10.3659        40.8878        109.310        38.8945       0.533839E+09    5.48091       0.548091        16.7600       0.456595E+09   0.771024E+08    142140.       0.276187E+07   -159.346        43.5035        148.565               0           1        4444
         108    10.8006        9.07482        9.80131       -108.460        199.386       -25.3972       0.414379E+09    5.41125       0.541126        17.5100       0.363231E+09   0.508208E+08    327897.       0.366633E+07    19.0841       -44.0525       -45.1402               0           1        4439
         109    10.9245        9.47800        9.28470       -89.8249        50.2271        4.37961       0.553944E+09    6.30781       0.630781        18.7800       0.547798E+09   0.614593E+07    0.00000        0.00000        61.5994        94.2846       -222.397               1           1        4418
         110    10.5156        8.77013        10.6286       -90.0683        174.976       -64.3306       0.329754E+09    5.33646       0.533646        15.7500       0.328728E+09    752545.        272837.       0.576810E+07   -78.7106       -148.596        238.722               0           1        4265
         111    10.2837        9.95169        10.4873       -111.037        26.8443        1.74034       0.390153E+09    5.60168       0.560168        16.6700       0.379526E+09   0.105496E+08    77781.8        620146.       -158.269        256.815        190.244               0           1        4263
         112    9.99989        10.0232        9.91958       -68.6795        52.2417        14.1501       0.330041E+09    5.34469       0.534469        16.5900       0.327731E+09   0.220129E+07    109400.       0.102473E+07   -255.658        281.351       -4.56000               0           1        4233
         113    10.7727        9.05553        9.83049       -101.439        203.346       -74.7660       0.453418E+09    5.58418       0.558419        16.9500       0.437806E+09   0.155471E+08    65598.3       0.162335E+07    9.49399       -50.6712       -35.1281               0           1        4157
         114    10.4926        9.54594        10.3794       -113.909        55.1947       -78.5183       0.386291E+09    5.59276       0.559276        16.9400       0.377780E+09   0.817802E+07    333524.       0.500930E+07   -86.6056        117.596        153.194               0           1        4145
         115    10.8989        8.98088        9.56933       -70.2489        38.4986        56.2604       0.283712E+09    4.76929       0.476929        14.9000       0.281340E+09   0.233932E+07    32845.5        224307.        52.7951       -76.2847       -124.736               0           1        4125
         116    10.6961        9.77588        10.5677       -131.956        71.8553       -48.9998       0.276607E+09    5.01942       0.501942        16.2500       0.273358E+09   0.308334E+07    165037.       0.199846E+07   -16.7920        196.492        217.813               0           1        4113
         117    10.2368        9.96438        10.0514       -109.736        55.0120       -35.8117       0.284907E+10    4.45294       0.445294        19.3200       0.259910E+10   0.236326E+09   0.136433E+08   0.773102E+08   -174.388        261.169        40.6694               0           1        4104
         118    10.5294        9.80562        10.2626       -72.9713        16.2017       -19.5522       0.280121E+09    4.99574       0.499574        15.5900       0.276019E+09   0.400426E+07    98370.2       0.168778E+07   -73.9859        206.696        113.149               0           1        4065
         119    10.7515        9.70374        9.86814       -140.019       -19.5235        51.3858       0.377624E+09    5.28499       0.528499        17.5300       0.355499E+09   0.219003E+08    224545.       0.366683E+07    2.24397        171.739       -22.2098               0           1        4056
         120    10.7079        8.43606        10.9119       -81.2961        155.517       -69.1780       0.426895E+09    5.82505       0.582505        19.6000       0.425418E+09   0.141843E+07    58144.0        856099.       -12.7364       -263.221        335.927               0           1        4041
         121    10.7247        9.21452        9.93812        37.9363       -72.4234       -110.163       0.279065E+10    4.57200       0.457200        18.7700       0.243824E+10   0.302209E+09   0.502012E+08   0.943524E+08   -6.97896        3.88063        1.80135               0           0        4031
         122    11.0183        9.05173        9.62133       -42.0181        63.5405        38.8214       0.205461E+09    4.53563       0.453563        14.3700       0.204853E+09    595037.        13462.3        83900.2        93.7699       -51.9751       -106.894               0           1        4029
         123    10.5399        9.41852        9.88679       -9.73322        64.3291        48.7018       0.313792E+09    5.09182       0.509182        15.0200       0.313514E+09    223418.        54775.3        950564.       -70.3866        73.8761       -15.8107               0           1        4008
         124    10.7222        9.65283        10.1177       -113.475        82.2500        44.8833       0.124164E+10    4.79056       0.479056        16.7300       0.122505E+10   0.201118E+07   0.145775E+08   0.549706E+08   -7.81273        154.271        63.4042               0           1        3996
         125    10.8019        9.11529        9.99224       -161.391        137.466        50.4493       0.218970E+09    4.54489       0.454489        15.7300       0.218072E+09    393382.        504859.       0.500565E+07    19.5301       -30.1667        20.3707               0           1        3937
         126    10.2513        10.0036        9.54518       -78.9040        30.8292       -19.0651       0.319373E+09    4.89761       0.489761        16.4400       0.313431E+09   0.571452E+07    226916.       0.276542E+07   -169.382        274.626       -133.022               0           1        3925
         127    10.3859        8.72390        10.7381       -69.1914        198.819       -39.7495       0.369110E+09    5.26475       0.526475        15.4800       0.361901E+09   0.714602E+07    63784.6        545128.       -123.226       -164.458        276.293               0           1        3919
         128    10.1538        9.35212        10.0791       -20.3520        133.033        12.0274       0.321625E+09    5.26783       0.526783        15.5000       0.319500E+09   0.200388E+07    120964.       0.146199E+07   -202.867        51.0932        50.1668               0           1        3860
         129    10.4264        9.99422        9.61505       -131.793        42.7740        16.3112       0.204344E+09    4.30231       0.430231        12.7000       0.204104E+09    212303.        27584.3        180442.       -109.316        271.407       -109.049               0           1        3814
         130    10.5295        9.45158        10.3052       -110.469        52.9589       -51.0426       0.292368E+09    5.07500       0.507500        15.0300       0.285247E+09   0.695603E+07    164690.       0.152436E+07   -73.9516        85.2195        127.762               0           1        3806
         131    10.5602        9.40549        9.88274       -25.8799        52.5892        38.9927       0.436238E+09    5.83603       0.583603        17.2100       0.435893E+09    304485.        40397.4        263438.       -63.3973        69.4053       -17.2004               0           1        3774
         132    11.1623        8.48069        10.6329       -87.3336        135.888       -83.9961       0.491720E+09    6.05219       0.605219        17.8000       0.489019E+09   0.263991E+07    60962.0       0.132932E+07    143.172       -247.907        240.191               0           1        3772
         133    10.6931        9.31956        9.87496        10.2197        25.0536        71.5682       0.324815E+09    5.04858       0.504858        14.9500       0.324239E+09    563661.        11987.6        270729.       -17.8214        39.9214       -19.8698               0           1        3764
         134    10.7658        9.19646        9.91503       -108.960        336.447       -19.2909       0.276115E+10    4.34108       0.434108        16.0900       0.225808E+10   0.453162E+09   0.499066E+08   0.653105E+08    7.13679       -2.31603       -6.12117               0           0        3701
         135    10.1069        10.0832        9.87277       -81.6983        11.7054        5.25065       0.252614E+09    4.77821       0.477821        14.0600       0.249248E+09   0.335630E+07    8938.86        100217.       -218.935        301.941       -20.6212               0           1        3682
         136    10.3407        9.31388        10.3469       -116.996        135.791        23.0247       0.968601E+09    4.72846       0.472846        16.7100       0.965741E+09   0.223123E+07    629285.       0.337848E+07   -138.732        37.9725        142.060               0           1        3633
         137    10.2016        8.98171        10.6067       -42.4893        196.285       -35.8351       0.289968E+09    5.09593       0.509593        14.9900       0.288656E+09   0.131228E+07    0.00000        0.00000       -186.462       -76.0000        231.208               1           1        3592
         138    10.5470        9.04419        10.5222       -106.616        144.357       -88.0809       0.280045E+09    5.01976       0.501976        15.9200       0.276351E+09   0.354590E+07    148115.       0.606304E+07   -67.9333       -54.5621        202.201               0           1        3556
         139    10.7701        9.24839        9.98280       -93.0620        84.6397        93.4439       0.305487E+09    4.24810       0.424810        14.8200       0.302956E+09   0.207492E+07    457027.       0.776492E+07    8.61562        15.5019        17.1317               0           0        3518
         140    10.3633        9.36066        10.2956       -99.5983        41.9038       -86.3698       0.400174E+09    4.59533       0.459533        15.0500       0.346769E+09   0.530228E+08    381375.       0.828757E+07   -130.960        54.0234        124.444               0           1        3516
         141    10.5371        9.51376        10.7566       -126.733        120.794       -76.0621       0.259793E+09    4.94153       0.494153        14.9900       0.258643E+09   0.114872E+07    1739.39        77749.4       -71.3473        106.554        282.620               0           1        3508
         142    9.94950        9.31722        9.65316       -50.6551        142.195        20.0065       0.317314E+09    5.28019       0.528019        15.6000       0.315593E+09   0.169219E+07    29067.4        393327.       -272.948        39.1185       -95.9727               0           1        3481
         143    11.0884        8.81797        9.95772       -120.158        122.679       -93.1485       0.315639E+09    5.24141       0.524141        15.4200       0.315510E+09    129455.        0.00000        0.00000        117.812       -132.182        8.52641               1           1        3480
         144    10.7928        9.18748        9.99596       -86.9226        48.2967        99.0983       0.310342E+09    4.29751       0.429751        13.7000       0.309773E+09    484194.        85106.7       0.102476E+07    16.4043       -5.39720        21.6471               0           0        3470
         145    10.8744        9.13865        9.95198       -118.183        87.4933        98.5338       0.258274E+09    4.76963       0.476963        15.2100       0.257313E+09    813652.        147631.        893496.        44.3956       -22.1515        6.55693               0           1        3422
         146    10.2870        9.97509        9.74650       -95.5536        6.58089       -9.00275       0.267566E+09    4.98065       0.498065        15.1700       0.265294E+09   0.210663E+07    165257.       0.166811E+07   -157.133        264.844       -63.9463               0           1        3406
         147    10.5959        8.94391        10.5929       -112.186        164.928       -91.7820       0.349152E+09    5.41297       0.541297        16.9900       0.346021E+09   0.313098E+07    0.00000        0.00000       -51.1687       -88.9697        226.470               1           1        3396
         148    10.5193        10.0500        9.52474       -140.249       -47.3947       -13.3614       0.551456E+09    6.40045       0.640045        19.9100       0.548712E+09   0.273440E+07    10024.0        103661.       -77.4410        290.529       -140.036               0           1        3396
         149    10.6629        9.82761        10.5368       -129.083        26.7975       -38.9356       0.278230E+09    5.06299       0.506299        15.0000       0.277432E+09    668816.        128967.       0.380902E+07   -28.1560        214.241        207.207               0           1        3386
         150    10.4913        9.76067        10.2277       -61.0547        37.4279       -2.28250       0.296564E+09    5.13127       0.513127        15.5300       0.295390E+09   0.117374E+07    0.00000        0.00000       -87.0448        191.273        101.174               1           1        3378
         151    10.4976        9.32531        10.3005       -90.6048        154.574       -4.97570       0.252282E+09    4.77924       0.477924        14.6800       0.247835E+09   0.423208E+07    214591.        472553.       -84.8969        41.8943        126.136               0           1        3374
         152    10.6056        9.19935        10.1625       -60.0120        190.416       -64.7711       0.294390E+09    5.11686       0.511686        15.7200       0.288739E+09   0.558455E+07    66714.4        977768.       -47.8165       -1.32442        78.7963               0           1        3347
         153    10.2342        9.96053        10.0572       -108.947       -32.1694        16.8929       0.272596E+10    4.61043       0.461043        19.7400       0.251348E+10   0.198948E+09   0.135306E+08   0.763992E+08   -175.267        259.848        42.6458               0           1        3307
         154    10.0961        10.0775        9.73383       -73.9096        66.2537        15.2633       0.285558E+09    5.01839       0.501839        14.8200       0.279594E+09   0.585705E+07    107239.        859081.       -222.640        299.992       -68.2936               0           1        3244
         155    10.3540        9.34380        10.3252       -147.800        42.7868       -102.626       0.576377E+09    3.82504       0.382504        12.6300       0.564675E+09   0.112487E+08    453413.       0.829569E+07   -134.161        48.2385        134.611               0           1        3226
         156    10.3086        9.31859        10.1381       -25.2234        140.223        27.0038       0.252727E+09    4.88457       0.488457        15.3600       0.247669E+09   0.496403E+07    94180.3        893710.       -149.742        39.5886        70.4346               0           1        3204
         157    10.7858        9.37851        10.2628       -161.163        100.244       -82.8952       0.241613E+09    4.81767       0.481767        14.9800       0.241184E+09    287397.        141508.       0.222489E+07    13.9888        60.1480        113.197               0           1        3184
         158    10.6736        9.15323        9.95090       -42.2088        211.928       -118.193       0.281732E+09    4.36235       0.436236        13.0200       0.280675E+09   0.104356E+07    13829.2        61401.3       -24.5018       -17.1489        6.18636               0           0        3170
         159    10.7878        9.77539        9.63749       -115.934        29.7525        28.7599       0.280219E+09    5.07775       0.507775        15.2300       0.276185E+09   0.400812E+07    26129.2        189089.        14.6990        196.324       -101.349               0           1        3168
         160    10.8959        9.57127        9.51215       -112.146        45.4873        11.7928       0.227777E+09    4.72022       0.472022        14.3500       0.225305E+09   0.245509E+07    17164.6        219942.        51.7863        126.287       -144.355               0           1        3163
         161    9.95261        8.72974        10.5351       -51.5217        188.382       -11.6128       0.252904E+09    4.90276       0.490276        14.6900       0.251909E+09    995062.        0.00000        0.00000       -271.881       -162.455        206.641               1           1        3161
         162    9.90164        9.67994        10.0436       -62.5044        81.5087        17.5535       0.257132E+09    4.93638       0.493639        15.3900       0.256731E+09    307192.        93725.0        914809.       -289.369        163.573        38.0068               0           1        3149
         163    9.96449        9.58655        10.7125       -107.317        133.304       -60.2567       0.222562E+09    4.25873       0.425873        12.7800       0.215744E+09   0.670418E+07    113647.       0.119435E+07   -267.805        131.530        267.486               0           1        3104
         164    10.2139        9.91387        10.0802       -97.4174        24.0628       -25.2077       0.229059E+09    4.64165       0.464165        15.1000       0.223974E+09   0.499279E+07    91460.6       0.289412E+07   -182.239        243.838        50.5408               0           1        3077
         165    10.5296        9.73716        10.0370       -94.1717       -38.2365        8.61838       0.251573E+09    4.87874       0.487874        15.3100       0.247918E+09   0.357603E+07    79274.4       0.160571E+07   -73.8967        183.206        35.7114               0           1        3044
         166    10.5547        9.64375        10.4837       -122.408        62.3391       -57.0858       0.138680E+10    4.94290       0.494290        16.5900       0.128225E+10   0.100354E+09   0.419155E+07   0.165065E+08   -65.2845        151.156        189.001               0           1        3025
         167    10.1098        10.0612        9.88613       -83.9773        24.2506        16.7064       0.178221E+09    4.25016       0.425016        13.1400       0.174341E+09   0.388023E+07    0.00000        0.00000       -217.929        294.386       -16.0372               1           1        3012
         168    9.97258        9.87137        10.0826       -70.2092        67.7129        22.3243       0.252662E+09    4.89315       0.489315        14.5000       0.251659E+09    834092.        168372.        825398.       -265.029        229.256        51.3609               0           1        2977
         169    10.4276        8.61006        10.7217       -73.8280        196.942       -67.1970       0.206776E+09    4.55862       0.455862        13.9200       0.205684E+09   0.104998E+07    41985.4        419446.       -108.905       -203.519        270.670               0           1        2919
         170    10.4074        9.89094        10.3285       -81.3992        35.6961       -8.51372       0.182638E+09    4.34245       0.434245        13.4700       0.180909E+09   0.167208E+07    57045.4        641114.       -115.836        235.970        135.733               0           1        2888
         171    10.8245        8.99889        9.60109       -118.273        63.0195        7.50685       0.170999E+09    4.22236       0.422236        12.4500       0.170932E+09    66523.5        0.00000        0.00000        27.2639       -70.1052       -113.839               1           1        2878
         172    9.87567        9.55426        9.93393       -69.8901        87.4327        25.7890       0.250405E+09    4.84066       0.484066        14.2600       0.249082E+09   0.132298E+07    0.00000        0.00000       -298.280        120.451       0.363702               1           1        2873
         173    10.4479        9.43843        10.3457       -123.704        30.2541       -52.2291       0.211770E+09    4.33731       0.433731        13.7400       0.198118E+09   0.136004E+08    51010.2       0.105588E+07   -101.946        80.7075        141.648               0           1        2842
         174    10.2879        9.37709        10.3090        15.4115        171.311        48.4840       0.195218E+09    4.45157       0.445156        13.5300       0.194793E+09    415208.        10232.8        94965.6       -156.834        59.6608        129.052               0           1        2820
         175    10.5661        8.75097        10.6003       -101.308        169.898       -70.9669       0.192700E+09    4.48416       0.448416        14.0900       0.191883E+09    816657.        0.00000        0.00000       -61.3833       -155.170        229.009               1           1        2815
         176    10.5969        8.49101        10.5422       -61.0472        189.139       -57.9643       0.225466E+09    4.69346       0.469346        13.9100       0.224639E+09    826437.        0.00000        0.00000       -50.8050       -244.366        209.057               1           1        2803
         177    10.7941        8.91598        10.0142       -110.493        171.800       -98.3164       0.264918E+09    4.97413       0.497413        14.7300       0.263881E+09   0.103744E+07    0.00000        0.00000        16.8538       -98.5529        27.9021               1           1        2731
         178    10.5627        9.84486        9.52974       -130.231       0.641942        8.65808       0.187220E+09    4.45911       0.445911        13.5700       0.186645E+09    524146.        50734.0        551429.       -62.5636        220.160       -138.320               0           1        2712
         179    10.7193        9.27733        9.92603       -120.044        117.530        33.5760       0.276645E+09    3.78043       0.378043        11.4500       0.276185E+09    73581.8        385964.       0.139323E+07   -8.80433        25.4317       -2.34691               0           0        2692
         180    10.6088        9.15199        10.1144       -37.3643        197.090       -55.6461       0.214280E+09    4.64062       0.464062        14.1400       0.212086E+09   0.206689E+07    127877.       0.257097E+07   -46.7185       -17.5743        62.2754               0           1        2669
         181    10.0778        10.0741        9.74271       -57.3082        57.3412        8.99233       0.203975E+09    4.41657       0.441657        13.8500       0.201693E+09   0.218032E+07    101375.        950037.       -228.937        298.822       -65.2467               0           1        2666
         182    10.3579        8.70876        10.7503       -90.6436        163.194       -72.5084       0.507351E+09    4.47593       0.447593        14.3000       0.498829E+09   0.835044E+07    171335.       0.385259E+07   -132.830       -169.653        280.490               0           1        2660
         183    10.3667        8.89906        10.6967       -90.0087        176.266       -63.5999       0.182252E+09    4.35343       0.435343        13.2400       0.181408E+09    844385.        0.00000        0.00000       -129.814       -104.358        262.099               1           1        2647
         184    10.7282        9.10224        9.98532       -19.8075        66.1290       -51.8086       0.230369E+09    4.05664       0.405664        13.6300       0.210506E+09   0.197978E+08    65736.2        950016.       -5.76776       -34.6443        17.9964               0           1        2639
         185    10.2660        9.42061        10.4590       -89.9232        64.4675       -86.4376       0.166326E+09    3.97120       0.397120        12.2200       0.161787E+09   0.453882E+07    0.00000        0.00000       -164.359        74.5932        180.520               1           1        2619
         186    10.2808        9.41255        10.5920       -100.761        118.385       -102.275       0.195490E+09    4.45397       0.445397        13.8300       0.195292E+09    75116.7        123675.       0.113593E+07   -159.260        71.8277        226.154               0           1        2596
         187    10.2492        9.12819        10.5947       -25.2930        166.298       -63.3702       0.191844E+09    4.45362       0.445362        13.7500       0.187227E+09   0.460364E+07    12920.9        177590.       -170.106       -25.7405        227.070               0           1        2562
         188    10.8822        9.06194        9.64111       -7.65658        82.0144        70.3028       0.190428E+09    4.37333       0.437333        12.9200       0.184151E+09   0.623455E+07    42529.8        412719.        47.0891       -48.4718       -100.107               0           1        2559
         189    10.4249        9.32887        10.2825       -82.3099        216.328        23.1978       0.187375E+09    4.16815       0.416815        13.6100       0.178997E+09   0.831908E+07    59139.7       0.120540E+07   -109.835        43.1158        119.974               0           1        2555
         190    10.8400        8.87383        10.0401       -88.0829        195.618       -101.183       0.214262E+09    4.55038       0.455038        13.7800       0.210007E+09   0.425467E+07    0.00000        0.00000        32.5822       -113.015        36.7819               1           1        2538
         191    10.7475        9.05732        10.0316       -45.9411        225.927       -74.5460       0.593050E+09    4.52019       0.452019        17.2300       0.528177E+09   0.642686E+08    604763.       0.885189E+07   0.871512       -50.0570        33.8792               0           1        2526
         192    10.2398        9.91772        10.4413       -106.029        16.8646        7.91101       0.303092E+09    5.18823       0.518823        15.9000       0.296970E+09   0.609800E+07    23947.4        94338.0       -173.352        245.159        174.467               0           1        2524
         193    10.4321        9.27596        9.94057       -11.0352        127.800        32.2877       0.176990E+09    4.32839       0.432839        13.8200       0.176752E+09    11378.1        227017.       0.501465E+07   -107.374        24.9616        2.64199               0           1        2493
         194    10.2542        9.01028        10.7220       -52.4226        185.568       -58.4858       0.187919E+09    4.39667       0.439667        13.2200       0.184816E+09   0.310228E+07    0.00000        0.00000       -168.404       -66.1972        270.766               1           1        2489
         195    10.2460        9.13270        9.33328       -41.5102        128.518        12.1940       0.201658E+09    4.50749       0.450749        13.2900       0.200446E+09   0.118809E+07    23485.7        199656.       -171.228       -24.1930       -205.728               0           1        2485
         196    10.2594        9.49373        10.1853       -36.2273        80.1643        22.4458       0.168073E+09    4.27383       0.427383        14.0100       0.168022E+09    12549.0        37678.4        828874.       -166.613        99.6818        86.6194               0           1        2481
         197    10.3765        9.33877        10.3376       -105.769        120.480       -13.0092       0.109104E+10    3.49462       0.349462        12.1600       0.104921E+10   0.255753E+08   0.162517E+08   0.711327E+08   -126.421        46.5127        138.869               0           1        2480
         198    10.7458        9.21685        9.97034       -208.219        239.741        51.1739       0.392575E+09    3.62191       0.362191        12.7300       0.382352E+09   0.100075E+08    215398.       0.180352E+07   0.267630        4.68009        12.8565               0           0        2475
         199    10.3083        9.16819        10.5068       -3.36886        205.921       -30.4735       0.167517E+09    4.25050       0.425050        13.7900       0.165362E+09   0.209786E+07    56860.7       0.141646E+07   -149.825       -12.0159        196.907               0           1        2465
         200    10.8790        8.97914        9.62422       -66.5164        43.6560        41.2462       0.125933E+09    3.81886       0.381886        11.4700       0.125539E+09    382137.        12226.9        97216.0        45.9877       -76.8818       -105.902               0           1        2449
         201    10.2963        9.58638        10.2041       -59.6543        54.0269       -10.4080       0.192672E+09    4.45500       0.445500        13.5400       0.187560E+09   0.511197E+07    0.00000        0.00000       -153.956        131.471        93.0596               1           1        2448
         202    10.0888        9.49643        10.6308       -69.6676        176.195       -76.7073       0.187689E+09    3.98459       0.398459        12.4000       0.175089E+09   0.124952E+08    104887.        898645.       -225.155        100.608        239.474               0           1        2432
         203    9.93053        9.61533        9.66973       -63.8714        83.9794        29.3007       0.199355E+09    4.54626       0.454626        14.5100       0.199033E+09    321954.        0.00000        0.00000       -279.457        141.405       -90.2873               1           1        2417
         204    10.3364        8.69260        10.8022       -67.0237        197.077       -57.9188       0.225825E+09    4.59567       0.459567        13.6500       0.222727E+09   0.308357E+07    14398.8        97216.0       -140.190       -175.198        298.273               0           1        2382
         205    10.8150        9.02282        9.62508       -101.208        74.0170        19.4541       0.184997E+09    4.31604       0.431603        12.8000       0.184899E+09    28503.9        69032.5        479968.        24.0112       -61.8945       -105.607               0           1        2349
         206    10.7095        9.69807        9.86337       -101.701       -26.2070        31.8892       0.177965E+09    4.24021       0.424021        13.4600       0.170267E+09   0.760581E+07    91800.6        717748.       -12.1737        169.794       -23.8465               0           1        2328
         207    10.8733        9.62889        9.43153       -97.2195        33.0436        11.3939       0.163746E+09    4.23849       0.423849        12.4800       0.163450E+09    295883.        0.00000        0.00000        44.0114        146.057       -172.017               1           1        2323
         208    10.4867        9.05032        10.3163       -56.0303        210.556       -59.1298       0.127623E+09    3.89195       0.389195        11.6500       0.126287E+09   0.133583E+07    0.00000        0.00000       -88.6129       -52.4588        131.578               1           1        2285
         209    9.87709        9.61566        9.97973       -62.0285        80.9571        17.7720       0.165193E+09    4.27143       0.427143        13.7700       0.164447E+09    644574.        101043.       0.127680E+07   -297.793        141.518        16.0784               0           1        2284
         210    10.6119        8.71664        10.3787       -73.1230        185.639       -58.8023       0.156731E+09    4.17879       0.417879        13.3200       0.156549E+09    14423.7        167339.       0.358547E+07   -45.6755       -166.949        152.978               0           1        2269
         212    10.5857        9.30630        10.2031       -45.8143        56.5960       -10.3702       0.157832E+09    4.00552       0.400552        12.3600       0.149815E+09   0.795089E+07    65698.9        734832.       -54.6445        35.3717        92.7200               0           1        2256
         213    10.4518        8.84816        10.6402       -83.4553        170.502       -64.9986       0.206782E+09    4.56411       0.456411        13.5000       0.205767E+09   0.101503E+07    0.00000        0.00000       -100.588       -121.823        242.706               1           1        2243
         214    10.2015        10.1222        9.41576       -73.0557        28.8923       -19.3707       0.317030E+09    5.25582       0.525582        16.9200       0.314678E+09   0.231656E+07    35255.7        459145.       -186.466        315.323       -177.428               0           1        2240
         215    11.0338        9.76136        9.32794       -115.629        9.35064       -6.44918       0.197419E+09    4.49960       0.449960        13.3500       0.197038E+09    381778.        0.00000        0.00000        99.0985        191.510       -207.561               1           1        2235
         216    10.4805        8.72285        10.8249       -101.450        171.664       -87.2037       0.180289E+09    4.38020       0.438020        13.2500       0.179579E+09    710619.        0.00000        0.00000       -90.7608       -164.819        306.086               1           1        2205
         217    10.3711        9.26920        10.2912       -59.0318        96.1826        7.50908       0.146150E+09    3.65794       0.365794        10.8300       0.144993E+09   0.107496E+07    82415.3        680890.       -128.294        22.6422        122.959               0           1        2178
         218    10.5199        9.10964        10.6803       -131.619        136.827       -88.1205       0.141597E+09    4.01787       0.401787        12.4500       0.140753E+09    843573.        0.00000        0.00000       -77.2455       -32.1053        256.441               1           1        2178
         219    10.3348        9.37079        10.4301       -98.0420        104.405       -128.023       0.152407E+09    3.92900       0.392900        12.6000       0.151145E+09   0.108377E+07    178259.       0.239247E+07   -140.749        57.4992        170.604               0           1        2173
         220    11.1244        9.90980        10.5557       -125.551        7.52567       -8.51667       0.148953E+09    4.05458       0.405458        11.9700       0.148817E+09    113198.        21961.2        180425.        130.192        242.442        213.719               0           1        2166
         221    9.83468        9.67891        10.7561       -98.8633        95.5085        4.04407       0.113760E+09    3.62466       0.362466        11.2900       0.112070E+09   0.160486E+07    84956.7        492259.       -312.344        163.220        282.469               0           1        2159
         223    11.2895        9.71249        9.94089       -134.665        14.5579       -12.8004       0.126580E+09    3.88714       0.388714        12.6700       0.125705E+09    805219.        69246.9       0.185256E+07    186.809        174.742        2.75178               0           1        2148
         225    10.9146        8.87507        9.72186       -87.6927        142.730       -108.466       0.151239E+09    4.00071       0.400071        12.0800       0.146656E+09   0.449128E+07    91896.0        487588.        58.1786       -112.590       -72.4007               0           1        2137
         227    10.3693        9.33133        10.3520       -11.1535        209.835       -87.7662       0.319924E+10    3.02215       0.302215        12.7400       0.276149E+10   0.140433E+09   0.297315E+09   0.789271E+09   -128.905        43.9599        143.806               0           1        2120
         228    10.2023        10.0078        10.5252       -110.452        6.50737        7.41646       0.148889E+09    4.02130       0.402130        11.8300       0.146739E+09   0.214988E+07    0.00000        0.00000       -186.215        276.063        203.254               1           1        2119
         229    10.1950        9.91899        9.80267       -69.8605        69.5554        15.6042       0.158510E+09    4.19217       0.419217        13.0300       0.158212E+09    274048.        24203.6        201274.       -188.703        245.595       -44.6736               0           1        2103
         231    10.5592        9.79365        9.97850       -90.2254       -21.6749        15.3714       0.163866E+09    4.22580       0.422580        13.1000       0.161704E+09   0.213408E+07    27978.6        348860.       -63.7370        202.589        15.6563               0           1        2098
         232    10.5187        10.0425        9.52585       -122.770       -26.3709       -25.2161       0.382237E+09    4.14688       0.414688        12.5300       0.381188E+09   0.103831E+07    10024.0        103661.       -77.6572        287.966       -139.655               0           1        2094
         233    10.9495        9.01511        9.59452       -31.3128        74.2824        30.1268       0.202497E+10    3.94410       0.394410        13.7800       0.181209E+10   0.186671E+09   0.262058E+08   0.582469E+08    70.1636       -64.5399       -116.093               0           1        2093
         234    10.1753        9.34802        10.2932       -4.20711        140.328        10.3970       0.157712E+09    4.10914       0.410914        12.8700       0.152476E+09   0.520153E+07    35013.4        279113.       -195.476        49.6865        123.645               0           1        2082
         235    10.5901        10.0222        10.5869       -131.935       -14.4432        7.50818       0.426365E+09    4.32942       0.432942        14.4700       0.425252E+09    904484.        208681.       0.169093E+07   -53.1451        281.011        224.414               0           1        2078
         236    10.7621        8.48196        10.3969       -71.8651        178.084       -70.9720       0.151861E+09    4.13075       0.413075        12.5000       0.151062E+09    798748.        0.00000        0.00000        5.85011       -247.472        159.205               1           1        2078
         237    10.4184        9.81104        11.0426       -120.669        118.847       -28.8870       0.158613E+09    4.08855       0.408855        12.0800       0.158295E+09    280630.        37293.3        275915.       -112.061        208.556        380.768               0           1        2075
         238    10.0416        9.54389        10.6292       -62.7250        117.215       -31.6062       0.128421E+09    3.81200       0.381200        12.9100       0.126786E+09   0.154961E+07    85386.4       0.172422E+07   -241.350        116.892        238.911               0           1        2065
         239    10.5368        9.30728        10.2567       -24.2020        119.361        33.8596       0.153468E+09    3.96606       0.396606        11.8800       0.149316E+09   0.414164E+07    9590.67        101057.       -71.4434        35.7080        111.107               0           1        2057
         241    10.3447        9.31660        10.4150       -81.4549        190.089       -32.7634       0.118033E+09    3.05543       0.305543        9.04000       0.117641E+09    381734.        10667.8        97972.9       -137.342        38.9058        165.423               0           1        2040
         242    10.2925        9.41741        10.4282       -80.9255        38.2831       -74.5548       0.192545E+09    3.99214       0.399213        12.2300       0.184484E+09   0.806171E+07    0.00000        0.00000       -155.260        73.4952        169.965               1           1        2007
         243    10.3274        9.36327        10.3667       -61.6161        190.595       -35.1662       0.230327E+09    3.38311       0.338311        10.2500       0.229378E+09    802708.        146067.        968089.       -143.292        54.9190        148.867               0           1        1996
         244    10.4277        9.20796        10.3765       -82.3571        227.515       -50.6944       0.150463E+09    4.11017       0.411017        13.0100       0.147903E+09   0.243493E+07    125152.       0.111632E+07   -108.864        1.62980        152.233               0           1        1988
         245    10.2195        9.43056        10.5645       -36.7129        105.628       -51.9043       0.131407E+09    3.86724       0.386724        12.7200       0.130610E+09    796993.        0.00000        0.00000       -180.324        78.0072        216.711               1           1        1932
         246    10.6730        9.57317        10.1083       -80.5435        126.772        39.2821       0.194134E+09    3.89744       0.389744        11.9900       0.191717E+09   0.238897E+07    27915.5        674095.       -24.7043        126.939        60.2098               0           1        1914
         247    10.0292        10.0638        10.2624       -91.9091        30.2922        3.62699       0.117144E+09    3.78283       0.378284        11.6600       0.116726E+09    388698.        29525.7        184093.       -245.609        295.285        113.070               0           1        1914
         248    10.3409        9.32823        10.3217       -12.7979        253.153        41.7351       0.275847E+09    3.81097       0.381097        12.2700       0.274938E+09    828619.        80834.6        363330.       -138.656        42.8962        133.417               0           1        1913
         249    10.5711        9.37031        10.1947       -88.5600        73.3466       -46.7672       0.133822E+09    3.83499       0.383499        11.4500       0.128033E+09   0.574419E+07    45299.9        396380.       -59.6814        57.3345        89.8481               0           1        1889
         250    10.1117        9.47631        10.5579       -38.0802        110.565       -28.9137       0.140341E+09    3.80136       0.380136        11.2200       0.133354E+09   0.698684E+07    0.00000        0.00000       -217.291        93.7047        214.461               1           1        1882
         251    10.7267        9.79342        10.4882       -148.423        31.1410       -44.0432       0.125961E+09    3.83327       0.383327        11.9200       0.122878E+09   0.304788E+07    34594.2        490081.       -6.27557        202.510        190.528               0           1        1866
         253    10.5802        9.57506        10.8240       -137.350        128.955       -79.9048       0.135394E+09    3.91974       0.391974        12.0900       0.134684E+09    710318.        0.00000        0.00000       -56.5453        127.587        305.777               1           1        1860
         254    10.6766        9.27083        9.98579       -126.159        53.5441       -153.572       0.144285E+09    3.77357       0.377357        12.6400       0.140753E+09   0.346439E+07    67693.5        702918.       -23.4588        23.2014        18.1576               0           0        1847
         255    10.7148        8.93221        10.3155       -109.968        162.398       -84.1264       0.137912E+09    4.01307       0.401306        13.2700       0.137677E+09    41192.4        193908.       0.125905E+07   -10.3552       -92.9841        131.296               0           1        1846
         256    10.5326        8.58399        10.6200       -88.0884        186.208       -69.5325       0.141505E+09    4.02542       0.402542        12.2800       0.140504E+09   0.100169E+07    0.00000        0.00000       -72.8913       -212.464        235.751               1           1        1838
         257    10.2913        9.98816        10.6313       -154.853        31.7456        29.8830       0.920570E+09    3.63667       0.363667        12.4600       0.843691E+09   0.740551E+08   0.282299E+07   0.897921E+07   -155.664        269.328        239.655               0           1        1834
         258    10.2993        8.91409        10.6572       -61.1938        201.094       -50.8909       0.147324E+09    4.02473       0.402473        12.0100       0.146157E+09   0.116659E+07    0.00000        0.00000       -152.926       -99.2014        248.528               1           1        1832
         259    10.7026        9.29178        9.84645       -24.9868        18.4476        105.953       0.173294E+09    4.02851       0.402850        12.6700       0.171597E+09   0.166491E+07    31444.0        178239.       -14.5481        30.3897       -29.6520               0           1        1817
         260    10.7402        9.55669        9.92666       -70.3044        35.6677        66.8064       0.126210E+09    3.87273       0.387273        11.5300       0.126038E+09    172864.        0.00000        0.00000       -1.64352        121.284       -2.13074               1           1        1814
         261    10.4114        8.73357        10.7358       -99.1676        180.280       -78.6901       0.133334E+09    3.90464       0.390464        11.9900       0.131026E+09   0.230820E+07    0.00000        0.00000       -114.467       -161.141        275.484               1           1        1811
         262    10.8953        9.50152        9.37379       -109.237        41.7597       -1.30908       0.109847E+09    3.69774       0.369774        11.4300       0.108994E+09    852287.        0.00000        0.00000        51.5667        102.355       -191.829               1           1        1804
         263    11.3375        9.70596        9.93039       -136.737        15.5263       -9.34484       0.223034E+09    4.68317       0.468317        14.4800       0.221979E+09    899147.        155685.       0.167410E+07    203.306        172.501      -0.850925               0           1        1793
         264    10.8240        9.55025        10.4576       -154.024        93.1773       -72.6951       0.135796E+09    3.97052       0.397052        12.0600       0.135765E+09    20628.5        10734.7        91322.1        27.1129        119.075        180.043               0           1        1786
         265    10.2103        10.1025        9.59878       -79.0710        49.4480       -8.14325       0.123299E+09    3.84494       0.384494        12.0800       0.121216E+09   0.207389E+07    9590.92        101057.       -183.477        308.560       -114.631               0           1        1779
         266    10.2917        9.10223        10.5685       -46.0094        216.098       -55.5362       0.137533E+09    3.56290       0.356290        10.7400       0.135515E+09   0.201717E+07    0.00000        0.00000       -155.520       -34.6477        218.084               1           1        1770
         267    10.2602        9.34506        10.3340        17.9482        134.854        57.5580       0.130955E+09    3.58108       0.358108        10.7700       0.111572E+09   0.193836E+08    0.00000        0.00000       -166.352        48.6709        137.620               1           1        1768
         268    10.7901        8.91863        10.1038       -102.715        172.189       -107.345       0.137493E+09    4.00071       0.400071        13.7100       0.136846E+09    466721.        180512.       0.189939E+07    15.4711       -97.6437        58.6349               0           1        1763
         269    10.8786        9.15859        9.82966       -141.575        172.260       -11.2342       0.116310E+09    3.73995       0.373995        11.8200       0.116144E+09    126791.        39144.3        448825.        45.8230       -15.3098       -35.4129               0           1        1745
         270    10.8236        9.66917        10.5471       -147.222        78.6531       -54.7263       0.117094E+09    3.80514       0.380514        11.5800       0.116976E+09    59067.1        59297.4        428054.        26.9688        159.878        210.751               0           1        1742
         271    10.7546        9.63518        9.94916       -105.653       -32.9293        53.3092       0.124926E+09    3.67681       0.367681        11.1200       0.115978E+09   0.890602E+07    41648.3        421858.        3.27675        148.215        5.58934               0           1        1729
         272    11.0653        8.76965        9.64370       -87.8668        60.7310        1.13416       0.183123E+09    3.73343       0.373343        12.9800       0.180077E+09   0.290149E+07    144144.        969014.        109.913       -148.761       -99.2185               0           1        1727
         273    10.1768        10.1084        9.54376       -71.9131        21.1010       -13.5243       0.181353E+09    4.32701       0.432701        12.7300       0.178913E+09   0.243923E+07    0.00000        0.00000       -194.954        310.577       -133.509               1           1        1721
         274    9.96705        9.50116        9.85250       -65.4860        91.1595        24.4342       0.121113E+09    3.85626       0.385626        12.3900       0.120717E+09    377390.        18786.5        420718.       -266.926        102.231       -27.5761               0           1        1716
         276    10.1289        10.0373        10.5055       -84.5864        52.6316        7.30835       0.110223E+09    3.60064       0.360064        10.6200       0.108994E+09   0.121582E+07    12464.1        83181.6       -211.376        286.182        196.481               0           1        1693
         277    10.5034        9.76172        10.0395       -92.0065       -43.5999        2.14895       0.118622E+09    3.80411       0.380411        12.4700       0.116726E+09   0.182812E+07    67898.4       0.129715E+07   -82.8828        191.633        36.5692               0           1        1687
         279    10.5279        9.98883        9.38435       -115.396        38.9364       0.173997       0.164878E+09    4.20864       0.420864        13.1200       0.161787E+09   0.304657E+07    44171.8        406681.       -74.4971        269.558       -188.205               0           1        1653
         280    10.0348        9.37707        10.0313       -41.6603        137.162        3.12804       0.123421E+09    3.82813       0.382813        12.3400       0.122296E+09    882473.        242496.       0.385519E+07   -243.691        59.6540        33.7900               0           1        1648
         281    9.75858        9.42534        10.1681       -59.7607        138.331        7.28929       0.116481E+09    3.80960       0.380960        11.8600       0.115812E+09    644829.        25012.8        353955.       -338.455        76.2161        80.7075               0           1        1620
         282    10.8938        8.65040        9.87540      -0.404222        192.670       -57.4821       0.192862E+09    4.42446       0.442446        14.5100       0.191384E+09   0.147793E+07    0.00000        0.00000        51.0486       -189.677       -19.7188               1           1        1593
         283    10.6857        9.40553        10.4681       -145.173        121.860       -93.1645       0.412409E+09    3.93552       0.393552        13.7100       0.396486E+09   0.158843E+08    38807.4        908898.       -20.3570        69.4190        183.656               0           1        1584
         284    10.2321        9.14077        9.33752       -26.7729        130.267        9.59647       0.133506E+09    3.77769       0.377769        11.1100       0.132439E+09   0.105262E+07    14087.4        80062.1       -175.970       -21.4241       -204.273               0           1        1583
         285    10.7490        9.46619        9.79869       -78.2378        28.2367        59.0188       0.111348E+09    3.69603       0.369603        11.4200       0.111156E+09    153090.        38658.7        269545.        1.36560        90.2324       -46.0392               0           1        1582
         286    10.6928        9.85148        9.57936       -118.014        24.1797        21.1420       0.113037E+09    3.74749       0.374749        12.3400       0.111987E+09   0.103166E+07    17714.0        378801.       -17.9003        222.431       -121.295               0           1        1570
         287    9.69787        9.41551        9.91655       -73.8473        103.260        5.53940       0.108160E+09    3.66515       0.366515        10.9100       0.107248E+09    911882.        0.00000        0.00000       -359.286        72.8433       -5.59964               1           1        1549
         288    10.6066        9.44441        10.2033       -100.439        69.8766       -45.8189       0.268016E+09    3.54952       0.354952        12.6100       0.262966E+09   0.489269E+07    157696.       0.359011E+07   -47.4940        82.7593        92.7886               0           1        1434
         289    10.8954        9.43418        10.3293       -159.361        78.1445       -67.0914       0.292753E+09    3.73274       0.373274        12.3200       0.292231E+09    404939.        117109.       0.253121E+07    51.6148        79.2493        136.038               0           1        1425
         290    10.9444        8.88879        9.69207       -61.5742        138.194       -65.1716       0.136160E+09    3.95027       0.395027        11.9200       0.134684E+09   0.147638E+07    0.00000        0.00000        68.4308       -107.882       -82.6221               1           1        1415
         291    10.9117        9.18239        10.5384       -135.839        132.519       -89.8001       0.107144E+09    3.69157       0.369157        11.0700       0.106999E+09    144949.        0.00000        0.00000        57.2076       -7.14365        207.780               1           1        1414
         292    9.97443        9.32809        10.0138       -49.8692        152.098        23.0454       0.113579E+09    3.75745       0.375744        12.0400       0.112569E+09    977558.        31917.6        303223.       -264.394        42.8482        27.7580               0           1        1402
         293    10.8942        8.60025        10.6173       -93.1968        162.559       -76.7070       0.105984E+09    3.68539       0.368539        11.2400       0.105586E+09    397994.        0.00000        0.00000        51.2065       -206.885        234.835               1           1        1364
         294    11.5130        9.44813        9.64662       -105.936        36.9257       -25.3447       0.122747E+09    3.83568       0.383567        11.6600       0.122546E+09    201467.        0.00000        0.00000        263.526        84.0357       -98.2167               1           1        1360
         295    10.4848        9.50708        10.3204       -114.735        43.0632       -55.0296       0.119915E+09    3.77083       0.377083        11.3500       0.114315E+09   0.560019E+07    0.00000        0.00000       -89.2957        104.262        132.981               1           1        1279
         296    10.2355        9.05959        10.7124       -99.7838        160.149       -63.4797       0.135623E+09    3.89195       0.389195        11.6500       0.134351E+09   0.127168E+07    0.00000        0.00000       -174.820       -49.2782        267.465               1           1        1273
         297    10.8568        8.62317        9.88625        8.47050        189.728       -41.7803       0.116816E+09    3.73274       0.373274        11.6800       0.116394E+09    422487.        0.00000        0.00000        38.3740       -199.020       -15.9960               1           1        1208
         298    10.5835        9.93816        9.43733       -119.925        38.4200        7.03223       0.125245E+09    3.87994       0.387994        11.9300       0.122130E+09   0.311536E+07    0.00000        0.00000       -55.4062        252.172       -170.027               1           1        1207
         300    10.1575        10.0052        10.7013       -109.446        19.8867        4.84105       0.119277E+09    3.76396       0.376396        11.2000       0.118139E+09   0.113797E+07    0.00000        0.00000       -201.577        275.164        263.667               1           1        1075
         301    10.8926        9.16705        9.63971       -1.60493        119.951        35.6162       0.123147E+09    3.79965       0.379965        11.2100       0.121798E+09   0.134938E+07    0.00000        0.00000        50.6300       -12.4070       -100.588               1           1        1064
         302    10.2279        9.44742        10.7048       -107.930        116.977       -86.7977       0.111635E+09    3.69568       0.369568        11.5400       0.110491E+09   0.114424E+07    0.00000        0.00000       -177.442        83.7921        264.864               1           1        1044
         310    10.9171        8.88879        10.1812       -115.701        133.447       -109.002       0.112433E+09    3.77185       0.377186        11.7700       0.112154E+09    279079.        0.00000        0.00000        59.0364       -107.882        85.2057               1           1         615
